segment_id,resource_id,route_segment_id,origin,destination,route_start_time,route_end_time,load_start_time,load_end_time,resource_speed,evacuees,evacuated_location
1,Vessel 1,1,Safe Area 1 Terminal,Evac Area 1 Ferry Terminal,10.0,24.0,24.0,34.0,12.0,0,None
2,Vessel 1,2,Evac Area 1 Ferry Terminal,Safe Area 1 Terminal,34.0,48.0,48.0,58.0,12.0,37,Evac Area 1
1,Vessel 1,1,Safe Area 1 Terminal,Evac Area 1 Ferry Terminal,60.0,74.0,74.0,84.0,12.0,0,None
2,Vessel 1,2,Evac Area 1 Ferry Terminal,Safe Area 1 Terminal,84.0,98.0,98.0,108.0,12.0,457,Evac Area 1
1,Vessel 2,1,Safe Area 2 Harbor,Evac Area 2 Marina,10.0,22.0,22.0,25.0,25.0,0,None
2,Vessel 2,2,Evac Area 2 Marina,Safe Area 2 Harbor,25.0,37.0,37.0,40.0,25.0,8,Evac Area 2
1,Vessel 2,1,Safe Area 2 Harbor,Evac Area 2 Marina,40.0,52.0,52.0,55.0,25.0,0,None
2,Vessel 2,2,Evac Area 2 Marina,Safe Area 3 Marina,55.0,71.8,71.8,74.8,25.0,12,Evac Area 2
1,Vessel 2,1,Safe Area 3 Marina,Evac Area 3 Dock,74.8,85.6,85.6,88.6,25.0,0,None
2,Vessel 2,2,Evac Area 3 Dock,Safe Area 3 Marina,88.6,99.4,99.4,102.4,25.0,12,Evac Area 3
1,Vessel 3,1,Safe Area 3 Marina,Evac Area 3 Dock,60.0,70.8,70.8,73.8,25.0,0,None
2,Vessel 3,2,Evac Area 3 Dock,Safe Area 3 Marina,73.8,84.6,84.6,87.6,25.0,12,Evac Area 3
1,Vessel 3,1,Safe Area 3 Marina,Evac Area 4 Beach,87.6,105.6,105.6,108.6,25.0,0,None
2,Vessel 3,2,Evac Area 4 Beach,Safe Area 3 Marina,108.6,126.6,126.6,129.6,25.0,11,Evac Area 4
1,Vessel 4,1,Safe Area 1 Terminal,Evac Area 4 Dock,10.0,31.599999999999994,31.599999999999994,36.599999999999994,25.0,0,None
2,Vessel 4,2,Evac Area 4 Dock,Safe Area 3 Marina,36.599999999999994,54.6,54.6,59.6,25.0,38,Evac Area 4
1,Vessel 4,1,Safe Area 3 Marina,Evac Area 4 Dock,59.6,77.6,77.6,82.6,25.0,0,None
2,Vessel 4,2,Evac Area 4 Dock,Safe Area 3 Marina,82.6,100.6,100.6,105.6,25.0,38,Evac Area 4
1,Vessel 5,1,Safe Area 1 Terminal,Evac Area 3 Dock,30.0,46.66666666666667,46.66666666666667,56.66666666666667,18.0,0,None
2,Vessel 5,2,Evac Area 3 Dock,Safe Area 3 Marina,56.66666666666667,71.66666666666667,71.66666666666667,81.66666666666667,18.0,117,Evac Area 3
1,Vessel 5,1,Safe Area 3 Marina,Evac Area 2 Marina,81.66666666666667,105.0,105.0,115.0,18.0,0,None
2,Vessel 5,2,Evac Area 2 Marina,Safe Area 2 Harbor,115.0,131.66666666666669,131.66666666666669,141.66666666666669,18.0,28,Evac Area 2
1,Vessel 6,1,Safe Area 1 Terminal,Evac Area 4 Dock,30.0,51.6,51.6,54.6,25.0,0,None
2,Vessel 6,2,Evac Area 4 Dock,Safe Area 2 Harbor,54.6,72.83999999999999,72.83999999999999,75.83999999999999,25.0,12,Evac Area 4
1,Vessel 6,1,Safe Area 2 Harbor,Evac Area 4 Dock,75.83999999999999,94.07999999999998,94.07999999999998,97.07999999999998,25.0,0,None
2,Vessel 6,2,Evac Area 4 Dock,Safe Area 3 Marina,97.07999999999998,115.07999999999998,115.07999999999998,118.07999999999998,25.0,12,Evac Area 4
1,Vessel 1,1,Safe Area 1 Terminal,Evac Area 1 Ferry Terminal,108.0,122.0,122.0,132.0,12.0,0,None
2,Vessel 1,2,Evac Area 1 Ferry Terminal,Safe Area 1 Terminal,132.0,146.0,146.0,156.0,12.0,15,Evac Area 1
1,Vessel 2,1,Safe Area 3 Marina,Evac Area 4 Dock,105.0,123.0,123.0,126.0,25.0,0,None
2,Vessel 2,2,Evac Area 4 Dock,Safe Area 2 Harbor,126.0,144.24,144.24,147.24,25.0,12,Evac Area 4
3,Vessel 2,3,Safe Area 2 Harbor,Evac Area 2 Marina,147.24,159.24,159.24,162.24,25.0,0,None
4,Vessel 2,4,Evac Area 2 Marina,Safe Area 2 Harbor,162.24,174.24,174.24,177.24,25.0,9,Evac Area 2
5,Vessel 2,5,Safe Area 2 Harbor,Evac Area 2 Marina,177.24,189.24,189.24,192.24,25.0,0,None
6,Vessel 2,6,Evac Area 2 Marina,Safe Area 2 Harbor,192.24,204.24,204.24,207.24,25.0,12,Evac Area 2
7,Vessel 2,7,Safe Area 2 Harbor,Evac Area 2 Marina,207.24,219.24,219.24,222.24,25.0,0,None
8,Vessel 2,8,Evac Area 2 Marina,Safe Area 2 Harbor,222.24,234.24,234.24,237.24,25.0,12,Evac Area 2
1,Vessel 3,1,Safe Area 3 Marina,Evac Area 4 Beach,129.6,147.6,147.6,150.6,25.0,0,None
2,Vessel 3,2,Evac Area 4 Beach,Safe Area 3 Marina,150.6,168.6,168.6,171.6,25.0,12,Evac Area 4
3,Vessel 3,3,Safe Area 3 Marina,Evac Area 4 Beach,171.6,189.6,189.6,192.6,25.0,0,None
4,Vessel 3,4,Evac Area 4 Beach,Safe Area 3 Marina,192.6,210.6,210.6,213.6,25.0,12,Evac Area 4
5,Vessel 3,5,Safe Area 3 Marina,Evac Area 4 Dock,213.6,231.6,231.6,234.6,25.0,0,None
6,Vessel 3,6,Evac Area 4 Dock,Safe Area 3 Marina,234.6,252.6,252.6,255.6,25.0,12,Evac Area 4
7,Vessel 3,7,Safe Area 3 Marina,Evac Area 4 Beach,255.6,273.6,273.6,276.6,25.0,0,None
8,Vessel 3,8,Evac Area 4 Beach,Safe Area 3 Marina,276.6,294.6,294.6,297.6,25.0,12,Evac Area 4
1,Vessel 4,1,Safe Area 3 Marina,Evac Area 4 Dock,105.6,123.6,123.6,128.6,25.0,0,None
2,Vessel 4,2,Evac Area 4 Dock,Safe Area 3 Marina,128.6,146.6,146.6,151.6,25.0,38,Evac Area 4
3,Vessel 4,3,Safe Area 3 Marina,Evac Area 4 Dock,151.6,169.6,169.6,174.6,25.0,0,None
4,Vessel 4,4,Evac Area 4 Dock,Safe Area 3 Marina,174.6,192.6,192.6,197.6,25.0,38,Evac Area 4
5,Vessel 4,5,Safe Area 3 Marina,Evac Area 4 Dock,197.6,215.6,215.6,220.6,25.0,0,None
6,Vessel 4,6,Evac Area 4 Dock,Safe Area 3 Marina,220.6,238.6,238.6,243.6,25.0,38,Evac Area 4
7,Vessel 4,7,Safe Area 3 Marina,Evac Area 4 Dock,243.6,261.6,261.6,266.6,25.0,0,None
8,Vessel 4,8,Evac Area 4 Dock,Safe Area 3 Marina,266.6,284.6,284.6,289.6,25.0,38,Evac Area 4
9,Vessel 4,9,Safe Area 3 Marina,Evac Area 4 Dock,289.6,307.6,307.6,312.6,25.0,0,None
10,Vessel 4,10,Evac Area 4 Dock,Safe Area 3 Marina,312.6,330.6,330.6,335.6,25.0,38,Evac Area 4
1,Vessel 5,1,Safe Area 2 Harbor,Evac Area 4 Dock,141.66666666666669,167.0,167.0,177.0,18.0,0,None
2,Vessel 5,2,Evac Area 4 Dock,Safe Area 3 Marina,177.0,202.0,202.0,212.0,18.0,120,Evac Area 4
3,Vessel 5,3,Safe Area 3 Marina,Evac Area 4 Dock,212.0,237.0,237.0,247.0,18.0,0,None
4,Vessel 5,4,Evac Area 4 Dock,Safe Area 3 Marina,247.0,272.0,272.0,282.0,18.0,120,Evac Area 4
5,Vessel 5,5,Safe Area 3 Marina,Evac Area 4 Dock,282.0,307.0,307.0,317.0,18.0,0,None
6,Vessel 5,6,Evac Area 4 Dock,Safe Area 3 Marina,317.0,342.0,342.0,352.0,18.0,111,Evac Area 4
1,Vessel 6,1,Safe Area 3 Marina,Evac Area 4 Dock,118.07999999999998,136.07999999999998,136.07999999999998,139.07999999999998,25.0,0,None
2,Vessel 6,2,Evac Area 4 Dock,Safe Area 3 Marina,139.07999999999998,157.07999999999998,157.07999999999998,160.07999999999998,25.0,12,Evac Area 4
3,Vessel 6,3,Safe Area 3 Marina,Evac Area 4 Beach,160.07999999999998,178.07999999999998,178.07999999999998,181.07999999999998,25.0,0,None
4,Vessel 6,4,Evac Area 4 Beach,Safe Area 3 Marina,181.07999999999998,199.07999999999998,199.07999999999998,202.07999999999998,25.0,12,Evac Area 4
5,Vessel 6,5,Safe Area 3 Marina,Evac Area 4 Dock,202.07999999999998,220.07999999999998,220.07999999999998,223.07999999999998,25.0,0,None
6,Vessel 6,6,Evac Area 4 Dock,Safe Area 3 Marina,223.07999999999998,241.07999999999998,241.07999999999998,244.07999999999998,25.0,12,Evac Area 4
7,Vessel 6,7,Safe Area 3 Marina,Evac Area 4 Beach,244.07999999999998,262.08,262.08,265.08,25.0,0,None
8,Vessel 6,8,Evac Area 4 Beach,Safe Area 3 Marina,265.08,283.08,283.08,286.08,25.0,12,Evac Area 4
