segment_id,resource_id,route_segment_id,origin,destination,route_start_time,route_end_time,load_start_time,load_end_time,resource_speed,evacuees,evacuated_location
1,Vessel 1,1,Safe Area 1 Terminal,Evac Area 1 Ferry Terminal,10.0,24.0,24.0,34.0,12.0,0,None
2,Vessel 1,2,Evac Area 1 Ferry Terminal,Safe Area 1 Terminal,34.0,48.0,48.0,58.0,12.0,83,Evac Area 1
1,Vessel 2,1,Safe Area 2 Harbor,Evac Area 2 Marina,10.0,22.0,22.0,25.0,25.0,0,None
2,Vessel 2,2,Evac Area 2 Marina,Safe Area 2 Harbor,25.0,37.0,37.0,40.0,25.0,12,Evac Area 2
1,Vessel 2,1,Safe Area 2 Harbor,Evac Area 4 Beach,40.0,58.24000000000001,58.24000000000001,61.24000000000001,25.0,0,None
2,Vessel 2,2,Evac Area 4 Beach,Safe Area 3 Marina,61.24000000000001,79.24,79.24,82.24,25.0,12,Evac Area 4
1,Vessel 2,1,Safe Area 3 Marina,Evac Area 4 Beach,82.24,100.24,100.24,103.24,25.0,0,None
2,Vessel 2,2,Evac Area 4 Beach,Safe Area 2 Harbor,103.24,121.48,121.48,124.48,25.0,12,Evac Area 4
1,Vessel 2,1,Safe Area 2 Harbor,Evac Area 2 Marina,124.48,136.48000000000002,136.48000000000002,139.48000000000002,25.0,0,None
2,Vessel 2,2,Evac Area 2 Marina,Safe Area 2 Harbor,139.48000000000002,151.48000000000002,151.48000000000002,154.48000000000002,25.0,12,Evac Area 2
1,Vessel 3,1,Safe Area 3 Marina,Evac Area 3 Dock,60.0,70.8,70.8,73.8,25.0,0,None
2,Vessel 3,2,Evac Area 3 Dock,Safe Area 3 Marina,73.8,84.6,84.6,87.6,25.0,12,Evac Area 3
1,Vessel 3,1,Safe Area 3 Marina,Evac Area 4 Dock,87.6,105.6,105.6,108.6,25.0,0,None
2,Vessel 3,2,Evac Area 4 Dock,Safe Area 2 Harbor,108.6,126.84,126.84,129.83999999999995,25.0,12,Evac Area 4
1,Vessel 3,1,Safe Area 2 Harbor,Evac Area 2 Marina,129.83999999999995,141.83999999999995,141.83999999999995,144.83999999999995,25.0,0,None
2,Vessel 3,2,Evac Area 2 Marina,Safe Area 2 Harbor,144.83999999999995,156.83999999999995,156.83999999999995,159.83999999999995,25.0,12,Evac Area 2
1,Vessel 4,1,Safe Area 1 Terminal,Evac Area 3 Dock,10.0,22.0,22.0,27.0,25.0,0,None
2,Vessel 4,2,Evac Area 3 Dock,Safe Area 3 Marina,27.0,37.8,37.8,42.8,25.0,38,Evac Area 3
1,Vessel 4,1,Safe Area 3 Marina,Evac Area 3 Dock,42.8,53.599999999999994,53.599999999999994,58.599999999999994,25.0,0,None
2,Vessel 4,2,Evac Area 3 Dock,Safe Area 3 Marina,58.599999999999994,69.39999999999999,69.39999999999999,74.39999999999999,25.0,38,Evac Area 3
1,Vessel 4,1,Safe Area 3 Marina,Evac Area 2 Marina,74.39999999999999,91.2,91.2,96.2,25.0,0,None
2,Vessel 4,2,Evac Area 2 Marina,Safe Area 2 Harbor,96.2,108.2,108.2,113.2,25.0,38,Evac Area 2
1,Vessel 4,1,Safe Area 2 Harbor,Evac Area 2 Marina,113.2,125.2,125.2,130.2,25.0,0,None
2,Vessel 4,2,Evac Area 2 Marina,Safe Area 2 Harbor,130.2,142.2,142.2,147.2,25.0,32,Evac Area 2
1,Vessel 5,1,Safe Area 1 Terminal,Evac Area 3 Dock,30.0,46.66666666666667,46.66666666666667,56.66666666666667,18.0,0,None
2,Vessel 5,2,Evac Area 3 Dock,Safe Area 3 Marina,56.66666666666667,71.66666666666667,71.66666666666667,81.66666666666667,18.0,120,Evac Area 3
1,Vessel 5,1,Safe Area 3 Marina,Evac Area 2 Marina,81.66666666666667,105.0,105.0,115.0,18.0,0,None
2,Vessel 5,2,Evac Area 2 Marina,Safe Area 3 Marina,115.0,138.33333333333331,138.33333333333331,148.33333333333331,18.0,120,Evac Area 2
1,Vessel 6,1,Safe Area 1 Terminal,Evac Area 3 Dock,30.0,42.0,42.0,45.0,25.0,0,None
2,Vessel 6,2,Evac Area 3 Dock,Safe Area 3 Marina,45.0,55.8,55.8,58.8,25.0,12,Evac Area 3
1,Vessel 6,1,Safe Area 3 Marina,Evac Area 3 Dock,58.8,69.6,69.6,72.6,25.0,0,None
2,Vessel 6,2,Evac Area 3 Dock,Safe Area 3 Marina,72.6,83.39999999999999,83.39999999999999,86.39999999999999,25.0,12,Evac Area 3
1,Vessel 6,1,Safe Area 3 Marina,Evac Area 4 Dock,86.39999999999999,104.4,104.4,107.4,25.0,0,None
2,Vessel 6,2,Evac Area 4 Dock,Safe Area 2 Harbor,107.4,125.64,125.64,128.64,25.0,12,Evac Area 4
1,Vessel 6,1,Safe Area 2 Harbor,Evac Area 2 Marina,128.64,140.64,140.64,143.64,25.0,0,None
2,Vessel 6,2,Evac Area 2 Marina,Safe Area 2 Harbor,143.64,155.64,155.64,158.64,25.0,12,Evac Area 2
1,Vessel 2,1,Safe Area 2 Harbor,Evac Area 2 Marina,154.48000000000002,166.48000000000002,166.48000000000002,169.48000000000002,25.0,0,None
2,Vessel 2,2,Evac Area 2 Marina,Safe Area 2 Harbor,169.48000000000002,181.48000000000002,181.48000000000002,184.48000000000002,25.0,12,Evac Area 2
3,Vessel 2,3,Safe Area 2 Harbor,Evac Area 2 Marina,184.48000000000002,196.48000000000002,196.48000000000002,199.48000000000002,25.0,0,None
4,Vessel 2,4,Evac Area 2 Marina,Safe Area 2 Harbor,199.48000000000002,211.48000000000002,211.48000000000002,214.48000000000002,25.0,12,Evac Area 2
5,Vessel 2,5,Safe Area 2 Harbor,Evac Area 2 Marina,214.48000000000002,226.48000000000002,226.48000000000002,229.48000000000002,25.0,0,None
6,Vessel 2,6,Evac Area 2 Marina,Safe Area 2 Harbor,229.48000000000002,241.48000000000002,241.48000000000002,244.48000000000002,25.0,12,Evac Area 2
7,Vessel 2,7,Safe Area 2 Harbor,Evac Area 2 Marina,244.48000000000002,256.48,256.48,259.48,25.0,0,None
8,Vessel 2,8,Evac Area 2 Marina,Safe Area 2 Harbor,259.48,271.48,271.48,274.48,25.0,12,Evac Area 2
9,Vessel 2,9,Safe Area 2 Harbor,Evac Area 2 Marina,274.48,286.48,286.48,289.48,25.0,0,None
10,Vessel 2,10,Evac Area 2 Marina,Safe Area 2 Harbor,289.48,301.48,301.48,304.48,25.0,12,Evac Area 2
11,Vessel 2,11,Safe Area 2 Harbor,Evac Area 2 Marina,304.48,316.48,316.48,319.48,25.0,0,None
12,Vessel 2,12,Evac Area 2 Marina,Safe Area 2 Harbor,319.48,331.48,331.48,334.48,25.0,12,Evac Area 2
13,Vessel 2,13,Safe Area 2 Harbor,Evac Area 2 Marina,334.48,346.48,346.48,349.48,25.0,0,None
14,Vessel 2,14,Evac Area 2 Marina,Safe Area 2 Harbor,349.48,361.48,361.48,364.48,25.0,12,Evac Area 2
15,Vessel 2,15,Safe Area 2 Harbor,Evac Area 2 Marina,364.48,376.48,376.48,379.48,25.0,0,None
16,Vessel 2,16,Evac Area 2 Marina,Safe Area 2 Harbor,379.48,391.48,391.48,394.48,25.0,12,Evac Area 2
17,Vessel 2,17,Safe Area 2 Harbor,Evac Area 4 Beach,394.48,412.72,412.72,415.72,25.0,0,None
18,Vessel 2,18,Evac Area 4 Beach,Safe Area 3 Marina,415.72,433.72,433.72,436.72,25.0,12,Evac Area 4
19,Vessel 2,19,Safe Area 3 Marina,Evac Area 3 Dock,436.72,447.52000000000004,447.52000000000004,450.52000000000004,25.0,0,None
20,Vessel 2,20,Evac Area 3 Dock,Safe Area 3 Marina,450.52000000000004,461.32000000000005,461.32000000000005,464.32000000000005,25.0,12,Evac Area 3
21,Vessel 2,21,Safe Area 3 Marina,Evac Area 2 Marina,464.32000000000005,481.12000000000006,481.12000000000006,484.12000000000006,25.0,0,None
22,Vessel 2,22,Evac Area 2 Marina,Safe Area 2 Harbor,484.12000000000006,496.12000000000006,496.12000000000006,499.12000000000006,25.0,12,Evac Area 2
23,Vessel 2,23,Safe Area 2 Harbor,Evac Area 3 Dock,499.12000000000006,518.32,518.32,521.32,25.0,0,None
24,Vessel 2,24,Evac Area 3 Dock,Safe Area 1 Terminal,521.32,533.32,533.32,536.32,25.0,4,Evac Area 3
1,Vessel 3,1,Safe Area 2 Harbor,Evac Area 2 Marina,159.83999999999995,171.83999999999995,171.83999999999995,174.83999999999995,25.0,0,None
2,Vessel 3,2,Evac Area 2 Marina,Safe Area 1 Terminal,174.83999999999995,198.83999999999995,198.83999999999995,201.83999999999995,25.0,12,Evac Area 2
3,Vessel 3,3,Safe Area 1 Terminal,Evac Area 3 Dock,201.83999999999995,213.83999999999995,213.83999999999995,216.83999999999995,25.0,0,None
4,Vessel 3,4,Evac Area 3 Dock,Safe Area 3 Marina,216.83999999999995,227.63999999999993,227.63999999999993,230.63999999999993,25.0,12,Evac Area 3
5,Vessel 3,5,Safe Area 3 Marina,Evac Area 3 Dock,230.63999999999993,241.43999999999994,241.43999999999994,244.43999999999994,25.0,0,None
6,Vessel 3,6,Evac Area 3 Dock,Safe Area 3 Marina,244.43999999999994,255.23999999999995,255.23999999999995,258.23999999999995,25.0,12,Evac Area 3
7,Vessel 3,7,Safe Area 3 Marina,Evac Area 2 Marina,258.23999999999995,275.03999999999996,275.03999999999996,278.03999999999996,25.0,0,None
8,Vessel 3,8,Evac Area 2 Marina,Safe Area 2 Harbor,278.03999999999996,290.03999999999996,290.03999999999996,293.03999999999996,25.0,12,Evac Area 2
9,Vessel 3,9,Safe Area 2 Harbor,Evac Area 2 Marina,293.03999999999996,305.03999999999996,305.03999999999996,308.03999999999996,25.0,0,None
10,Vessel 3,10,Evac Area 2 Marina,Safe Area 2 Harbor,308.03999999999996,320.03999999999996,320.03999999999996,323.03999999999996,25.0,12,Evac Area 2
11,Vessel 3,11,Safe Area 2 Harbor,Evac Area 2 Marina,323.03999999999996,335.03999999999996,335.03999999999996,338.03999999999996,25.0,0,None
12,Vessel 3,12,Evac Area 2 Marina,Safe Area 2 Harbor,338.03999999999996,350.03999999999996,350.03999999999996,353.03999999999996,25.0,12,Evac Area 2
13,Vessel 3,13,Safe Area 2 Harbor,Evac Area 2 Marina,353.03999999999996,365.03999999999996,365.03999999999996,368.03999999999996,25.0,0,None
14,Vessel 3,14,Evac Area 2 Marina,Safe Area 2 Harbor,368.03999999999996,380.03999999999996,380.03999999999996,383.03999999999996,25.0,12,Evac Area 2
15,Vessel 3,15,Safe Area 2 Harbor,Evac Area 4 Beach,383.03999999999996,401.2799999999999,401.2799999999999,404.2799999999999,25.0,0,None
16,Vessel 3,16,Evac Area 4 Beach,Safe Area 3 Marina,404.2799999999999,422.2799999999999,422.2799999999999,425.2799999999999,25.0,12,Evac Area 4
17,Vessel 3,17,Safe Area 3 Marina,Evac Area 3 Dock,425.2799999999999,436.0799999999999,436.0799999999999,439.0799999999999,25.0,0,None
18,Vessel 3,18,Evac Area 3 Dock,Safe Area 3 Marina,439.0799999999999,449.87999999999994,449.87999999999994,452.87999999999994,25.0,12,Evac Area 3
19,Vessel 3,19,Safe Area 3 Marina,Evac Area 2 Marina,452.87999999999994,469.67999999999995,469.67999999999995,472.67999999999995,25.0,0,None
20,Vessel 3,20,Evac Area 2 Marina,Safe Area 2 Harbor,472.67999999999995,484.67999999999995,484.67999999999995,487.67999999999995,25.0,12,Evac Area 2
21,Vessel 3,21,Safe Area 2 Harbor,Evac Area 2 Marina,487.67999999999995,499.67999999999995,499.67999999999995,502.67999999999995,25.0,0,None
22,Vessel 3,22,Evac Area 2 Marina,Safe Area 2 Harbor,502.67999999999995,514.68,514.68,517.68,25.0,12,Evac Area 2
23,Vessel 3,23,Safe Area 2 Harbor,Evac Area 2 Marina,517.68,529.68,529.68,532.68,25.0,0,None
24,Vessel 3,24,Evac Area 2 Marina,Safe Area 2 Harbor,532.68,544.68,544.68,547.68,25.0,1,Evac Area 2
1,Vessel 4,1,Safe Area 2 Harbor,Evac Area 2 Marina,147.2,159.2,159.2,164.2,25.0,0,None
2,Vessel 4,2,Evac Area 2 Marina,Safe Area 2 Harbor,164.2,176.2,176.2,181.2,25.0,38,Evac Area 2
3,Vessel 4,3,Safe Area 2 Harbor,Evac Area 2 Marina,181.2,193.2,193.2,198.2,25.0,0,None
4,Vessel 4,4,Evac Area 2 Marina,Safe Area 2 Harbor,198.2,210.2,210.2,215.2,25.0,38,Evac Area 2
5,Vessel 4,5,Safe Area 2 Harbor,Evac Area 4 Dock,215.2,233.44,233.44,238.44,25.0,0,None
6,Vessel 4,6,Evac Area 4 Dock,Safe Area 3 Marina,238.44,256.44,256.44,261.44,25.0,33,Evac Area 4
7,Vessel 4,7,Safe Area 3 Marina,Evac Area 3 Dock,261.44,272.24,272.24,277.24,25.0,0,None
8,Vessel 4,8,Evac Area 3 Dock,Safe Area 3 Marina,277.24,288.03999999999996,288.03999999999996,293.03999999999996,25.0,38,Evac Area 3
9,Vessel 4,9,Safe Area 3 Marina,Evac Area 3 Dock,293.03999999999996,303.84000000000003,303.84000000000003,308.84000000000003,25.0,0,None
10,Vessel 4,10,Evac Area 3 Dock,Safe Area 3 Marina,308.84000000000003,319.64,319.64,324.64,25.0,38,Evac Area 3
11,Vessel 4,11,Safe Area 3 Marina,Evac Area 3 Dock,324.64,335.44000000000005,335.44000000000005,340.44000000000005,25.0,0,None
12,Vessel 4,12,Evac Area 3 Dock,Safe Area 3 Marina,340.44000000000005,351.24,351.24,356.24,25.0,38,Evac Area 3
13,Vessel 4,13,Safe Area 3 Marina,Evac Area 1 Marina,356.24,363.44000000000005,363.44000000000005,368.44000000000005,25.0,0,None
14,Vessel 4,14,Evac Area 1 Marina,Safe Area 1 Terminal,368.44000000000005,375.16,375.16,380.16,25.0,0,Evac Area 1
15,Vessel 4,15,Safe Area 1 Terminal,Evac Area 1 Marina,380.16,386.88,386.88,391.88,25.0,0,None
16,Vessel 4,16,Evac Area 1 Marina,Safe Area 3 Marina,391.88,399.08,399.08,404.08,25.0,0,Evac Area 1
17,Vessel 4,17,Safe Area 3 Marina,Evac Area 3 Dock,404.08,414.88,414.88,419.88,25.0,0,None
18,Vessel 4,18,Evac Area 3 Dock,Safe Area 3 Marina,419.88,430.68,430.68,435.68,25.0,38,Evac Area 3
19,Vessel 4,19,Safe Area 3 Marina,Evac Area 4 Dock,435.68,453.68,453.68,458.68,25.0,0,None
20,Vessel 4,20,Evac Area 4 Dock,Safe Area 3 Marina,458.68,476.68,476.68,481.68,25.0,38,Evac Area 4
21,Vessel 4,21,Safe Area 3 Marina,Evac Area 3 Dock,481.68,492.48,492.48,497.48,25.0,0,None
22,Vessel 4,22,Evac Area 3 Dock,Safe Area 3 Marina,497.48,508.28000000000003,508.28000000000003,513.28,25.0,38,Evac Area 3
23,Vessel 4,23,Safe Area 3 Marina,Evac Area 3 Dock,513.28,524.08,524.08,529.08,25.0,0,None
24,Vessel 4,24,Evac Area 3 Dock,Safe Area 3 Marina,529.08,539.8800000000001,539.8800000000001,544.8800000000001,25.0,38,Evac Area 3
1,Vessel 5,1,Safe Area 3 Marina,Evac Area 4 Dock,148.33333333333331,173.33333333333331,173.33333333333331,183.33333333333331,18.0,0,None
2,Vessel 5,2,Evac Area 4 Dock,Safe Area 3 Marina,183.33333333333331,208.33333333333331,208.33333333333331,218.33333333333331,18.0,120,Evac Area 4
3,Vessel 5,3,Safe Area 3 Marina,Evac Area 4 Dock,218.33333333333331,243.33333333333331,243.33333333333331,253.33333333333331,18.0,0,None
4,Vessel 5,4,Evac Area 4 Dock,Safe Area 3 Marina,253.33333333333331,278.3333333333333,278.3333333333333,288.3333333333333,18.0,120,Evac Area 4
5,Vessel 5,5,Safe Area 3 Marina,Evac Area 4 Dock,288.3333333333333,313.3333333333333,313.3333333333333,323.3333333333333,18.0,0,None
6,Vessel 5,6,Evac Area 4 Dock,Safe Area 3 Marina,323.3333333333333,348.3333333333333,348.3333333333333,358.3333333333333,18.0,120,Evac Area 4
7,Vessel 5,7,Safe Area 3 Marina,Evac Area 4 Dock,358.3333333333333,383.3333333333333,383.3333333333333,393.3333333333333,18.0,0,None
8,Vessel 5,8,Evac Area 4 Dock,Safe Area 3 Marina,393.3333333333333,418.3333333333333,418.3333333333333,428.3333333333333,18.0,120,Evac Area 4
9,Vessel 5,9,Safe Area 3 Marina,Evac Area 4 Dock,428.3333333333333,453.3333333333333,453.3333333333333,463.3333333333333,18.0,0,None
10,Vessel 5,10,Evac Area 4 Dock,Safe Area 3 Marina,463.3333333333333,488.3333333333333,488.3333333333333,498.3333333333333,18.0,120,Evac Area 4
11,Vessel 5,11,Safe Area 3 Marina,Evac Area 3 Dock,498.3333333333333,513.3333333333333,513.3333333333333,523.3333333333333,18.0,0,None
12,Vessel 5,12,Evac Area 3 Dock,Safe Area 3 Marina,523.3333333333333,538.3333333333333,538.3333333333333,548.3333333333333,18.0,120,Evac Area 3
1,Vessel 6,1,Safe Area 2 Harbor,Evac Area 3 Dock,158.64,177.83999999999997,177.83999999999997,180.83999999999997,25.0,0,None
2,Vessel 6,2,Evac Area 3 Dock,Safe Area 3 Marina,180.83999999999997,191.64,191.64,194.64,25.0,12,Evac Area 3
3,Vessel 6,3,Safe Area 3 Marina,Evac Area 2 Marina,194.64,211.44,211.44,214.44,25.0,0,None
4,Vessel 6,4,Evac Area 2 Marina,Safe Area 3 Marina,214.44,231.23999999999998,231.23999999999998,234.23999999999998,25.0,12,Evac Area 2
5,Vessel 6,5,Safe Area 3 Marina,Evac Area 3 Dock,234.23999999999998,245.03999999999996,245.03999999999996,248.03999999999996,25.0,0,None
6,Vessel 6,6,Evac Area 3 Dock,Safe Area 2 Harbor,248.03999999999996,267.24,267.24,270.24,25.0,12,Evac Area 3
7,Vessel 6,7,Safe Area 2 Harbor,Evac Area 2 Marina,270.24,282.24,282.24,285.24,25.0,0,None
8,Vessel 6,8,Evac Area 2 Marina,Safe Area 2 Harbor,285.24,297.24,297.24,300.24,25.0,12,Evac Area 2
9,Vessel 6,9,Safe Area 2 Harbor,Evac Area 3 Dock,300.24,319.43999999999994,319.43999999999994,322.43999999999994,25.0,0,None
10,Vessel 6,10,Evac Area 3 Dock,Safe Area 2 Harbor,322.43999999999994,341.64,341.64,344.64,25.0,12,Evac Area 3
11,Vessel 6,11,Safe Area 2 Harbor,Evac Area 2 Marina,344.64,356.64,356.64,359.64,25.0,0,None
12,Vessel 6,12,Evac Area 2 Marina,Safe Area 2 Harbor,359.64,371.64,371.64,374.64,25.0,12,Evac Area 2
13,Vessel 6,13,Safe Area 2 Harbor,Evac Area 2 Marina,374.64,386.64,386.64,389.64,25.0,0,None
14,Vessel 6,14,Evac Area 2 Marina,Safe Area 2 Harbor,389.64,401.64,401.64,404.64,25.0,12,Evac Area 2
15,Vessel 6,15,Safe Area 2 Harbor,Evac Area 4 Beach,404.64,422.88,422.88,425.88,25.0,0,None
16,Vessel 6,16,Evac Area 4 Beach,Safe Area 3 Marina,425.88,443.88,443.88,446.88,25.0,12,Evac Area 4
17,Vessel 6,17,Safe Area 3 Marina,Evac Area 3 Dock,446.88,457.68,457.68,460.68,25.0,0,None
18,Vessel 6,18,Evac Area 3 Dock,Safe Area 3 Marina,460.68,471.48,471.48,474.48,25.0,12,Evac Area 3
19,Vessel 6,19,Safe Area 3 Marina,Evac Area 3 Dock,474.48,485.28000000000003,485.28000000000003,488.28000000000003,25.0,0,None
20,Vessel 6,20,Evac Area 3 Dock,Safe Area 3 Marina,488.28000000000003,499.08000000000004,499.08000000000004,502.08000000000004,25.0,12,Evac Area 3
21,Vessel 6,21,Safe Area 3 Marina,Evac Area 2 Marina,502.08000000000004,518.8800000000001,518.8800000000001,521.8800000000001,25.0,0,None
22,Vessel 6,22,Evac Area 2 Marina,Safe Area 3 Marina,521.8800000000001,538.6800000000001,538.6800000000001,541.6800000000001,25.0,12,Evac Area 2
