segment_id,resource_id,route_segment_id,origin,destination,route_start_time,route_end_time,load_start_time,load_end_time,resource_speed,evacuees,evacuated_location
1,Vessel 1,1,Safe Area 1 Terminal,Evac Area 1 Ferry Terminal,10.0,24.0,24.0,34.0,12.0,0,None
2,Vessel 1,2,Evac Area 1 Ferry Terminal,Safe Area 1 Terminal,34.0,48.0,48.0,58.0,12.0,69,Evac Area 1
1,Vessel 2,1,Safe Area 2 Harbor,Evac Area 2 Marina,10.0,22.0,22.0,25.0,25.0,0,None
2,Vessel 2,2,Evac Area 2 Marina,Safe Area 2 Harbor,25.0,37.0,37.0,40.0,25.0,12,Evac Area 2
3,Vessel 2,3,Safe Area 2 Harbor,Evac Area 2 Marina,40.0,52.0,52.0,55.0,25.0,0,None
4,Vessel 2,4,Evac Area 2 Marina,Safe Area 2 Harbor,55.0,67.0,67.0,70.0,25.0,12,Evac Area 2
5,Vessel 2,5,Safe Area 2 Harbor,Evac Area 2 Marina,70.0,82.0,82.0,85.0,25.0,0,None
6,Vessel 2,6,Evac Area 2 Marina,Safe Area 2 Harbor,85.0,97.0,97.0,100.0,25.0,12,Evac Area 2
7,Vessel 2,7,Safe Area 2 Harbor,Evac Area 2 Marina,100.0,112.0,112.0,115.0,25.0,0,None
8,Vessel 2,8,Evac Area 2 Marina,Safe Area 2 Harbor,115.0,127.0,127.0,130.0,25.0,12,Evac Area 2
9,Vessel 2,9,Safe Area 2 Harbor,Evac Area 2 Marina,130.0,142.0,142.0,145.0,25.0,0,None
10,Vessel 2,10,Evac Area 2 Marina,Safe Area 2 Harbor,145.0,157.0,157.0,160.0,25.0,12,Evac Area 2
11,Vessel 2,11,Safe Area 2 Harbor,Evac Area 2 Marina,160.0,172.0,172.0,175.0,25.0,0,None
12,Vessel 2,12,Evac Area 2 Marina,Safe Area 2 Harbor,175.0,187.0,187.0,190.0,25.0,12,Evac Area 2
13,Vessel 2,13,Safe Area 2 Harbor,Evac Area 2 Marina,190.0,202.0,202.0,205.0,25.0,0,None
14,Vessel 2,14,Evac Area 2 Marina,Safe Area 2 Harbor,205.0,217.0,217.0,220.0,25.0,12,Evac Area 2
15,Vessel 2,15,Safe Area 2 Harbor,Evac Area 2 Marina,220.0,232.0,232.0,235.0,25.0,0,None
16,Vessel 2,16,Evac Area 2 Marina,Safe Area 2 Harbor,235.0,247.0,247.0,250.0,25.0,12,Evac Area 2
17,Vessel 2,17,Safe Area 2 Harbor,Evac Area 2 Marina,250.0,262.0,262.0,265.0,25.0,0,None
18,Vessel 2,18,Evac Area 2 Marina,Safe Area 2 Harbor,265.0,277.0,277.0,280.0,25.0,12,Evac Area 2
19,Vessel 2,19,Safe Area 2 Harbor,Evac Area 2 Marina,280.0,292.0,292.0,295.0,25.0,0,None
20,Vessel 2,20,Evac Area 2 Marina,Safe Area 2 Harbor,295.0,307.0,307.0,310.0,25.0,12,Evac Area 2
21,Vessel 2,21,Safe Area 2 Harbor,Evac Area 2 Marina,310.0,322.0,322.0,325.0,25.0,0,None
22,Vessel 2,22,Evac Area 2 Marina,Safe Area 2 Harbor,325.0,337.0,337.0,340.0,25.0,12,Evac Area 2
23,Vessel 2,23,Safe Area 2 Harbor,Evac Area 2 Marina,340.0,352.0,352.0,355.0,25.0,0,None
24,Vessel 2,24,Evac Area 2 Marina,Safe Area 2 Harbor,355.0,367.0,367.0,370.0,25.0,12,Evac Area 2
25,Vessel 2,25,Safe Area 2 Harbor,Evac Area 2 Marina,370.0,382.0,382.0,385.0,25.0,0,None
26,Vessel 2,26,Evac Area 2 Marina,Safe Area 2 Harbor,385.0,397.0,397.0,400.0,25.0,12,Evac Area 2
27,Vessel 2,27,Safe Area 2 Harbor,Evac Area 2 Marina,400.0,412.0,412.0,415.0,25.0,0,None
28,Vessel 2,28,Evac Area 2 Marina,Safe Area 2 Harbor,415.0,427.0,427.0,430.0,25.0,12,Evac Area 2
29,Vessel 2,29,Safe Area 2 Harbor,Evac Area 2 Marina,430.0,442.0,442.0,445.0,25.0,0,None
30,Vessel 2,30,Evac Area 2 Marina,Safe Area 2 Harbor,445.0,457.0,457.0,460.0,25.0,12,Evac Area 2
31,Vessel 2,31,Safe Area 2 Harbor,Evac Area 2 Marina,460.0,472.0,472.0,475.0,25.0,0,None
32,Vessel 2,32,Evac Area 2 Marina,Safe Area 2 Harbor,475.0,487.0,487.0,490.0,25.0,12,Evac Area 2
33,Vessel 2,33,Safe Area 2 Harbor,Evac Area 2 Marina,490.0,502.0,502.0,505.0,25.0,0,None
34,Vessel 2,34,Evac Area 2 Marina,Safe Area 2 Harbor,505.0,517.0,517.0,520.0,25.0,12,Evac Area 2
35,Vessel 2,35,Safe Area 2 Harbor,Evac Area 2 Marina,520.0,532.0,532.0,535.0,25.0,0,None
36,Vessel 2,36,Evac Area 2 Marina,Safe Area 2 Harbor,535.0,547.0,547.0,550.0,25.0,12,Evac Area 2
37,Vessel 2,37,Safe Area 2 Harbor,Evac Area 2 Marina,550.0,562.0,562.0,565.0,25.0,0,None
38,Vessel 2,38,Evac Area 2 Marina,Safe Area 2 Harbor,565.0,577.0,577.0,580.0,25.0,12,Evac Area 2
39,Vessel 2,39,Safe Area 2 Harbor,Evac Area 2 Marina,580.0,592.0,592.0,595.0,25.0,0,None
40,Vessel 2,40,Evac Area 2 Marina,Safe Area 2 Harbor,595.0,607.0,607.0,610.0,25.0,12,Evac Area 2
1,Vessel 3,1,Safe Area 3 Marina,Evac Area 3 Dock,60.0,70.8,70.8,73.8,25.0,0,None
2,Vessel 3,2,Evac Area 3 Dock,Safe Area 3 Marina,73.8,84.6,84.6,87.6,25.0,12,Evac Area 3
3,Vessel 3,3,Safe Area 3 Marina,Evac Area 4 Beach,87.6,105.6,105.6,108.6,25.0,0,None
4,Vessel 3,4,Evac Area 4 Beach,Safe Area 3 Marina,108.6,126.6,126.6,129.6,25.0,12,Evac Area 4
5,Vessel 3,5,Safe Area 3 Marina,Evac Area 3 Dock,129.6,140.4,140.4,143.4,25.0,0,None
6,Vessel 3,6,Evac Area 3 Dock,Safe Area 1 Terminal,143.4,155.4,155.4,158.4,25.0,12,Evac Area 3
7,Vessel 3,7,Safe Area 1 Terminal,Evac Area 4 Beach,158.4,180.0,180.0,183.0,25.0,0,None
8,Vessel 3,8,Evac Area 4 Beach,Safe Area 3 Marina,183.0,201.0,201.0,204.0,25.0,12,Evac Area 4
9,Vessel 3,9,Safe Area 3 Marina,Evac Area 3 Dock,204.0,214.8,214.8,217.8,25.0,0,None
10,Vessel 3,10,Evac Area 3 Dock,Safe Area 1 Terminal,217.8,229.8,229.8,232.8,25.0,12,Evac Area 3
11,Vessel 3,11,Safe Area 1 Terminal,Evac Area 3 Dock,232.8,244.8,244.8,247.8,25.0,0,None
12,Vessel 3,12,Evac Area 3 Dock,Safe Area 1 Terminal,247.8,259.8,259.8,262.8,25.0,12,Evac Area 3
13,Vessel 3,13,Safe Area 1 Terminal,Evac Area 3 Dock,262.8,274.8,274.8,277.8,25.0,0,None
14,Vessel 3,14,Evac Area 3 Dock,Safe Area 1 Terminal,277.8,289.8,289.8,292.8,25.0,12,Evac Area 3
15,Vessel 3,15,Safe Area 1 Terminal,Evac Area 4 Dock,292.8,314.40000000000003,314.40000000000003,317.40000000000003,25.0,0,None
16,Vessel 3,16,Evac Area 4 Dock,Safe Area 2 Harbor,317.40000000000003,335.64000000000004,335.64000000000004,338.64000000000004,25.0,12,Evac Area 4
17,Vessel 3,17,Safe Area 2 Harbor,Evac Area 2 Marina,338.64000000000004,350.64000000000004,350.64000000000004,353.64000000000004,25.0,0,None
18,Vessel 3,18,Evac Area 2 Marina,Safe Area 2 Harbor,353.64000000000004,365.64000000000004,365.64000000000004,368.64000000000004,25.0,12,Evac Area 2
19,Vessel 3,19,Safe Area 2 Harbor,Evac Area 2 Marina,368.64000000000004,380.64000000000004,380.64000000000004,383.64000000000004,25.0,0,None
20,Vessel 3,20,Evac Area 2 Marina,Safe Area 2 Harbor,383.64000000000004,395.64000000000004,395.64000000000004,398.64000000000004,25.0,12,Evac Area 2
21,Vessel 3,21,Safe Area 2 Harbor,Evac Area 2 Marina,398.64000000000004,410.64000000000004,410.64000000000004,413.64000000000004,25.0,0,None
22,Vessel 3,22,Evac Area 2 Marina,Safe Area 2 Harbor,413.64000000000004,425.64000000000004,425.64000000000004,428.64000000000004,25.0,12,Evac Area 2
23,Vessel 3,23,Safe Area 2 Harbor,Evac Area 2 Marina,428.64000000000004,440.64000000000004,440.64000000000004,443.64000000000004,25.0,0,None
24,Vessel 3,24,Evac Area 2 Marina,Safe Area 2 Harbor,443.64000000000004,455.64000000000004,455.64000000000004,458.64000000000004,25.0,12,Evac Area 2
25,Vessel 3,25,Safe Area 2 Harbor,Evac Area 2 Marina,458.64000000000004,470.64000000000004,470.64000000000004,473.64000000000004,25.0,0,None
26,Vessel 3,26,Evac Area 2 Marina,Safe Area 2 Harbor,473.64000000000004,485.64000000000004,485.64000000000004,488.64000000000004,25.0,12,Evac Area 2
27,Vessel 3,27,Safe Area 2 Harbor,Evac Area 2 Marina,488.64000000000004,500.64000000000004,500.64000000000004,503.64000000000004,25.0,0,None
28,Vessel 3,28,Evac Area 2 Marina,Safe Area 2 Harbor,503.64000000000004,515.6400000000001,515.6400000000001,518.6400000000001,25.0,12,Evac Area 2
29,Vessel 3,29,Safe Area 2 Harbor,Evac Area 2 Marina,518.6400000000001,530.6400000000001,530.6400000000001,533.6400000000001,25.0,0,None
30,Vessel 3,30,Evac Area 2 Marina,Safe Area 2 Harbor,533.6400000000001,545.6400000000001,545.6400000000001,548.6400000000001,25.0,12,Evac Area 2
31,Vessel 3,31,Safe Area 2 Harbor,Evac Area 2 Marina,548.6400000000001,560.6400000000001,560.6400000000001,563.6400000000001,25.0,0,None
32,Vessel 3,32,Evac Area 2 Marina,Safe Area 2 Harbor,563.6400000000001,575.6400000000001,575.6400000000001,578.6400000000001,25.0,12,Evac Area 2
33,Vessel 3,33,Safe Area 2 Harbor,Evac Area 2 Marina,578.6400000000001,590.6400000000001,590.6400000000001,593.6400000000001,25.0,0,None
34,Vessel 3,34,Evac Area 2 Marina,Safe Area 2 Harbor,593.6400000000001,605.6400000000001,605.6400000000001,608.6400000000001,25.0,12,Evac Area 2
1,Vessel 4,1,Safe Area 1 Terminal,Evac Area 3 Dock,10.0,22.0,22.0,27.0,25.0,0,None
2,Vessel 4,2,Evac Area 3 Dock,Safe Area 3 Marina,27.0,37.8,37.8,42.8,25.0,36,Evac Area 3
3,Vessel 4,3,Safe Area 3 Marina,Evac Area 3 Dock,42.8,53.599999999999994,53.599999999999994,58.599999999999994,25.0,0,None
4,Vessel 4,4,Evac Area 3 Dock,Safe Area 3 Marina,58.599999999999994,69.39999999999999,69.39999999999999,74.39999999999999,25.0,38,Evac Area 3
5,Vessel 4,5,Safe Area 3 Marina,Evac Area 3 Dock,74.39999999999999,85.19999999999999,85.19999999999999,90.19999999999999,25.0,0,None
6,Vessel 4,6,Evac Area 3 Dock,Safe Area 3 Marina,90.19999999999999,100.99999999999999,100.99999999999999,105.99999999999999,25.0,38,Evac Area 3
7,Vessel 4,7,Safe Area 3 Marina,Evac Area 3 Dock,105.99999999999999,116.79999999999998,116.79999999999998,121.79999999999998,25.0,0,None
8,Vessel 4,8,Evac Area 3 Dock,Safe Area 3 Marina,121.79999999999998,132.6,132.6,137.6,25.0,38,Evac Area 3
9,Vessel 4,9,Safe Area 3 Marina,Evac Area 3 Dock,137.6,148.4,148.4,153.4,25.0,0,None
10,Vessel 4,10,Evac Area 3 Dock,Safe Area 3 Marina,153.4,164.20000000000002,164.20000000000002,169.20000000000002,25.0,38,Evac Area 3
11,Vessel 4,11,Safe Area 3 Marina,Evac Area 3 Dock,169.20000000000002,180.00000000000003,180.00000000000003,185.00000000000003,25.0,0,None
12,Vessel 4,12,Evac Area 3 Dock,Safe Area 3 Marina,185.00000000000003,195.80000000000004,195.80000000000004,200.80000000000004,25.0,38,Evac Area 3
13,Vessel 4,13,Safe Area 3 Marina,Evac Area 3 Dock,200.80000000000004,211.60000000000005,211.60000000000005,216.60000000000005,25.0,0,None
14,Vessel 4,14,Evac Area 3 Dock,Safe Area 3 Marina,216.60000000000005,227.40000000000006,227.40000000000006,232.40000000000006,25.0,38,Evac Area 3
15,Vessel 4,15,Safe Area 3 Marina,Evac Area 3 Dock,232.40000000000006,243.20000000000007,243.20000000000007,248.20000000000007,25.0,0,None
16,Vessel 4,16,Evac Area 3 Dock,Safe Area 3 Marina,248.20000000000007,259.00000000000006,259.00000000000006,264.00000000000006,25.0,38,Evac Area 3
17,Vessel 4,17,Safe Area 3 Marina,Evac Area 3 Dock,264.00000000000006,274.80000000000007,274.80000000000007,279.80000000000007,25.0,0,None
18,Vessel 4,18,Evac Area 3 Dock,Safe Area 3 Marina,279.80000000000007,290.6000000000001,290.6000000000001,295.6000000000001,25.0,38,Evac Area 3
19,Vessel 4,19,Safe Area 3 Marina,Evac Area 3 Dock,295.6000000000001,306.4000000000001,306.4000000000001,311.4000000000001,25.0,0,None
20,Vessel 4,20,Evac Area 3 Dock,Safe Area 3 Marina,311.4000000000001,322.2000000000001,322.2000000000001,327.2000000000001,25.0,38,Evac Area 3
21,Vessel 4,21,Safe Area 3 Marina,Evac Area 3 Dock,327.2000000000001,338.0000000000001,338.0000000000001,343.0000000000001,25.0,0,None
22,Vessel 4,22,Evac Area 3 Dock,Safe Area 3 Marina,343.0000000000001,353.8000000000001,353.8000000000001,358.8000000000001,25.0,38,Evac Area 3
23,Vessel 4,23,Safe Area 3 Marina,Evac Area 3 Dock,358.8000000000001,369.60000000000014,369.60000000000014,374.60000000000014,25.0,0,None
24,Vessel 4,24,Evac Area 3 Dock,Safe Area 3 Marina,374.60000000000014,385.40000000000015,385.40000000000015,390.40000000000015,25.0,38,Evac Area 3
25,Vessel 4,25,Safe Area 3 Marina,Evac Area 3 Dock,390.40000000000015,401.20000000000016,401.20000000000016,406.20000000000016,25.0,0,None
26,Vessel 4,26,Evac Area 3 Dock,Safe Area 3 Marina,406.20000000000016,417.00000000000017,417.00000000000017,422.00000000000017,25.0,38,Evac Area 3
27,Vessel 4,27,Safe Area 3 Marina,Evac Area 3 Dock,422.00000000000017,432.8000000000002,432.8000000000002,437.8000000000002,25.0,0,None
28,Vessel 4,28,Evac Area 3 Dock,Safe Area 3 Marina,437.8000000000002,448.6000000000002,448.6000000000002,453.6000000000002,25.0,38,Evac Area 3
29,Vessel 4,29,Safe Area 3 Marina,Evac Area 3 Dock,453.6000000000002,464.4000000000002,464.4000000000002,469.4000000000002,25.0,0,None
30,Vessel 4,30,Evac Area 3 Dock,Safe Area 3 Marina,469.4000000000002,480.2000000000002,480.2000000000002,485.2000000000002,25.0,38,Evac Area 3
31,Vessel 4,31,Safe Area 3 Marina,Evac Area 4 Dock,485.2000000000002,503.2000000000002,503.2000000000002,508.2000000000002,25.0,0,None
32,Vessel 4,32,Evac Area 4 Dock,Safe Area 2 Harbor,508.2000000000002,526.4400000000002,526.4400000000002,531.4400000000002,25.0,37,Evac Area 4
33,Vessel 4,33,Safe Area 2 Harbor,Evac Area 4 Dock,531.4400000000002,549.6800000000002,549.6800000000002,554.6800000000002,25.0,0,None
34,Vessel 4,34,Evac Area 4 Dock,Safe Area 2 Harbor,554.6800000000002,572.9200000000002,572.9200000000002,577.9200000000002,25.0,38,Evac Area 4
35,Vessel 4,35,Safe Area 2 Harbor,Evac Area 2 Marina,577.9200000000002,589.9200000000002,589.9200000000002,594.9200000000002,25.0,0,None
36,Vessel 4,36,Evac Area 2 Marina,Safe Area 2 Harbor,594.9200000000002,606.9200000000002,606.9200000000002,611.9200000000002,25.0,38,Evac Area 2
1,Vessel 5,1,Safe Area 1 Terminal,Evac Area 3 Dock,30.0,46.66666666666667,46.66666666666667,56.66666666666667,18.0,0,None
2,Vessel 5,2,Evac Area 3 Dock,Safe Area 3 Marina,56.66666666666667,71.66666666666667,71.66666666666667,81.66666666666667,18.0,120,Evac Area 3
3,Vessel 5,3,Safe Area 3 Marina,Evac Area 3 Dock,81.66666666666667,96.66666666666667,96.66666666666667,106.66666666666667,18.0,0,None
4,Vessel 5,4,Evac Area 3 Dock,Safe Area 3 Marina,106.66666666666667,121.66666666666667,121.66666666666667,131.66666666666669,18.0,120,Evac Area 3
5,Vessel 5,5,Safe Area 3 Marina,Evac Area 4 Dock,131.66666666666669,156.66666666666669,156.66666666666669,166.66666666666669,18.0,0,None
6,Vessel 5,6,Evac Area 4 Dock,Safe Area 3 Marina,166.66666666666669,191.66666666666669,191.66666666666669,201.66666666666669,18.0,120,Evac Area 4
7,Vessel 5,7,Safe Area 3 Marina,Evac Area 4 Dock,201.66666666666669,226.66666666666669,226.66666666666669,236.66666666666669,18.0,0,None
8,Vessel 5,8,Evac Area 4 Dock,Safe Area 3 Marina,236.66666666666669,261.6666666666667,261.6666666666667,271.6666666666667,18.0,120,Evac Area 4
9,Vessel 5,9,Safe Area 3 Marina,Evac Area 4 Dock,271.6666666666667,296.6666666666667,296.6666666666667,306.6666666666667,18.0,0,None
10,Vessel 5,10,Evac Area 4 Dock,Safe Area 3 Marina,306.6666666666667,331.6666666666667,331.6666666666667,341.6666666666667,18.0,120,Evac Area 4
11,Vessel 5,11,Safe Area 3 Marina,Evac Area 4 Dock,341.6666666666667,366.6666666666667,366.6666666666667,376.6666666666667,18.0,0,None
12,Vessel 5,12,Evac Area 4 Dock,Safe Area 3 Marina,376.6666666666667,401.6666666666667,401.6666666666667,411.6666666666667,18.0,120,Evac Area 4
13,Vessel 5,13,Safe Area 3 Marina,Evac Area 3 Dock,411.6666666666667,426.6666666666667,426.6666666666667,436.6666666666667,18.0,0,None
14,Vessel 5,14,Evac Area 3 Dock,Safe Area 3 Marina,436.6666666666667,451.6666666666667,451.6666666666667,461.6666666666667,18.0,120,Evac Area 3
15,Vessel 5,15,Safe Area 3 Marina,Evac Area 3 Dock,461.6666666666667,476.6666666666667,476.6666666666667,486.6666666666667,18.0,0,None
16,Vessel 5,16,Evac Area 3 Dock,Safe Area 3 Marina,486.6666666666667,501.6666666666667,501.6666666666667,511.6666666666667,18.0,120,Evac Area 3
17,Vessel 5,17,Safe Area 3 Marina,Evac Area 3 Dock,511.6666666666667,526.6666666666667,526.6666666666667,536.6666666666667,18.0,0,None
18,Vessel 5,18,Evac Area 3 Dock,Safe Area 3 Marina,536.6666666666667,551.6666666666667,551.6666666666667,561.6666666666667,18.0,120,Evac Area 3
19,Vessel 5,19,Safe Area 3 Marina,Evac Area 3 Dock,561.6666666666667,576.6666666666667,576.6666666666667,586.6666666666667,18.0,0,None
20,Vessel 5,20,Evac Area 3 Dock,Safe Area 3 Marina,586.6666666666667,601.6666666666667,601.6666666666667,611.6666666666667,18.0,120,Evac Area 3
1,Vessel 6,1,Safe Area 1 Terminal,Evac Area 3 Dock,30.0,42.0,42.0,45.0,25.0,0,None
2,Vessel 6,2,Evac Area 3 Dock,Safe Area 3 Marina,45.0,55.8,55.8,58.8,25.0,12,Evac Area 3
3,Vessel 6,3,Safe Area 3 Marina,Evac Area 4 Dock,58.8,76.8,76.8,79.8,25.0,0,None
4,Vessel 6,4,Evac Area 4 Dock,Safe Area 2 Harbor,79.8,98.03999999999999,98.03999999999999,101.03999999999999,25.0,12,Evac Area 4
5,Vessel 6,5,Safe Area 2 Harbor,Evac Area 2 Marina,101.03999999999999,113.03999999999999,113.03999999999999,116.03999999999999,25.0,0,None
6,Vessel 6,6,Evac Area 2 Marina,Safe Area 2 Harbor,116.03999999999999,128.04,128.04,131.04,25.0,12,Evac Area 2
7,Vessel 6,7,Safe Area 2 Harbor,Evac Area 2 Marina,131.04,143.04,143.04,146.04,25.0,0,None
8,Vessel 6,8,Evac Area 2 Marina,Safe Area 2 Harbor,146.04,158.04,158.04,161.04,25.0,12,Evac Area 2
9,Vessel 6,9,Safe Area 2 Harbor,Evac Area 4 Dock,161.04,179.28,179.28,182.28,25.0,0,None
10,Vessel 6,10,Evac Area 4 Dock,Safe Area 2 Harbor,182.28,200.52,200.52,203.52,25.0,12,Evac Area 4
11,Vessel 6,11,Safe Area 2 Harbor,Evac Area 2 Marina,203.52,215.52,215.52,218.52,25.0,0,None
12,Vessel 6,12,Evac Area 2 Marina,Safe Area 2 Harbor,218.52,230.52,230.52,233.52,25.0,12,Evac Area 2
13,Vessel 6,13,Safe Area 2 Harbor,Evac Area 2 Marina,233.52,245.52,245.52,248.52,25.0,0,None
14,Vessel 6,14,Evac Area 2 Marina,Safe Area 2 Harbor,248.52,260.52,260.52,263.52,25.0,12,Evac Area 2
15,Vessel 6,15,Safe Area 2 Harbor,Evac Area 2 Marina,263.52,275.52,275.52,278.52,25.0,0,None
16,Vessel 6,16,Evac Area 2 Marina,Safe Area 2 Harbor,278.52,290.52,290.52,293.52,25.0,12,Evac Area 2
17,Vessel 6,17,Safe Area 2 Harbor,Evac Area 2 Marina,293.52,305.52,305.52,308.52,25.0,0,None
18,Vessel 6,18,Evac Area 2 Marina,Safe Area 2 Harbor,308.52,320.52,320.52,323.52,25.0,12,Evac Area 2
19,Vessel 6,19,Safe Area 2 Harbor,Evac Area 2 Marina,323.52,335.52,335.52,338.52,25.0,0,None
20,Vessel 6,20,Evac Area 2 Marina,Safe Area 2 Harbor,338.52,350.52,350.52,353.52,25.0,12,Evac Area 2
21,Vessel 6,21,Safe Area 2 Harbor,Evac Area 2 Marina,353.52,365.52,365.52,368.52,25.0,0,None
22,Vessel 6,22,Evac Area 2 Marina,Safe Area 2 Harbor,368.52,380.52,380.52,383.52,25.0,12,Evac Area 2
23,Vessel 6,23,Safe Area 2 Harbor,Evac Area 2 Marina,383.52,395.52,395.52,398.52,25.0,0,None
24,Vessel 6,24,Evac Area 2 Marina,Safe Area 2 Harbor,398.52,410.52,410.52,413.52,25.0,12,Evac Area 2
25,Vessel 6,25,Safe Area 2 Harbor,Evac Area 2 Marina,413.52,425.52,425.52,428.52,25.0,0,None
26,Vessel 6,26,Evac Area 2 Marina,Safe Area 2 Harbor,428.52,440.52,440.52,443.52,25.0,12,Evac Area 2
27,Vessel 6,27,Safe Area 2 Harbor,Evac Area 2 Marina,443.52,455.52,455.52,458.52,25.0,0,None
28,Vessel 6,28,Evac Area 2 Marina,Safe Area 2 Harbor,458.52,470.52,470.52,473.52,25.0,12,Evac Area 2
29,Vessel 6,29,Safe Area 2 Harbor,Evac Area 2 Marina,473.52,485.52,485.52,488.52,25.0,0,None
30,Vessel 6,30,Evac Area 2 Marina,Safe Area 2 Harbor,488.52,500.52,500.52,503.52,25.0,12,Evac Area 2
31,Vessel 6,31,Safe Area 2 Harbor,Evac Area 2 Marina,503.52,515.52,515.52,518.52,25.0,0,None
32,Vessel 6,32,Evac Area 2 Marina,Safe Area 2 Harbor,518.52,530.52,530.52,533.52,25.0,12,Evac Area 2
33,Vessel 6,33,Safe Area 2 Harbor,Evac Area 2 Marina,533.52,545.52,545.52,548.52,25.0,0,None
34,Vessel 6,34,Evac Area 2 Marina,Safe Area 2 Harbor,548.52,560.52,560.52,563.52,25.0,12,Evac Area 2
35,Vessel 6,35,Safe Area 2 Harbor,Evac Area 2 Marina,563.52,575.52,575.52,578.52,25.0,0,None
36,Vessel 6,36,Evac Area 2 Marina,Safe Area 2 Harbor,578.52,590.52,590.52,593.52,25.0,12,Evac Area 2
