segment_id,resource_id,route_segment_id,origin,destination,route_start_time,route_end_time,load_start_time,load_end_time,resource_speed,evacuees,evacuated_location
1,Vessel 1,1,Safe Area 1 Terminal,Evac Area 1 Ferry Terminal,10.0,24.0,24.0,34.0,12.0,0,None
2,Vessel 1,2,Evac Area 1 Ferry Terminal,Safe Area 1 Terminal,34.0,48.0,48.0,58.0,12.0,83,Evac Area 1
1,Vessel 2,1,Safe Area 2 Harbor,Evac Area 2 Marina,10.0,22.0,22.0,25.0,25.0,0,None
2,Vessel 2,2,Evac Area 2 Marina,Safe Area 2 Harbor,25.0,37.0,37.0,40.0,25.0,12,Evac Area 2
1,Vessel 2,1,Safe Area 2 Harbor,Evac Area 4 Beach,40.0,58.24000000000001,58.24000000000001,61.24000000000001,25.0,0,None
2,Vessel 2,2,Evac Area 4 Beach,Safe Area 3 Marina,61.24000000000001,79.24000000000001,79.24000000000001,82.24,25.0,12,Evac Area 4
1,Vessel 2,1,Safe Area 3 Marina,Evac Area 4 Beach,82.24,100.24,100.24,103.24,25.0,0,None
2,Vessel 2,2,Evac Area 4 Beach,Safe Area 2 Harbor,103.24,121.48,121.48,124.48,25.0,12,Evac Area 4
1,Vessel 2,1,Safe Area 2 Harbor,Evac Area 2 Marina,124.48,136.48000000000002,136.48000000000002,139.48000000000002,25.0,0,None
2,Vessel 2,2,Evac Area 2 Marina,Safe Area 2 Harbor,139.48000000000002,151.48000000000002,151.48000000000002,154.48000000000002,25.0,12,Evac Area 2
1,Vessel 2,1,Safe Area 2 Harbor,Evac Area 4 Beach,154.48000000000002,172.72000000000003,172.72000000000003,175.72000000000003,25.0,0,None
2,Vessel 2,2,Evac Area 4 Beach,Safe Area 3 Marina,175.72000000000003,193.72000000000003,193.72000000000003,196.72000000000003,25.0,12,Evac Area 4
1,Vessel 2,1,Safe Area 3 Marina,Evac Area 3 Dock,196.72000000000003,207.52000000000004,207.52000000000004,210.52000000000004,25.0,0,None
2,Vessel 2,2,Evac Area 3 Dock,Safe Area 3 Marina,210.52000000000004,221.32,221.32,224.32,25.0,12,Evac Area 3
1,Vessel 3,1,Safe Area 3 Marina,Evac Area 3 Dock,60.0,70.80000000000001,70.80000000000001,73.80000000000001,25.0,0,None
2,Vessel 3,2,Evac Area 3 Dock,Safe Area 3 Marina,73.80000000000001,84.6,84.6,87.6,25.0,12,Evac Area 3
1,Vessel 3,1,Safe Area 3 Marina,Evac Area 4 Dock,87.6,105.6,105.6,108.6,25.0,0,None
2,Vessel 3,2,Evac Area 4 Dock,Safe Area 2 Harbor,108.6,126.84,126.84,129.83999999999995,25.0,12,Evac Area 4
1,Vessel 3,1,Safe Area 2 Harbor,Evac Area 2 Marina,129.83999999999995,141.83999999999995,141.83999999999995,144.83999999999995,25.0,0,None
2,Vessel 3,2,Evac Area 2 Marina,Safe Area 2 Harbor,144.83999999999995,156.83999999999995,156.83999999999995,159.83999999999995,25.0,12,Evac Area 2
1,Vessel 3,1,Safe Area 2 Harbor,Evac Area 2 Marina,159.83999999999995,171.83999999999995,171.83999999999995,174.83999999999995,25.0,0,None
2,Vessel 3,2,Evac Area 2 Marina,Safe Area 2 Harbor,174.83999999999995,186.83999999999995,186.83999999999995,189.83999999999995,25.0,12,Evac Area 2
1,Vessel 3,1,Safe Area 2 Harbor,Evac Area 2 Marina,189.83999999999995,201.83999999999995,201.83999999999995,204.83999999999995,25.0,0,None
2,Vessel 3,2,Evac Area 2 Marina,Safe Area 2 Harbor,204.83999999999995,216.83999999999995,216.83999999999995,219.83999999999995,25.0,12,Evac Area 2
1,Vessel 4,1,Safe Area 1 Terminal,Evac Area 3 Dock,10.0,22.0,22.0,27.0,25.0,0,None
2,Vessel 4,2,Evac Area 3 Dock,Safe Area 3 Marina,27.0,37.80000000000001,37.80000000000001,42.80000000000001,25.0,38,Evac Area 3
1,Vessel 4,1,Safe Area 3 Marina,Evac Area 3 Dock,42.80000000000001,53.599999999999994,53.599999999999994,58.599999999999994,25.0,0,None
2,Vessel 4,2,Evac Area 3 Dock,Safe Area 3 Marina,58.599999999999994,69.39999999999998,69.39999999999998,74.39999999999998,25.0,38,Evac Area 3
1,Vessel 4,1,Safe Area 3 Marina,Evac Area 2 Marina,74.39999999999998,91.2,91.2,96.2,25.0,0,None
2,Vessel 4,2,Evac Area 2 Marina,Safe Area 2 Harbor,96.2,108.2,108.2,113.2,25.0,38,Evac Area 2
1,Vessel 4,1,Safe Area 2 Harbor,Evac Area 2 Marina,113.2,125.2,125.2,130.2,25.0,0,None
2,Vessel 4,2,Evac Area 2 Marina,Safe Area 2 Harbor,130.2,142.2,142.2,147.2,25.0,32,Evac Area 2
1,Vessel 4,1,Safe Area 2 Harbor,Evac Area 2 Marina,147.2,159.2,159.2,164.2,25.0,0,None
2,Vessel 4,2,Evac Area 2 Marina,Safe Area 2 Harbor,164.2,176.2,176.2,181.2,25.0,38,Evac Area 2
1,Vessel 4,1,Safe Area 2 Harbor,Evac Area 4 Dock,181.2,199.44,199.44,204.44,25.0,0,None
2,Vessel 4,2,Evac Area 4 Dock,Safe Area 3 Marina,204.44,222.44,222.44,227.44,25.0,37,Evac Area 4
1,Vessel 5,1,Safe Area 1 Terminal,Evac Area 3 Dock,30.0,46.666666666666686,46.666666666666686,56.666666666666686,18.0,0,None
2,Vessel 5,2,Evac Area 3 Dock,Safe Area 3 Marina,56.666666666666686,71.66666666666669,71.66666666666669,81.66666666666669,18.0,120,Evac Area 3
1,Vessel 5,1,Safe Area 3 Marina,Evac Area 2 Marina,81.66666666666669,105.0,105.0,115.0,18.0,0,None
2,Vessel 5,2,Evac Area 2 Marina,Safe Area 3 Marina,115.0,138.33333333333331,138.33333333333331,148.33333333333331,18.0,120,Evac Area 2
1,Vessel 5,1,Safe Area 3 Marina,Evac Area 4 Dock,148.33333333333331,173.33333333333331,173.33333333333331,183.3333333333333,18.0,0,None
2,Vessel 5,2,Evac Area 4 Dock,Safe Area 3 Marina,183.3333333333333,208.3333333333333,208.3333333333333,218.3333333333333,18.0,120,Evac Area 4
1,Vessel 6,1,Safe Area 1 Terminal,Evac Area 3 Dock,30.0,42.0,42.0,45.0,25.0,0,None
2,Vessel 6,2,Evac Area 3 Dock,Safe Area 3 Marina,45.0,55.80000000000001,55.80000000000001,58.80000000000001,25.0,12,Evac Area 3
1,Vessel 6,1,Safe Area 3 Marina,Evac Area 3 Dock,58.80000000000001,69.6,69.6,72.6,25.0,0,None
2,Vessel 6,2,Evac Area 3 Dock,Safe Area 3 Marina,72.6,83.39999999999999,83.39999999999999,86.39999999999999,25.0,12,Evac Area 3
1,Vessel 6,1,Safe Area 3 Marina,Evac Area 4 Dock,86.39999999999999,104.4,104.4,107.4,25.0,0,None
2,Vessel 6,2,Evac Area 4 Dock,Safe Area 2 Harbor,107.4,125.64,125.64,128.64,25.0,12,Evac Area 4
1,Vessel 6,1,Safe Area 2 Harbor,Evac Area 2 Marina,128.64,140.64,140.64,143.64,25.0,0,None
2,Vessel 6,2,Evac Area 2 Marina,Safe Area 2 Harbor,143.64,155.64,155.64,158.64,25.0,12,Evac Area 2
1,Vessel 6,1,Safe Area 2 Harbor,Evac Area 2 Marina,158.64,170.64,170.64,173.64,25.0,0,None
2,Vessel 6,2,Evac Area 2 Marina,Safe Area 3 Marina,173.64,190.44,190.44,193.44,25.0,12,Evac Area 2
1,Vessel 6,1,Safe Area 3 Marina,Evac Area 3 Dock,193.44,204.24,204.24,207.24,25.0,0,None
2,Vessel 6,2,Evac Area 3 Dock,Safe Area 3 Marina,207.24,218.04,218.04,221.04,25.0,12,Evac Area 3
1,Vessel 2,1,Safe Area 3 Marina,Evac Area 3 Dock,224.32,235.12,235.12,238.12,25.0,0,None
2,Vessel 2,2,Evac Area 3 Dock,Safe Area 3 Marina,238.12,248.92,248.92,251.92,25.0,12,Evac Area 3
3,Vessel 2,3,Safe Area 3 Marina,Evac Area 3 Dock,251.92,262.71999999999997,262.71999999999997,265.71999999999997,25.0,0,None
4,Vessel 2,4,Evac Area 3 Dock,Safe Area 3 Marina,265.71999999999997,276.52,276.52,279.52,25.0,12,Evac Area 3
5,Vessel 2,5,Safe Area 3 Marina,Evac Area 4 Beach,279.52,297.52,297.52,300.52,25.0,0,None
6,Vessel 2,6,Evac Area 4 Beach,Safe Area 2 Harbor,300.52,318.76,318.76,321.76,25.0,12,Evac Area 4
7,Vessel 2,7,Safe Area 2 Harbor,Evac Area 2 Marina,321.76,333.76,333.76,336.76,25.0,0,None
8,Vessel 2,8,Evac Area 2 Marina,Safe Area 2 Harbor,336.76,348.76,348.76,351.76,25.0,12,Evac Area 2
9,Vessel 2,9,Safe Area 2 Harbor,Evac Area 2 Marina,351.76,363.76,363.76,366.76,25.0,0,None
10,Vessel 2,10,Evac Area 2 Marina,Safe Area 2 Harbor,366.76,378.76,378.76,381.76,25.0,12,Evac Area 2
11,Vessel 2,11,Safe Area 2 Harbor,Evac Area 2 Marina,381.76,393.76,393.76,396.76,25.0,0,None
12,Vessel 2,12,Evac Area 2 Marina,Safe Area 2 Harbor,396.76,408.76,408.76,411.76,25.0,12,Evac Area 2
13,Vessel 2,13,Safe Area 2 Harbor,Evac Area 2 Marina,411.76,423.76,423.76,426.76,25.0,0,None
14,Vessel 2,14,Evac Area 2 Marina,Safe Area 2 Harbor,426.76,438.76,438.76,441.76,25.0,12,Evac Area 2
15,Vessel 2,15,Safe Area 2 Harbor,Evac Area 2 Marina,441.76,453.76,453.76,456.76,25.0,0,None
16,Vessel 2,16,Evac Area 2 Marina,Safe Area 2 Harbor,456.76,468.76,468.76,471.76,25.0,12,Evac Area 2
17,Vessel 2,17,Safe Area 2 Harbor,Evac Area 4 Dock,471.76,490.0,490.0,493.0,25.0,0,None
18,Vessel 2,18,Evac Area 4 Dock,Safe Area 3 Marina,493.0,511.0,511.0,514.0,25.0,12,Evac Area 4
1,Vessel 3,1,Safe Area 2 Harbor,Evac Area 4 Dock,219.83999999999995,238.07999999999996,238.07999999999996,241.07999999999996,25.0,0,None
2,Vessel 3,2,Evac Area 4 Dock,Safe Area 3 Marina,241.07999999999996,259.0799999999999,259.0799999999999,262.0799999999999,25.0,12,Evac Area 4
3,Vessel 3,3,Safe Area 3 Marina,Evac Area 3 Dock,262.0799999999999,272.87999999999994,272.87999999999994,275.87999999999994,25.0,0,None
4,Vessel 3,4,Evac Area 3 Dock,Safe Area 3 Marina,275.87999999999994,286.67999999999995,286.67999999999995,289.67999999999995,25.0,12,Evac Area 3
5,Vessel 3,5,Safe Area 3 Marina,Evac Area 3 Dock,289.67999999999995,300.4799999999999,300.4799999999999,303.4799999999999,25.0,0,None
6,Vessel 3,6,Evac Area 3 Dock,Safe Area 3 Marina,303.4799999999999,314.2799999999999,314.2799999999999,317.2799999999999,25.0,12,Evac Area 3
7,Vessel 3,7,Safe Area 3 Marina,Evac Area 3 Dock,317.2799999999999,328.0799999999999,328.0799999999999,331.0799999999999,25.0,0,None
8,Vessel 3,8,Evac Area 3 Dock,Safe Area 3 Marina,331.0799999999999,341.87999999999994,341.87999999999994,344.87999999999994,25.0,12,Evac Area 3
9,Vessel 3,9,Safe Area 3 Marina,Evac Area 4 Beach,344.87999999999994,362.87999999999994,362.87999999999994,365.87999999999994,25.0,0,None
10,Vessel 3,10,Evac Area 4 Beach,Safe Area 3 Marina,365.87999999999994,383.87999999999994,383.87999999999994,386.87999999999994,25.0,12,Evac Area 4
11,Vessel 3,11,Safe Area 3 Marina,Evac Area 4 Dock,386.87999999999994,404.87999999999994,404.87999999999994,407.87999999999994,25.0,0,None
12,Vessel 3,12,Evac Area 4 Dock,Safe Area 3 Marina,407.87999999999994,425.87999999999994,425.87999999999994,428.87999999999994,25.0,12,Evac Area 4
13,Vessel 3,13,Safe Area 3 Marina,Evac Area 4 Dock,428.87999999999994,446.87999999999994,446.87999999999994,449.87999999999994,25.0,0,None
14,Vessel 3,14,Evac Area 4 Dock,Safe Area 3 Marina,449.87999999999994,467.87999999999994,467.87999999999994,470.87999999999994,25.0,12,Evac Area 4
15,Vessel 3,15,Safe Area 3 Marina,Evac Area 3 Dock,470.87999999999994,481.67999999999995,481.67999999999995,484.67999999999995,25.0,0,None
16,Vessel 3,16,Evac Area 3 Dock,Safe Area 3 Marina,484.67999999999995,495.47999999999996,495.47999999999996,498.47999999999996,25.0,12,Evac Area 3
1,Vessel 4,1,Safe Area 3 Marina,Evac Area 4 Dock,227.44,245.44,245.44,250.44,25.0,0,None
2,Vessel 4,2,Evac Area 4 Dock,Safe Area 2 Harbor,250.44,268.68,268.68,273.68,25.0,38,Evac Area 4
3,Vessel 4,3,Safe Area 2 Harbor,Evac Area 2 Marina,273.68,285.68,285.68,290.68,25.0,0,None
4,Vessel 4,4,Evac Area 2 Marina,Safe Area 2 Harbor,290.68,302.68,302.68,307.68,25.0,38,Evac Area 2
5,Vessel 4,5,Safe Area 2 Harbor,Evac Area 2 Marina,307.68,319.68,319.68,324.68,25.0,0,None
6,Vessel 4,6,Evac Area 2 Marina,Safe Area 2 Harbor,324.68,336.68,336.68,341.68,25.0,38,Evac Area 2
7,Vessel 4,7,Safe Area 2 Harbor,Evac Area 2 Marina,341.68,353.68,353.68,358.68,25.0,0,None
8,Vessel 4,8,Evac Area 2 Marina,Safe Area 2 Harbor,358.68,370.68,370.68,375.68,25.0,36,Evac Area 2
9,Vessel 4,9,Safe Area 2 Harbor,Evac Area 4 Dock,375.68,393.92,393.92,398.92,25.0,0,None
10,Vessel 4,10,Evac Area 4 Dock,Safe Area 3 Marina,398.92,416.92,416.92,421.92,25.0,38,Evac Area 4
11,Vessel 4,11,Safe Area 3 Marina,Evac Area 3 Dock,421.92,432.72,432.72,437.72,25.0,0,None
12,Vessel 4,12,Evac Area 3 Dock,Safe Area 3 Marina,437.72,448.52000000000004,448.52000000000004,453.52000000000004,25.0,33,Evac Area 3
13,Vessel 4,13,Safe Area 3 Marina,Evac Area 2 Marina,453.52000000000004,470.32000000000005,470.32000000000005,475.32000000000005,25.0,0,None
14,Vessel 4,14,Evac Area 2 Marina,Safe Area 2 Harbor,475.32000000000005,487.32000000000005,487.32000000000005,492.32000000000005,25.0,38,Evac Area 2
15,Vessel 4,15,Safe Area 2 Harbor,Evac Area 2 Marina,492.32000000000005,504.32000000000005,504.32000000000005,509.32000000000005,25.0,0,None
16,Vessel 4,16,Evac Area 2 Marina,Safe Area 2 Harbor,509.32000000000005,521.32,521.32,526.32,25.0,38,Evac Area 2
1,Vessel 5,1,Safe Area 3 Marina,Evac Area 3 Dock,218.3333333333333,233.3333333333333,233.3333333333333,243.3333333333333,18.0,0,None
2,Vessel 5,2,Evac Area 3 Dock,Safe Area 3 Marina,243.3333333333333,258.33333333333326,258.33333333333326,268.33333333333326,18.0,120,Evac Area 3
3,Vessel 5,3,Safe Area 3 Marina,Evac Area 3 Dock,268.33333333333326,283.33333333333326,283.33333333333326,293.33333333333326,18.0,0,None
4,Vessel 5,4,Evac Area 3 Dock,Safe Area 3 Marina,293.33333333333326,308.33333333333326,308.33333333333326,318.33333333333326,18.0,120,Evac Area 3
5,Vessel 5,5,Safe Area 3 Marina,Evac Area 3 Dock,318.33333333333326,333.33333333333326,333.33333333333326,343.33333333333326,18.0,0,None
6,Vessel 5,6,Evac Area 3 Dock,Safe Area 3 Marina,343.33333333333326,358.33333333333326,358.33333333333326,368.33333333333326,18.0,120,Evac Area 3
7,Vessel 5,7,Safe Area 3 Marina,Evac Area 3 Dock,368.33333333333326,383.33333333333326,383.33333333333326,393.33333333333326,18.0,0,None
8,Vessel 5,8,Evac Area 3 Dock,Safe Area 3 Marina,393.33333333333326,408.33333333333326,408.33333333333326,418.33333333333326,18.0,120,Evac Area 3
9,Vessel 5,9,Safe Area 3 Marina,Evac Area 3 Dock,418.33333333333326,433.33333333333326,433.33333333333326,443.33333333333326,18.0,0,None
10,Vessel 5,10,Evac Area 3 Dock,Safe Area 3 Marina,443.33333333333326,458.33333333333326,458.33333333333326,468.33333333333326,18.0,120,Evac Area 3
11,Vessel 5,11,Safe Area 3 Marina,Evac Area 3 Dock,468.33333333333326,483.33333333333326,483.33333333333326,493.33333333333326,18.0,0,None
12,Vessel 5,12,Evac Area 3 Dock,Safe Area 3 Marina,493.33333333333326,508.33333333333326,508.33333333333326,518.3333333333333,18.0,120,Evac Area 3
1,Vessel 6,1,Safe Area 3 Marina,Evac Area 4 Beach,221.04,239.04,239.04,242.04,25.0,0,None
2,Vessel 6,2,Evac Area 4 Beach,Safe Area 1 Terminal,242.04,263.64,263.64,266.64,25.0,12,Evac Area 4
3,Vessel 6,3,Safe Area 1 Terminal,Evac Area 3 Dock,266.64,278.64,278.64,281.64,25.0,0,None
4,Vessel 6,4,Evac Area 3 Dock,Safe Area 3 Marina,281.64,292.44,292.44,295.44,25.0,12,Evac Area 3
5,Vessel 6,5,Safe Area 3 Marina,Evac Area 3 Dock,295.44,306.24,306.24,309.24,25.0,0,None
6,Vessel 6,6,Evac Area 3 Dock,Safe Area 3 Marina,309.24,320.03999999999996,320.03999999999996,323.03999999999996,25.0,12,Evac Area 3
7,Vessel 6,7,Safe Area 3 Marina,Evac Area 4 Dock,323.03999999999996,341.03999999999996,341.03999999999996,344.03999999999996,25.0,0,None
8,Vessel 6,8,Evac Area 4 Dock,Safe Area 3 Marina,344.03999999999996,362.03999999999996,362.03999999999996,365.03999999999996,25.0,12,Evac Area 4
9,Vessel 6,9,Safe Area 3 Marina,Evac Area 3 Dock,365.03999999999996,375.84,375.84,378.84,25.0,0,None
10,Vessel 6,10,Evac Area 3 Dock,Safe Area 3 Marina,378.84,389.64,389.64,392.64,25.0,12,Evac Area 3
11,Vessel 6,11,Safe Area 3 Marina,Evac Area 4 Dock,392.64,410.64,410.64,413.64,25.0,0,None
12,Vessel 6,12,Evac Area 4 Dock,Safe Area 3 Marina,413.64,431.64,431.64,434.64,25.0,12,Evac Area 4
13,Vessel 6,13,Safe Area 3 Marina,Evac Area 3 Dock,434.64,445.44,445.44,448.44,25.0,0,None
14,Vessel 6,14,Evac Area 3 Dock,Safe Area 3 Marina,448.44,459.24,459.24,462.24,25.0,12,Evac Area 3
15,Vessel 6,15,Safe Area 3 Marina,Evac Area 4 Beach,462.24,480.24,480.24,483.24,25.0,0,None
16,Vessel 6,16,Evac Area 4 Beach,Safe Area 3 Marina,483.24,501.24,501.24,504.24,25.0,9,Evac Area 4
