segment_id,resource_id,route_segment_id,origin,destination,route_start_time,route_end_time,load_start_time,load_end_time,resource_speed,evacuees,evacuated_location
1,Vessel 2,1,Safe Area 2 Harbor,Evac Area 2 Marina,10.0,22.0,22.0,25.0,25.0,0,None
2,Vessel 2,2,Evac Area 2 Marina,Safe Area 2 Harbor,25.0,37.0,37.0,40.0,25.0,12,Evac Area 2
1,Vessel 4,1,Safe Area 1 Terminal,Evac Area 1 Marina,10.0,16.72,16.72,21.72,25.0,0,None
2,Vessel 4,2,Evac Area 1 Marina,Safe Area 3 Marina,21.72,28.92,28.92,33.92,25.0,1,Evac Area 1
1,Vessel 2,1,Safe Area 2 Harbor,Evac Area 4 Dock,40.0,58.239999999999995,58.239999999999995,61.239999999999995,25.0,0,None
2,Vessel 2,2,Evac Area 4 Dock,Safe Area 1 Terminal,61.239999999999995,82.83999999999999,82.83999999999999,85.83999999999999,25.0,4,Evac Area 4
3,Vessel 2,3,Safe Area 1 Terminal,Evac Area 4 Dock,85.83999999999999,107.43999999999998,107.43999999999998,110.43999999999998,25.0,0,None
4,Vessel 2,4,Evac Area 4 Dock,Safe Area 3 Marina,110.43999999999998,128.44,128.44,131.44,25.0,12,Evac Area 4
5,Vessel 2,5,Safe Area 3 Marina,Evac Area 4 Dock,131.44,149.44,149.44,152.44,25.0,0,None
6,Vessel 2,6,Evac Area 4 Dock,Safe Area 2 Harbor,152.44,170.68,170.68,173.68,25.0,12,Evac Area 4
7,Vessel 2,7,Safe Area 2 Harbor,Evac Area 4 Dock,173.68,191.92000000000002,191.92000000000002,194.92000000000002,25.0,0,None
8,Vessel 2,8,Evac Area 4 Dock,Safe Area 3 Marina,194.92000000000002,212.92000000000002,212.92000000000002,215.92000000000002,25.0,12,Evac Area 4
9,Vessel 2,9,Safe Area 3 Marina,Evac Area 4 Beach,215.92000000000002,233.92000000000002,233.92000000000002,236.92000000000002,25.0,0,None
10,Vessel 2,10,Evac Area 4 Beach,Safe Area 2 Harbor,236.92000000000002,255.16000000000003,255.16000000000003,258.16,25.0,12,Evac Area 4
11,Vessel 2,11,Safe Area 2 Harbor,Evac Area 4 Dock,258.16,276.40000000000003,276.40000000000003,279.40000000000003,25.0,0,None
12,Vessel 2,12,Evac Area 4 Dock,Safe Area 3 Marina,279.40000000000003,297.40000000000003,297.40000000000003,300.40000000000003,25.0,12,Evac Area 4
1,Vessel 3,1,Safe Area 3 Marina,Evac Area 4 Dock,60.0,78.0,78.0,81.0,25.0,0,None
2,Vessel 3,2,Evac Area 4 Dock,Safe Area 2 Harbor,81.0,99.24,99.24,102.24,25.0,12,Evac Area 4
3,Vessel 3,3,Safe Area 2 Harbor,Evac Area 4 Beach,102.24,120.47999999999999,120.47999999999999,123.47999999999999,25.0,0,None
4,Vessel 3,4,Evac Area 4 Beach,Safe Area 2 Harbor,123.47999999999999,141.71999999999997,141.71999999999997,144.71999999999997,25.0,12,Evac Area 4
5,Vessel 3,5,Safe Area 2 Harbor,Evac Area 2 Marina,144.71999999999997,156.71999999999997,156.71999999999997,159.71999999999997,25.0,0,None
6,Vessel 3,6,Evac Area 2 Marina,Safe Area 2 Harbor,159.71999999999997,171.71999999999997,171.71999999999997,174.71999999999997,25.0,6,Evac Area 2
7,Vessel 3,7,Safe Area 2 Harbor,Evac Area 4 Beach,174.71999999999997,192.95999999999998,192.95999999999998,195.95999999999998,25.0,0,None
8,Vessel 3,8,Evac Area 4 Beach,Safe Area 3 Marina,195.95999999999998,213.95999999999998,213.95999999999998,216.95999999999998,25.0,12,Evac Area 4
9,Vessel 3,9,Safe Area 3 Marina,Evac Area 4 Beach,216.95999999999998,234.95999999999998,234.95999999999998,237.95999999999998,25.0,0,None
10,Vessel 3,10,Evac Area 4 Beach,Safe Area 3 Marina,237.95999999999998,255.95999999999998,255.95999999999998,258.96,25.0,12,Evac Area 4
11,Vessel 3,11,Safe Area 3 Marina,Evac Area 4 Dock,258.96,276.96,276.96,279.96,25.0,0,None
12,Vessel 3,12,Evac Area 4 Dock,Safe Area 2 Harbor,279.96,298.2,298.2,301.2,25.0,12,Evac Area 4
1,Vessel 4,1,Safe Area 3 Marina,Evac Area 4 Dock,33.92,51.92,51.92,56.92,25.0,0,None
2,Vessel 4,2,Evac Area 4 Dock,Safe Area 3 Marina,56.92,74.92,74.92,79.92,25.0,38,Evac Area 4
3,Vessel 4,3,Safe Area 3 Marina,Evac Area 4 Dock,79.92,97.92,97.92,102.92,25.0,0,None
4,Vessel 4,4,Evac Area 4 Dock,Safe Area 2 Harbor,102.92,121.16,121.16,126.16,25.0,38,Evac Area 4
5,Vessel 4,5,Safe Area 2 Harbor,Evac Area 2 Marina,126.16,138.16,138.16,143.16,25.0,0,None
6,Vessel 4,6,Evac Area 2 Marina,Safe Area 2 Harbor,143.16,155.16,155.16,160.16,25.0,38,Evac Area 2
7,Vessel 4,7,Safe Area 2 Harbor,Evac Area 4 Dock,160.16,178.4,178.4,183.4,25.0,0,None
8,Vessel 4,8,Evac Area 4 Dock,Safe Area 3 Marina,183.4,201.4,201.4,206.4,25.0,38,Evac Area 4
9,Vessel 4,9,Safe Area 3 Marina,Evac Area 4 Dock,206.4,224.4,224.4,229.4,25.0,0,None
10,Vessel 4,10,Evac Area 4 Dock,Safe Area 3 Marina,229.4,247.4,247.4,252.4,25.0,38,Evac Area 4
11,Vessel 4,11,Safe Area 3 Marina,Evac Area 4 Dock,252.4,270.4,270.4,275.4,25.0,0,None
12,Vessel 4,12,Evac Area 4 Dock,Safe Area 3 Marina,275.4,293.4,293.4,298.4,25.0,38,Evac Area 4
1,Vessel 5,1,Safe Area 1 Terminal,Evac Area 3 Dock,30.0,46.66666666666667,46.66666666666667,56.66666666666667,18.0,0,None
2,Vessel 5,2,Evac Area 3 Dock,Safe Area 3 Marina,56.66666666666667,71.66666666666667,71.66666666666667,81.66666666666667,18.0,88,Evac Area 3
3,Vessel 5,3,Safe Area 3 Marina,Evac Area 4 Dock,81.66666666666667,106.66666666666667,106.66666666666667,116.66666666666667,18.0,0,None
4,Vessel 5,4,Evac Area 4 Dock,Safe Area 2 Harbor,116.66666666666667,142.0,142.0,152.0,18.0,120,Evac Area 4
5,Vessel 5,5,Safe Area 2 Harbor,Evac Area 4 Dock,152.0,177.33333333333334,177.33333333333334,187.33333333333334,18.0,0,None
6,Vessel 5,6,Evac Area 4 Dock,Safe Area 3 Marina,187.33333333333334,212.33333333333334,212.33333333333334,222.33333333333334,18.0,120,Evac Area 4
7,Vessel 5,7,Safe Area 3 Marina,Evac Area 4 Dock,222.33333333333334,247.33333333333334,247.33333333333334,257.33333333333337,18.0,0,None
8,Vessel 5,8,Evac Area 4 Dock,Safe Area 2 Harbor,257.33333333333337,282.6666666666667,282.6666666666667,292.6666666666667,18.0,120,Evac Area 4
1,Vessel 6,1,Safe Area 1 Terminal,Evac Area 4 Dock,30.0,51.599999999999994,51.599999999999994,54.599999999999994,25.0,0,None
2,Vessel 6,2,Evac Area 4 Dock,Safe Area 3 Marina,54.599999999999994,72.6,72.6,75.6,25.0,12,Evac Area 4
3,Vessel 6,3,Safe Area 3 Marina,Evac Area 4 Beach,75.6,93.6,93.6,96.6,25.0,0,None
4,Vessel 6,4,Evac Area 4 Beach,Safe Area 2 Harbor,96.6,114.83999999999999,114.83999999999999,117.83999999999999,25.0,12,Evac Area 4
5,Vessel 6,5,Safe Area 2 Harbor,Evac Area 2 Marina,117.83999999999999,129.83999999999997,129.83999999999997,132.83999999999997,25.0,0,None
6,Vessel 6,6,Evac Area 2 Marina,Safe Area 2 Harbor,132.83999999999997,144.83999999999997,144.83999999999997,147.83999999999997,25.0,12,Evac Area 2
7,Vessel 6,7,Safe Area 2 Harbor,Evac Area 2 Marina,147.83999999999997,159.83999999999997,159.83999999999997,162.83999999999997,25.0,0,None
8,Vessel 6,8,Evac Area 2 Marina,Safe Area 2 Harbor,162.83999999999997,174.83999999999997,174.83999999999997,177.83999999999997,25.0,12,Evac Area 2
9,Vessel 6,9,Safe Area 2 Harbor,Evac Area 4 Dock,177.83999999999997,196.07999999999998,196.07999999999998,199.07999999999998,25.0,0,None
10,Vessel 6,10,Evac Area 4 Dock,Safe Area 3 Marina,199.07999999999998,217.07999999999998,217.07999999999998,220.07999999999998,25.0,12,Evac Area 4
11,Vessel 6,11,Safe Area 3 Marina,Evac Area 4 Dock,220.07999999999998,238.07999999999998,238.07999999999998,241.07999999999998,25.0,0,None
12,Vessel 6,12,Evac Area 4 Dock,Safe Area 3 Marina,241.07999999999998,259.08,259.08,262.08,25.0,12,Evac Area 4
13,Vessel 6,13,Safe Area 3 Marina,Evac Area 4 Beach,262.08,280.08,280.08,283.08,25.0,0,None
14,Vessel 6,14,Evac Area 4 Beach,Safe Area 3 Marina,283.08,301.08,301.08,304.08,25.0,12,Evac Area 4
