segment_id,resource_id,route_segment_id,origin,destination,route_start_time,route_end_time,load_start_time,load_end_time,resource_speed,evacuees,evacuated_location
1,Vessel 1,1,Safe Area 1 Terminal,Evac Area 1 Ferry Terminal,10.0,24.0,24.0,34.0,12.0,0,None
2,Vessel 1,2,Evac Area 1 Ferry Terminal,Safe Area 1 Terminal,34.0,48.0,48.0,58.0,12.0,300,Evac Area 1
1,Vessel 1,1,Safe Area 1 Terminal,Evac Area 1 Ferry Terminal,58.0,72.0,72.0,82.0,12.0,0,None
2,Vessel 1,2,Evac Area 1 Ferry Terminal,Safe Area 1 Terminal,82.0,96.0,96.0,106.0,12.0,38,Evac Area 1
1,Vessel 2,1,Safe Area 2 Harbor,Evac Area 4 Beach,10.0,28.24000000000001,28.24000000000001,31.24000000000001,25.0,0,None
2,Vessel 2,2,Evac Area 4 Beach,Safe Area 3 Marina,31.24000000000001,49.24000000000001,49.24000000000001,52.24000000000001,25.0,12,Evac Area 4
1,Vessel 2,1,Safe Area 3 Marina,Evac Area 3 Dock,52.24000000000001,63.03999999999999,63.03999999999999,66.03999999999999,25.0,0,None
2,Vessel 2,2,Evac Area 3 Dock,Safe Area 3 Marina,66.03999999999999,76.84,76.84,79.84,25.0,12,Evac Area 3
1,Vessel 2,1,Safe Area 3 Marina,Evac Area 4 Beach,79.84,97.84,97.84,100.84,25.0,0,None
2,Vessel 2,2,Evac Area 4 Beach,Safe Area 2 Harbor,100.84,119.08,119.08,122.08,25.0,12,Evac Area 4
1,Vessel 2,1,Safe Area 2 Harbor,Evac Area 2 Marina,122.08,134.07999999999998,134.07999999999998,137.07999999999998,25.0,0,None
2,Vessel 2,2,Evac Area 2 Marina,Safe Area 2 Harbor,137.07999999999998,149.07999999999998,149.07999999999998,152.07999999999998,25.0,12,Evac Area 2
1,Vessel 2,1,Safe Area 2 Harbor,Evac Area 2 Marina,152.07999999999998,164.07999999999998,164.07999999999998,167.07999999999998,25.0,0,None
2,Vessel 2,2,Evac Area 2 Marina,Safe Area 2 Harbor,167.07999999999998,179.07999999999998,179.07999999999998,182.08,25.0,12,Evac Area 2
1,Vessel 3,1,Safe Area 3 Marina,Evac Area 4 Beach,60.0,78.0,78.0,81.0,25.0,0,None
2,Vessel 3,2,Evac Area 4 Beach,Safe Area 3 Marina,81.0,99.0,99.0,102.0,25.0,12,Evac Area 4
1,Vessel 3,1,Safe Area 3 Marina,Evac Area 4 Dock,102.0,120.0,120.0,123.0,25.0,0,None
2,Vessel 3,2,Evac Area 4 Dock,Safe Area 3 Marina,123.0,141.0,141.0,144.0,25.0,9,Evac Area 4
1,Vessel 3,1,Safe Area 3 Marina,Evac Area 4 Beach,144.0,162.0,162.0,165.0,25.0,0,None
2,Vessel 3,2,Evac Area 4 Beach,Safe Area 2 Harbor,165.0,183.24,183.24,186.24,25.0,12,Evac Area 4
1,Vessel 4,1,Safe Area 1 Terminal,Evac Area 3 Dock,10.0,22.0,22.0,27.0,25.0,0,None
2,Vessel 4,2,Evac Area 3 Dock,Safe Area 3 Marina,27.0,37.80000000000001,37.80000000000001,42.80000000000001,25.0,38,Evac Area 3
1,Vessel 4,1,Safe Area 3 Marina,Evac Area 3 Dock,42.80000000000001,53.599999999999994,53.599999999999994,58.599999999999994,25.0,0,None
2,Vessel 4,2,Evac Area 3 Dock,Safe Area 3 Marina,58.599999999999994,69.39999999999999,69.39999999999999,74.39999999999999,25.0,38,Evac Area 3
1,Vessel 4,1,Safe Area 3 Marina,Evac Area 4 Dock,74.39999999999999,92.4,92.4,97.4,25.0,0,None
2,Vessel 4,2,Evac Area 4 Dock,Safe Area 2 Harbor,97.4,115.64,115.64,120.64,25.0,38,Evac Area 4
1,Vessel 4,1,Safe Area 2 Harbor,Evac Area 2 Marina,120.64,132.64,132.64,137.64,25.0,0,None
2,Vessel 4,2,Evac Area 2 Marina,Safe Area 2 Harbor,137.64,149.64,149.64,154.64,25.0,38,Evac Area 2
1,Vessel 4,1,Safe Area 2 Harbor,Evac Area 4 Dock,154.64,172.88,172.88,177.88,25.0,0,None
2,Vessel 4,2,Evac Area 4 Dock,Safe Area 3 Marina,177.88,195.88,195.88,200.88,25.0,38,Evac Area 4
1,Vessel 5,1,Safe Area 1 Terminal,Evac Area 3 Dock,30.0,46.666666666666686,46.666666666666686,56.66666666666667,18.0,0,None
2,Vessel 5,2,Evac Area 3 Dock,Safe Area 3 Marina,56.66666666666667,71.66666666666667,71.66666666666667,81.66666666666667,18.0,120,Evac Area 3
1,Vessel 5,1,Safe Area 3 Marina,Evac Area 4 Dock,81.66666666666667,106.66666666666669,106.66666666666669,116.66666666666669,18.0,0,None
2,Vessel 5,2,Evac Area 4 Dock,Safe Area 3 Marina,116.66666666666669,141.66666666666669,141.66666666666669,151.66666666666669,18.0,120,Evac Area 4
1,Vessel 5,1,Safe Area 3 Marina,Evac Area 4 Dock,151.66666666666669,176.66666666666669,176.66666666666669,186.66666666666669,18.0,0,None
2,Vessel 5,2,Evac Area 4 Dock,Safe Area 3 Marina,186.66666666666669,211.66666666666669,211.66666666666669,221.66666666666669,18.0,120,Evac Area 4
1,Vessel 6,1,Safe Area 1 Terminal,Evac Area 3 Dock,30.0,42.0,42.0,45.0,25.0,0,None
2,Vessel 6,2,Evac Area 3 Dock,Safe Area 3 Marina,45.0,55.8,55.8,58.8,25.0,12,Evac Area 3
1,Vessel 6,1,Safe Area 3 Marina,Evac Area 3 Dock,58.8,69.6,69.6,72.6,25.0,0,None
2,Vessel 6,2,Evac Area 3 Dock,Safe Area 3 Marina,72.6,83.39999999999999,83.39999999999999,86.39999999999999,25.0,12,Evac Area 3
1,Vessel 6,1,Safe Area 3 Marina,Evac Area 3 Dock,86.39999999999999,97.2,97.2,100.2,25.0,0,None
2,Vessel 6,2,Evac Area 3 Dock,Safe Area 3 Marina,100.2,111.0,111.0,114.0,25.0,12,Evac Area 3
1,Vessel 6,1,Safe Area 3 Marina,Evac Area 4 Dock,114.0,132.0,132.0,135.0,25.0,0,None
2,Vessel 6,2,Evac Area 4 Dock,Safe Area 3 Marina,135.0,153.0,153.0,156.0,25.0,12,Evac Area 4
1,Vessel 6,1,Safe Area 3 Marina,Evac Area 4 Beach,156.0,174.0,174.0,177.0,25.0,0,None
2,Vessel 6,2,Evac Area 4 Beach,Safe Area 3 Marina,177.0,195.0,195.0,198.0,25.0,12,Evac Area 4
1,Vessel 1,1,Safe Area 1 Terminal,Evac Area 1 Ferry Terminal,180.0,194.0,194.0,204.0,12.0,0,None
2,Vessel 1,2,Evac Area 1 Ferry Terminal,Safe Area 1 Terminal,204.0,218.0,218.0,228.0,12.0,29,Evac Area 1
1,Vessel 2,1,Safe Area 2 Harbor,Evac Area 2 Marina,182.08,194.08,194.08,197.08,25.0,0,None
2,Vessel 2,2,Evac Area 2 Marina,Safe Area 3 Marina,197.08,213.88,213.88,216.88,25.0,12,Evac Area 2
3,Vessel 2,3,Safe Area 3 Marina,Evac Area 3 Dock,216.88,227.68,227.68,230.68,25.0,0,None
4,Vessel 2,4,Evac Area 3 Dock,Safe Area 3 Marina,230.68,241.48000000000002,241.48000000000002,244.48000000000002,25.0,12,Evac Area 3
5,Vessel 2,5,Safe Area 3 Marina,Evac Area 3 Dock,244.48000000000002,255.28,255.28,258.28,25.0,0,None
6,Vessel 2,6,Evac Area 3 Dock,Safe Area 3 Marina,258.28,269.08,269.08,272.08,25.0,12,Evac Area 3
7,Vessel 2,7,Safe Area 3 Marina,Evac Area 3 Dock,272.08,282.88,282.88,285.88,25.0,0,None
8,Vessel 2,8,Evac Area 3 Dock,Safe Area 3 Marina,285.88,296.68,296.68,299.68,25.0,12,Evac Area 3
9,Vessel 2,9,Safe Area 3 Marina,Evac Area 3 Dock,299.68,310.48,310.48,313.48,25.0,0,None
10,Vessel 2,10,Evac Area 3 Dock,Safe Area 3 Marina,313.48,324.28,324.28,327.28,25.0,12,Evac Area 3
11,Vessel 2,11,Safe Area 3 Marina,Evac Area 3 Dock,327.28,338.08000000000004,338.08000000000004,341.08000000000004,25.0,0,None
12,Vessel 2,12,Evac Area 3 Dock,Safe Area 3 Marina,341.08000000000004,351.88,351.88,354.88,25.0,12,Evac Area 3
13,Vessel 2,13,Safe Area 3 Marina,Evac Area 3 Dock,354.88,365.68000000000006,365.68000000000006,368.68000000000006,25.0,0,None
14,Vessel 2,14,Evac Area 3 Dock,Safe Area 3 Marina,368.68000000000006,379.48,379.48,382.48,25.0,12,Evac Area 3
15,Vessel 2,15,Safe Area 3 Marina,Evac Area 3 Dock,382.48,393.2800000000001,393.2800000000001,396.2800000000001,25.0,0,None
16,Vessel 2,16,Evac Area 3 Dock,Safe Area 3 Marina,396.2800000000001,407.08000000000004,407.08000000000004,410.08000000000004,25.0,12,Evac Area 3
17,Vessel 2,17,Safe Area 3 Marina,Evac Area 3 Dock,410.08000000000004,420.8800000000001,420.8800000000001,423.8800000000001,25.0,0,None
18,Vessel 2,18,Evac Area 3 Dock,Safe Area 3 Marina,423.8800000000001,434.68000000000006,434.68000000000006,437.68000000000006,25.0,12,Evac Area 3
19,Vessel 2,19,Safe Area 3 Marina,Evac Area 3 Dock,437.68000000000006,448.4800000000001,448.4800000000001,451.4800000000001,25.0,0,None
20,Vessel 2,20,Evac Area 3 Dock,Safe Area 3 Marina,451.4800000000001,462.2800000000001,462.2800000000001,465.2800000000001,25.0,12,Evac Area 3
21,Vessel 2,21,Safe Area 3 Marina,Evac Area 3 Dock,465.2800000000001,476.0800000000001,476.0800000000001,479.0800000000001,25.0,0,None
22,Vessel 2,22,Evac Area 3 Dock,Safe Area 3 Marina,479.0800000000001,489.8800000000001,489.8800000000001,492.8800000000001,25.0,12,Evac Area 3
23,Vessel 2,23,Safe Area 3 Marina,Evac Area 3 Dock,492.8800000000001,503.6800000000001,503.6800000000001,506.6800000000001,25.0,0,None
24,Vessel 2,24,Evac Area 3 Dock,Safe Area 3 Marina,506.6800000000001,517.4800000000001,517.4800000000001,520.4800000000001,25.0,12,Evac Area 3
1,Vessel 3,1,Safe Area 2 Harbor,Evac Area 2 Marina,186.24,198.24,198.24,201.24,25.0,0,None
2,Vessel 3,2,Evac Area 2 Marina,Safe Area 2 Harbor,201.24,213.24,213.24,216.24,25.0,12,Evac Area 2
3,Vessel 3,3,Safe Area 2 Harbor,Evac Area 4 Dock,216.24,234.48000000000002,234.48000000000002,237.48000000000002,25.0,0,None
4,Vessel 3,4,Evac Area 4 Dock,Safe Area 3 Marina,237.48000000000002,255.48000000000002,255.48000000000002,258.48,25.0,12,Evac Area 4
5,Vessel 3,5,Safe Area 3 Marina,Evac Area 3 Dock,258.48,269.28,269.28,272.28,25.0,0,None
6,Vessel 3,6,Evac Area 3 Dock,Safe Area 3 Marina,272.28,283.08,283.08,286.08,25.0,12,Evac Area 3
7,Vessel 3,7,Safe Area 3 Marina,Evac Area 3 Dock,286.08,296.88,296.88,299.88,25.0,0,None
8,Vessel 3,8,Evac Area 3 Dock,Safe Area 3 Marina,299.88,310.68,310.68,313.68,25.0,12,Evac Area 3
9,Vessel 3,9,Safe Area 3 Marina,Evac Area 3 Dock,313.68,324.48,324.48,327.48,25.0,0,None
10,Vessel 3,10,Evac Area 3 Dock,Safe Area 3 Marina,327.48,338.28000000000003,338.28000000000003,341.28000000000003,25.0,12,Evac Area 3
11,Vessel 3,11,Safe Area 3 Marina,Evac Area 3 Dock,341.28000000000003,352.08000000000004,352.08000000000004,355.08000000000004,25.0,0,None
12,Vessel 3,12,Evac Area 3 Dock,Safe Area 3 Marina,355.08000000000004,365.88000000000005,365.88000000000005,368.88000000000005,25.0,12,Evac Area 3
13,Vessel 3,13,Safe Area 3 Marina,Evac Area 4 Dock,368.88000000000005,386.88000000000005,386.88000000000005,389.88000000000005,25.0,0,None
14,Vessel 3,14,Evac Area 4 Dock,Safe Area 3 Marina,389.88000000000005,407.88000000000005,407.88000000000005,410.88000000000005,25.0,12,Evac Area 4
15,Vessel 3,15,Safe Area 3 Marina,Evac Area 3 Dock,410.88000000000005,421.68000000000006,421.68000000000006,424.68000000000006,25.0,0,None
16,Vessel 3,16,Evac Area 3 Dock,Safe Area 3 Marina,424.68000000000006,435.4800000000001,435.4800000000001,438.4800000000001,25.0,12,Evac Area 3
17,Vessel 3,17,Safe Area 3 Marina,Evac Area 3 Dock,438.4800000000001,449.2800000000001,449.2800000000001,452.2800000000001,25.0,0,None
18,Vessel 3,18,Evac Area 3 Dock,Safe Area 3 Marina,452.2800000000001,463.0800000000001,463.0800000000001,466.0800000000001,25.0,12,Evac Area 3
19,Vessel 3,19,Safe Area 3 Marina,Evac Area 3 Dock,466.0800000000001,476.8800000000001,476.8800000000001,479.8800000000001,25.0,0,None
20,Vessel 3,20,Evac Area 3 Dock,Safe Area 3 Marina,479.8800000000001,490.6800000000001,490.6800000000001,493.6800000000001,25.0,7,Evac Area 3
1,Vessel 4,1,Safe Area 3 Marina,Evac Area 4 Dock,200.88,218.88,218.88,223.88,25.0,0,None
2,Vessel 4,2,Evac Area 4 Dock,Safe Area 3 Marina,223.88,241.88,241.88,246.88,25.0,38,Evac Area 4
3,Vessel 4,3,Safe Area 3 Marina,Evac Area 4 Dock,246.88,264.88,264.88,269.88,25.0,0,None
4,Vessel 4,4,Evac Area 4 Dock,Safe Area 3 Marina,269.88,287.88,287.88,292.88,25.0,38,Evac Area 4
5,Vessel 4,5,Safe Area 3 Marina,Evac Area 4 Dock,292.88,310.88,310.88,315.88,25.0,0,None
6,Vessel 4,6,Evac Area 4 Dock,Safe Area 3 Marina,315.88,333.88,333.88,338.88,25.0,38,Evac Area 4
7,Vessel 4,7,Safe Area 3 Marina,Evac Area 4 Dock,338.88,356.88,356.88,361.88,25.0,0,None
8,Vessel 4,8,Evac Area 4 Dock,Safe Area 2 Harbor,361.88,380.12,380.12,385.12,25.0,38,Evac Area 4
9,Vessel 4,9,Safe Area 2 Harbor,Evac Area 2 Marina,385.12,397.12,397.12,402.12,25.0,0,None
10,Vessel 4,10,Evac Area 2 Marina,Safe Area 2 Harbor,402.12,414.12,414.12,419.12,25.0,38,Evac Area 2
11,Vessel 4,11,Safe Area 2 Harbor,Evac Area 2 Marina,419.12,431.12,431.12,436.12,25.0,0,None
12,Vessel 4,12,Evac Area 2 Marina,Safe Area 2 Harbor,436.12,448.12,448.12,453.12,25.0,38,Evac Area 2
13,Vessel 4,13,Safe Area 2 Harbor,Evac Area 2 Marina,453.12,465.12,465.12,470.12,25.0,0,None
14,Vessel 4,14,Evac Area 2 Marina,Safe Area 2 Harbor,470.12,482.12,482.12,487.12,25.0,38,Evac Area 2
15,Vessel 4,15,Safe Area 2 Harbor,Evac Area 2 Marina,487.12,499.12,499.12,504.12,25.0,0,None
16,Vessel 4,16,Evac Area 2 Marina,Safe Area 2 Harbor,504.12,516.12,516.12,521.12,25.0,34,Evac Area 2
1,Vessel 5,1,Safe Area 3 Marina,Evac Area 4 Dock,221.66666666666669,246.66666666666669,246.66666666666669,256.6666666666667,18.0,0,None
2,Vessel 5,2,Evac Area 4 Dock,Safe Area 3 Marina,256.6666666666667,281.6666666666667,281.6666666666667,291.6666666666667,18.0,120,Evac Area 4
3,Vessel 5,3,Safe Area 3 Marina,Evac Area 4 Dock,291.6666666666667,316.6666666666667,316.6666666666667,326.6666666666667,18.0,0,None
4,Vessel 5,4,Evac Area 4 Dock,Safe Area 3 Marina,326.6666666666667,351.6666666666667,351.6666666666667,361.6666666666667,18.0,120,Evac Area 4
5,Vessel 5,5,Safe Area 3 Marina,Evac Area 4 Dock,361.6666666666667,386.6666666666667,386.6666666666667,396.6666666666667,18.0,0,None
6,Vessel 5,6,Evac Area 4 Dock,Safe Area 3 Marina,396.6666666666667,421.6666666666667,421.6666666666667,431.6666666666667,18.0,120,Evac Area 4
7,Vessel 5,7,Safe Area 3 Marina,Evac Area 4 Dock,431.6666666666667,456.6666666666667,456.6666666666667,466.6666666666667,18.0,0,None
8,Vessel 5,8,Evac Area 4 Dock,Safe Area 3 Marina,466.6666666666667,491.6666666666667,491.6666666666667,501.6666666666667,18.0,120,Evac Area 4
1,Vessel 6,1,Safe Area 3 Marina,Evac Area 3 Dock,198.0,208.8,208.8,211.8,25.0,0,None
2,Vessel 6,2,Evac Area 3 Dock,Safe Area 3 Marina,211.8,222.6,222.6,225.6,25.0,12,Evac Area 3
3,Vessel 6,3,Safe Area 3 Marina,Evac Area 3 Dock,225.6,236.39999999999998,236.39999999999998,239.39999999999998,25.0,0,None
4,Vessel 6,4,Evac Area 3 Dock,Safe Area 3 Marina,239.39999999999998,250.2,250.2,253.2,25.0,12,Evac Area 3
5,Vessel 6,5,Safe Area 3 Marina,Evac Area 3 Dock,253.2,264.0,264.0,267.0,25.0,0,None
6,Vessel 6,6,Evac Area 3 Dock,Safe Area 3 Marina,267.0,277.79999999999995,277.79999999999995,280.79999999999995,25.0,12,Evac Area 3
7,Vessel 6,7,Safe Area 3 Marina,Evac Area 3 Dock,280.79999999999995,291.59999999999997,291.59999999999997,294.59999999999997,25.0,0,None
8,Vessel 6,8,Evac Area 3 Dock,Safe Area 3 Marina,294.59999999999997,305.4,305.4,308.4,25.0,12,Evac Area 3
9,Vessel 6,9,Safe Area 3 Marina,Evac Area 3 Dock,308.4,319.2,319.2,322.2,25.0,0,None
10,Vessel 6,10,Evac Area 3 Dock,Safe Area 3 Marina,322.2,333.0,333.0,336.0,25.0,12,Evac Area 3
11,Vessel 6,11,Safe Area 3 Marina,Evac Area 3 Dock,336.0,346.8,346.8,349.8,25.0,0,None
12,Vessel 6,12,Evac Area 3 Dock,Safe Area 3 Marina,349.8,360.6,360.6,363.6,25.0,12,Evac Area 3
13,Vessel 6,13,Safe Area 3 Marina,Evac Area 4 Dock,363.6,381.6,381.6,384.6,25.0,0,None
14,Vessel 6,14,Evac Area 4 Dock,Safe Area 3 Marina,384.6,402.6,402.6,405.6,25.0,12,Evac Area 4
15,Vessel 6,15,Safe Area 3 Marina,Evac Area 4 Beach,405.6,423.6,423.6,426.6,25.0,0,None
16,Vessel 6,16,Evac Area 4 Beach,Safe Area 2 Harbor,426.6,444.84000000000003,444.84000000000003,447.84000000000003,25.0,12,Evac Area 4
17,Vessel 6,17,Safe Area 2 Harbor,Evac Area 2 Marina,447.84000000000003,459.84000000000003,459.84000000000003,462.84000000000003,25.0,0,None
18,Vessel 6,18,Evac Area 2 Marina,Safe Area 2 Harbor,462.84000000000003,474.84000000000003,474.84000000000003,477.84000000000003,25.0,12,Evac Area 2
19,Vessel 6,19,Safe Area 2 Harbor,Evac Area 4 Beach,477.84000000000003,496.08000000000004,496.08000000000004,499.08000000000004,25.0,0,None
20,Vessel 6,20,Evac Area 4 Beach,Safe Area 3 Marina,499.08000000000004,517.08,517.08,520.08,25.0,12,Evac Area 4
