segment_id,resource_id,route_segment_id,origin,destination,route_start_time,route_end_time,load_start_time,load_end_time,resource_speed,evacuees,evacuated_location
1,Vessel 1,1,Safe Area 1 Terminal,Evac Area 1 Ferry Terminal,10.0,24.0,24.0,34.0,12.0,0,None
2,Vessel 1,2,Evac Area 1 Ferry Terminal,Safe Area 1 Terminal,34.0,48.0,48.0,58.0,12.0,89,Evac Area 1
1,Vessel 2,1,Safe Area 2 Harbor,Evac Area 4 Dock,10.0,28.24,28.24,31.24,25.0,0,None
2,Vessel 2,2,Evac Area 4 Dock,Safe Area 3 Marina,31.24,49.24,49.24,52.24,25.0,12,Evac Area 4
1,Vessel 4,1,Safe Area 1 Terminal,Evac Area 4 Dock,10.0,31.6,31.6,36.6,25.0,0,None
2,Vessel 4,2,Evac Area 4 Dock,Safe Area 3 Marina,36.6,54.6,54.6,59.6,25.0,38,Evac Area 4
1,Vessel 5,1,Safe Area 1 Terminal,Evac Area 4 Dock,30.0,60.0,60.0,70.0,18.0,0,None
2,Vessel 5,2,Evac Area 4 Dock,Safe Area 3 Marina,70.0,95.0,95.0,105.0,18.0,120,Evac Area 4
1,Vessel 6,1,Safe Area 1 Terminal,Evac Area 4 Beach,30.0,51.6,51.6,54.6,25.0,0,None
2,Vessel 6,2,Evac Area 4 Beach,Safe Area 3 Marina,54.6,72.6,72.6,75.6,25.0,12,Evac Area 4
1,Vessel 1,1,Safe Area 1 Terminal,Evac Area 1 Ferry Terminal,58.0,72.0,72.0,82.0,12.0,0,None
2,Vessel 1,2,Evac Area 1 Ferry Terminal,Safe Area 1 Terminal,82.0,96.0,96.0,106.0,12.0,268,Evac Area 1
3,Vessel 1,3,Safe Area 1 Terminal,Evac Area 1 Ferry Terminal,106.0,120.0,120.0,130.0,12.0,0,None
4,Vessel 1,4,Evac Area 1 Ferry Terminal,Safe Area 1 Terminal,130.0,144.0,144.0,154.0,12.0,457,Evac Area 1
1,Vessel 2,1,Safe Area 3 Marina,Evac Area 4 Dock,52.24,70.24000000000001,70.24000000000001,73.24000000000001,25.0,0,None
2,Vessel 2,2,Evac Area 4 Dock,Safe Area 2 Harbor,73.24000000000001,91.48,91.48,94.48,25.0,12,Evac Area 4
3,Vessel 2,3,Safe Area 2 Harbor,Evac Area 2 Marina,94.48,106.48,106.48,109.48,25.0,0,None
4,Vessel 2,4,Evac Area 2 Marina,Safe Area 2 Harbor,109.48,121.48,121.48,124.48,25.0,12,Evac Area 2
5,Vessel 2,5,Safe Area 2 Harbor,Evac Area 2 Marina,124.48,136.48000000000002,136.48000000000002,139.48000000000002,25.0,0,None
6,Vessel 2,6,Evac Area 2 Marina,Safe Area 2 Harbor,139.48000000000002,151.48000000000002,151.48000000000002,154.48000000000002,25.0,12,Evac Area 2
7,Vessel 2,7,Safe Area 2 Harbor,Evac Area 2 Marina,154.48000000000002,166.48000000000002,166.48000000000002,169.48000000000002,25.0,0,None
8,Vessel 2,8,Evac Area 2 Marina,Safe Area 2 Harbor,169.48000000000002,181.48000000000002,181.48000000000002,184.48000000000002,25.0,12,Evac Area 2
9,Vessel 2,9,Safe Area 2 Harbor,Evac Area 4 Dock,184.48000000000002,202.72000000000003,202.72000000000003,205.72000000000003,25.0,0,None
10,Vessel 2,10,Evac Area 4 Dock,Safe Area 3 Marina,205.72000000000003,223.72000000000003,223.72000000000003,226.72000000000003,25.0,12,Evac Area 4
11,Vessel 2,11,Safe Area 3 Marina,Evac Area 2 Marina,226.72000000000003,243.52000000000004,243.52000000000004,246.52000000000004,25.0,0,None
12,Vessel 2,12,Evac Area 2 Marina,Safe Area 2 Harbor,246.52000000000004,258.52000000000004,258.52000000000004,261.52000000000004,25.0,12,Evac Area 2
13,Vessel 2,13,Safe Area 2 Harbor,Evac Area 2 Marina,261.52000000000004,273.52000000000004,273.52000000000004,276.52000000000004,25.0,0,None
14,Vessel 2,14,Evac Area 2 Marina,Safe Area 2 Harbor,276.52000000000004,288.52000000000004,288.52000000000004,291.52000000000004,25.0,12,Evac Area 2
1,Vessel 3,1,Safe Area 3 Marina,Evac Area 4 Dock,60.0,78.0,78.0,81.0,25.0,0,None
2,Vessel 3,2,Evac Area 4 Dock,Safe Area 2 Harbor,81.0,99.24,99.24,102.24,25.0,12,Evac Area 4
3,Vessel 3,3,Safe Area 2 Harbor,Evac Area 2 Marina,102.24,114.24,114.24,117.24,25.0,0,None
4,Vessel 3,4,Evac Area 2 Marina,Safe Area 2 Harbor,117.24,129.24,129.24,132.24,25.0,12,Evac Area 2
5,Vessel 3,5,Safe Area 2 Harbor,Evac Area 4 Beach,132.24,150.48,150.48,153.48,25.0,0,None
6,Vessel 3,6,Evac Area 4 Beach,Safe Area 2 Harbor,153.48,171.72,171.72,174.72,25.0,6,Evac Area 4
7,Vessel 3,7,Safe Area 2 Harbor,Evac Area 2 Marina,174.72,186.72,186.72,189.72,25.0,0,None
8,Vessel 3,8,Evac Area 2 Marina,Safe Area 2 Harbor,189.72,201.72,201.72,204.72,25.0,12,Evac Area 2
9,Vessel 3,9,Safe Area 2 Harbor,Evac Area 2 Marina,204.72,216.72,216.72,219.72,25.0,0,None
10,Vessel 3,10,Evac Area 2 Marina,Safe Area 2 Harbor,219.72,231.72,231.72,234.72,25.0,12,Evac Area 2
11,Vessel 3,11,Safe Area 2 Harbor,Evac Area 2 Marina,234.72,246.72,246.72,249.72,25.0,0,None
12,Vessel 3,12,Evac Area 2 Marina,Safe Area 2 Harbor,249.72,261.72,261.72,264.72,25.0,12,Evac Area 2
13,Vessel 3,13,Safe Area 2 Harbor,Evac Area 2 Marina,264.72,276.72,276.72,279.72,25.0,0,None
14,Vessel 3,14,Evac Area 2 Marina,Safe Area 2 Harbor,279.72,291.72,291.72,294.72,25.0,12,Evac Area 2
1,Vessel 4,1,Safe Area 3 Marina,Evac Area 3 Dock,59.6,70.4,70.4,75.4,25.0,0,None
2,Vessel 4,2,Evac Area 3 Dock,Safe Area 3 Marina,75.4,86.19999999999999,86.19999999999999,91.19999999999999,25.0,38,Evac Area 3
3,Vessel 4,3,Safe Area 3 Marina,Evac Area 3 Dock,91.19999999999999,102.0,102.0,107.0,25.0,0,None
4,Vessel 4,4,Evac Area 3 Dock,Safe Area 3 Marina,107.0,117.8,117.8,122.8,25.0,38,Evac Area 3
5,Vessel 4,5,Safe Area 3 Marina,Evac Area 2 Marina,122.8,139.6,139.6,144.6,25.0,0,None
6,Vessel 4,6,Evac Area 2 Marina,Safe Area 2 Harbor,144.6,156.6,156.6,161.6,25.0,38,Evac Area 2
7,Vessel 4,7,Safe Area 2 Harbor,Evac Area 2 Marina,161.6,173.6,173.6,178.6,25.0,0,None
8,Vessel 4,8,Evac Area 2 Marina,Safe Area 2 Harbor,178.6,190.6,190.6,195.6,25.0,38,Evac Area 2
9,Vessel 4,9,Safe Area 2 Harbor,Evac Area 2 Marina,195.6,207.6,207.6,212.6,25.0,0,None
10,Vessel 4,10,Evac Area 2 Marina,Safe Area 2 Harbor,212.6,224.6,224.6,229.6,25.0,38,Evac Area 2
11,Vessel 4,11,Safe Area 2 Harbor,Evac Area 2 Marina,229.6,241.6,241.6,246.6,25.0,0,None
12,Vessel 4,12,Evac Area 2 Marina,Safe Area 2 Harbor,246.6,258.6,258.6,263.6,25.0,38,Evac Area 2
13,Vessel 4,13,Safe Area 2 Harbor,Evac Area 2 Marina,263.6,275.6,275.6,280.6,25.0,0,None
14,Vessel 4,14,Evac Area 2 Marina,Safe Area 2 Harbor,280.6,292.6,292.6,297.6,25.0,38,Evac Area 2
15,Vessel 4,15,Safe Area 2 Harbor,Evac Area 2 Marina,297.6,309.6,309.6,314.6,25.0,0,None
16,Vessel 4,16,Evac Area 2 Marina,Safe Area 2 Harbor,314.6,326.6,326.6,331.6,25.0,38,Evac Area 2
1,Vessel 5,1,Safe Area 3 Marina,Evac Area 4 Dock,105.0,130.0,130.0,140.0,18.0,0,None
2,Vessel 5,2,Evac Area 4 Dock,Safe Area 2 Harbor,140.0,165.33333333333334,165.33333333333334,175.33333333333334,18.0,120,Evac Area 4
3,Vessel 5,3,Safe Area 2 Harbor,Evac Area 2 Marina,175.33333333333334,192.0,192.0,202.0,18.0,0,None
4,Vessel 5,4,Evac Area 2 Marina,Safe Area 2 Harbor,202.0,218.66666666666666,218.66666666666666,228.66666666666666,18.0,120,Evac Area 2
5,Vessel 5,5,Safe Area 2 Harbor,Evac Area 2 Marina,228.66666666666666,245.33333333333331,245.33333333333331,255.33333333333331,18.0,0,None
6,Vessel 5,6,Evac Area 2 Marina,Safe Area 2 Harbor,255.33333333333331,272.0,272.0,282.0,18.0,111,Evac Area 2
7,Vessel 5,7,Safe Area 2 Harbor,Evac Area 2 Marina,282.0,298.66666666666663,298.66666666666663,308.66666666666663,18.0,0,None
8,Vessel 5,8,Evac Area 2 Marina,Safe Area 2 Harbor,308.66666666666663,325.3333333333333,325.3333333333333,335.3333333333333,18.0,120,Evac Area 2
1,Vessel 6,1,Safe Area 3 Marina,Evac Area 4 Beach,75.6,93.6,93.6,96.6,25.0,0,None
2,Vessel 6,2,Evac Area 4 Beach,Safe Area 2 Harbor,96.6,114.83999999999999,114.83999999999999,117.83999999999999,25.0,12,Evac Area 4
3,Vessel 6,3,Safe Area 2 Harbor,Evac Area 2 Marina,117.83999999999999,129.83999999999997,129.83999999999997,132.83999999999997,25.0,0,None
4,Vessel 6,4,Evac Area 2 Marina,Safe Area 2 Harbor,132.83999999999997,144.83999999999997,144.83999999999997,147.83999999999997,25.0,12,Evac Area 2
5,Vessel 6,5,Safe Area 2 Harbor,Evac Area 2 Marina,147.83999999999997,159.83999999999997,159.83999999999997,162.83999999999997,25.0,0,None
6,Vessel 6,6,Evac Area 2 Marina,Safe Area 2 Harbor,162.83999999999997,174.83999999999997,174.83999999999997,177.83999999999997,25.0,12,Evac Area 2
7,Vessel 6,7,Safe Area 2 Harbor,Evac Area 2 Marina,177.83999999999997,189.83999999999997,189.83999999999997,192.83999999999997,25.0,0,None
8,Vessel 6,8,Evac Area 2 Marina,Safe Area 2 Harbor,192.83999999999997,204.83999999999997,204.83999999999997,207.83999999999997,25.0,12,Evac Area 2
9,Vessel 6,9,Safe Area 2 Harbor,Evac Area 2 Marina,207.83999999999997,219.83999999999997,219.83999999999997,222.83999999999997,25.0,0,None
10,Vessel 6,10,Evac Area 2 Marina,Safe Area 2 Harbor,222.83999999999997,234.83999999999997,234.83999999999997,237.83999999999997,25.0,12,Evac Area 2
11,Vessel 6,11,Safe Area 2 Harbor,Evac Area 2 Marina,237.83999999999997,249.83999999999997,249.83999999999997,252.83999999999997,25.0,0,None
12,Vessel 6,12,Evac Area 2 Marina,Safe Area 2 Harbor,252.83999999999997,264.84,264.84,267.84,25.0,12,Evac Area 2
13,Vessel 6,13,Safe Area 2 Harbor,Evac Area 2 Marina,267.84,279.84,279.84,282.84,25.0,0,None
14,Vessel 6,14,Evac Area 2 Marina,Safe Area 2 Harbor,282.84,294.84,294.84,297.84,25.0,12,Evac Area 2
15,Vessel 6,15,Safe Area 2 Harbor,Evac Area 2 Marina,297.84,309.84,309.84,312.84,25.0,0,None
16,Vessel 6,16,Evac Area 2 Marina,Safe Area 2 Harbor,312.84,324.84,324.84,327.84,25.0,12,Evac Area 2
