segment_id,resource_id,route_segment_id,origin,destination,route_start_time,route_end_time,load_start_time,load_end_time,resource_speed,evacuees,evacuated_location,post_run_correction
1,Vessel 1,1,Safe Area 1 Terminal,Evac Area 1 Ferry Terminal,10.0,24.0,24.0,34.0,12.0,0,None,
2,Vessel 1,2,Evac Area 1 Ferry Terminal,Safe Area 1 Terminal,34.0,48.0,48.0,58.0,12.0,118,Evac Area 1,
3,Vessel 1,3,Safe Area 1 Terminal,Evac Area 1 Ferry Terminal,58.0,72.0,72.0,82.0,12.0,0,None,
4,Vessel 1,4,Evac Area 1 Ferry Terminal,Safe Area 1 Terminal,82.0,96.0,96.0,106.0,12.0,457,Evac Area 1,
1,Vessel 2,1,Safe Area 2 Harbor,Evac Area 4 Beach,10.0,28.24000000000001,28.24000000000001,31.24000000000001,25.0,0,None,
2,Vessel 2,2,Evac Area 4 Beach,Safe Area 2 Harbor,31.24000000000001,49.48000000000002,49.48000000000002,52.48000000000002,25.0,12,Evac Area 4,
3,Vessel 2,3,Safe Area 2 Harbor,Evac Area 2 Marina,52.48000000000002,64.47999999999996,64.47999999999996,67.47999999999996,25.0,0,None,
4,Vessel 2,4,Evac Area 2 Marina,Safe Area 2 Harbor,67.47999999999996,79.47999999999996,79.47999999999996,82.47999999999996,25.0,12,Evac Area 2,
5,Vessel 2,5,Safe Area 2 Harbor,Evac Area 2 Marina,82.47999999999996,94.48000000000002,94.48000000000002,97.48000000000002,25.0,0,None,
6,Vessel 2,6,Evac Area 2 Marina,Safe Area 2 Harbor,97.48000000000002,109.48000000000002,109.48000000000002,112.48000000000002,25.0,12,Evac Area 2,
7,Vessel 2,7,Safe Area 2 Harbor,Evac Area 2 Marina,112.48000000000002,124.48000000000002,124.48000000000002,127.48000000000002,25.0,0,None,
8,Vessel 2,8,Evac Area 2 Marina,Safe Area 2 Harbor,127.48000000000002,139.47999999999996,139.47999999999996,142.47999999999996,25.0,12,Evac Area 2,
9,Vessel 2,9,Safe Area 2 Harbor,Evac Area 2 Marina,142.47999999999996,154.47999999999996,154.47999999999996,157.47999999999996,25.0,0,None,
10,Vessel 2,10,Evac Area 2 Marina,Safe Area 2 Harbor,157.47999999999996,169.47999999999996,169.47999999999996,172.47999999999996,25.0,12,Evac Area 2,
11,Vessel 2,11,Safe Area 2 Harbor,Evac Area 2 Marina,172.47999999999996,184.48,184.48,187.48,25.0,0,None,
12,Vessel 2,12,Evac Area 2 Marina,Safe Area 2 Harbor,187.48,199.48,199.48,202.48,25.0,12,Evac Area 2,
13,Vessel 2,13,Safe Area 2 Harbor,Evac Area 2 Marina,202.48,214.48,214.48,217.48,25.0,0,None,
14,Vessel 2,14,Evac Area 2 Marina,Safe Area 2 Harbor,217.48,229.48,229.48,232.48,25.0,12,Evac Area 2,
15,Vessel 2,15,Safe Area 2 Harbor,Evac Area 2 Marina,232.48,244.48,244.48,247.48,25.0,0,None,
16,Vessel 2,16,Evac Area 2 Marina,Safe Area 2 Harbor,247.48,259.48,259.48,262.48,25.0,12,Evac Area 2,
17,Vessel 2,17,Safe Area 2 Harbor,Evac Area 2 Marina,262.48,274.48,274.48,277.48,25.0,0,None,
18,Vessel 2,18,Evac Area 2 Marina,Safe Area 1 Terminal,277.48,301.48,301.48,304.48,25.0,12,Evac Area 2,
19,Vessel 2,19,Safe Area 1 Terminal,Evac Area 2 Marina,304.48,328.48,328.48,331.48,25.0,0,None,
20,Vessel 2,20,Evac Area 2 Marina,Safe Area 2 Harbor,331.48,343.48,343.48,346.48,25.0,12,Evac Area 2,
21,Vessel 2,21,Safe Area 2 Harbor,Evac Area 2 Marina,346.48,358.48,358.48,361.48,25.0,0,None,
22,Vessel 2,22,Evac Area 2 Marina,Safe Area 2 Harbor,361.48,373.48,373.48,376.48,25.0,12,Evac Area 2,
23,Vessel 2,23,Safe Area 2 Harbor,Evac Area 2 Marina,376.48,388.48,388.48,391.48,25.0,0,None,
24,Vessel 2,24,Evac Area 2 Marina,Safe Area 2 Harbor,391.48,403.48,403.48,406.48,25.0,12,Evac Area 2,
1,Vessel 3,1,Safe Area 3 Marina,Evac Area 2 Marina,60.0,76.80000000000001,76.80000000000001,79.80000000000001,25.0,0,None,
2,Vessel 3,2,Evac Area 2 Marina,Safe Area 2 Harbor,79.80000000000001,91.80000000000001,91.80000000000001,94.80000000000001,25.0,12,Evac Area 2,
3,Vessel 3,3,Safe Area 2 Harbor,Evac Area 2 Marina,94.80000000000001,106.80000000000001,106.80000000000001,109.80000000000001,25.0,0,None,
4,Vessel 3,4,Evac Area 2 Marina,Safe Area 2 Harbor,109.80000000000001,121.80000000000001,121.80000000000001,124.80000000000001,25.0,12,Evac Area 2,
5,Vessel 3,5,Safe Area 2 Harbor,Evac Area 2 Marina,124.80000000000001,136.8,136.8,139.8,25.0,0,None,
6,Vessel 3,6,Evac Area 2 Marina,Safe Area 2 Harbor,139.8,151.8,151.8,154.8,25.0,12,Evac Area 2,
7,Vessel 3,7,Safe Area 2 Harbor,Evac Area 2 Marina,154.8,166.8,166.8,169.8,25.0,0,None,
8,Vessel 3,8,Evac Area 2 Marina,Safe Area 2 Harbor,169.8,181.8,181.8,184.8,25.0,12,Evac Area 2,
9,Vessel 3,9,Safe Area 2 Harbor,Evac Area 2 Marina,184.8,196.8,196.8,199.8,25.0,0,None,
10,Vessel 3,10,Evac Area 2 Marina,Safe Area 2 Harbor,199.8,211.8,211.8,214.8,25.0,12,Evac Area 2,
11,Vessel 3,11,Safe Area 2 Harbor,Evac Area 2 Marina,214.8,226.8,226.8,229.8,25.0,0,None,
12,Vessel 3,12,Evac Area 2 Marina,Safe Area 2 Harbor,229.8,241.8,241.8,244.8,25.0,12,Evac Area 2,
13,Vessel 3,13,Safe Area 2 Harbor,Evac Area 2 Marina,244.8,256.8,256.8,259.8,25.0,0,None,
14,Vessel 3,14,Evac Area 2 Marina,Safe Area 2 Harbor,259.8,271.8,271.8,274.8,25.0,12,Evac Area 2,
15,Vessel 3,15,Safe Area 2 Harbor,Evac Area 2 Marina,274.8,286.8,286.8,289.8,25.0,0,None,
16,Vessel 3,16,Evac Area 2 Marina,Safe Area 2 Harbor,289.8,301.8,301.8,304.8,25.0,12,Evac Area 2,
17,Vessel 3,17,Safe Area 2 Harbor,Evac Area 2 Marina,304.8,316.8,316.8,319.8,25.0,0,None,
18,Vessel 3,18,Evac Area 2 Marina,Safe Area 2 Harbor,319.8,331.8,331.8,334.8,25.0,12,Evac Area 2,
19,Vessel 3,19,Safe Area 2 Harbor,Evac Area 2 Marina,334.8,346.8,346.8,349.8,25.0,0,None,
20,Vessel 3,20,Evac Area 2 Marina,Safe Area 2 Harbor,349.8,361.8,361.8,364.8,25.0,12,Evac Area 2,
21,Vessel 3,21,Safe Area 2 Harbor,Evac Area 2 Marina,364.8,376.8,376.8,379.8,25.0,0,None,
22,Vessel 3,22,Evac Area 2 Marina,Safe Area 2 Harbor,379.8,391.8,391.8,394.8,25.0,12,Evac Area 2,
1,Vessel 4,1,Safe Area 1 Terminal,Evac Area 3 Dock,10.0,22.0,22.0,27.0,25.0,0,None,
2,Vessel 4,2,Evac Area 3 Dock,Safe Area 3 Marina,27.0,37.80000000000001,37.80000000000001,42.80000000000001,25.0,38,Evac Area 3,
3,Vessel 4,3,Safe Area 3 Marina,Evac Area 4 Dock,42.80000000000001,60.80000000000001,60.80000000000001,65.80000000000001,25.0,0,None,
4,Vessel 4,4,Evac Area 4 Dock,Safe Area 2 Harbor,65.80000000000001,84.04000000000002,84.04000000000002,89.04000000000002,25.0,38,Evac Area 4,
5,Vessel 4,5,Safe Area 2 Harbor,Evac Area 2 Marina,89.04000000000002,101.04000000000002,101.04000000000002,106.04000000000002,25.0,0,None,
6,Vessel 4,6,Evac Area 2 Marina,Safe Area 2 Harbor,106.04000000000002,118.04000000000002,118.04000000000002,123.04000000000002,25.0,38,Evac Area 2,
7,Vessel 4,7,Safe Area 2 Harbor,Evac Area 2 Marina,123.04000000000002,135.04000000000002,135.04000000000002,140.04000000000002,25.0,0,None,
8,Vessel 4,8,Evac Area 2 Marina,Safe Area 2 Harbor,140.04000000000002,152.04000000000002,152.04000000000002,157.04000000000002,25.0,38,Evac Area 2,
9,Vessel 4,9,Safe Area 2 Harbor,Evac Area 2 Marina,157.04000000000002,169.04000000000002,169.04000000000002,174.04,25.0,0,None,
10,Vessel 4,10,Evac Area 2 Marina,Safe Area 2 Harbor,174.04,186.04,186.04,191.04,25.0,38,Evac Area 2,
11,Vessel 4,11,Safe Area 2 Harbor,Evac Area 2 Marina,191.04,203.04,203.04,208.04,25.0,0,None,
12,Vessel 4,12,Evac Area 2 Marina,Safe Area 2 Harbor,208.04,220.04,220.04,225.04,25.0,38,Evac Area 2,
13,Vessel 4,13,Safe Area 2 Harbor,Evac Area 2 Marina,225.04,237.04,237.04,242.04,25.0,0,None,
14,Vessel 4,14,Evac Area 2 Marina,Safe Area 2 Harbor,242.04,254.04,254.04,259.04,25.0,38,Evac Area 2,
15,Vessel 4,15,Safe Area 2 Harbor,Evac Area 2 Marina,259.04,271.04,271.04,276.04,25.0,0,None,
16,Vessel 4,16,Evac Area 2 Marina,Safe Area 2 Harbor,276.04,288.04,288.04,293.04,25.0,38,Evac Area 2,
17,Vessel 4,17,Safe Area 2 Harbor,Evac Area 2 Marina,293.04,305.04,305.04,310.04,25.0,0,None,
18,Vessel 4,18,Evac Area 2 Marina,Safe Area 2 Harbor,310.04,322.04,322.04,327.04,25.0,38,Evac Area 2,
19,Vessel 4,19,Safe Area 2 Harbor,Evac Area 2 Marina,327.04,339.04,339.04,344.04,25.0,0,None,
20,Vessel 4,20,Evac Area 2 Marina,Safe Area 2 Harbor,344.04,356.04,356.04,361.04,25.0,38,Evac Area 2,
21,Vessel 4,21,Safe Area 2 Harbor,Evac Area 2 Marina,361.04,373.04,373.04,378.04,25.0,0,None,
22,Vessel 4,22,Evac Area 2 Marina,Safe Area 2 Harbor,378.04,390.04,390.04,395.04,25.0,38,Evac Area 2,
23,Vessel 4,23,Safe Area 2 Harbor,Evac Area 2 Marina,395.04,407.04,407.04,412.04,25.0,0,None,
24,Vessel 4,24,Evac Area 2 Marina,Safe Area 2 Harbor,412.04,424.04,424.04,429.04,25.0,38,Evac Area 2,
1,Vessel 5,1,Safe Area 1 Terminal,Evac Area 4 Dock,30.0,60.0,60.0,70.0,18.0,0,None,
2,Vessel 5,2,Evac Area 4 Dock,Safe Area 3 Marina,70.0,95.0,95.0,105.0,18.0,120,Evac Area 4,
3,Vessel 5,3,Safe Area 3 Marina,Evac Area 4 Dock,105.0,130.0,130.0,140.0,18.0,0,None,
4,Vessel 5,4,Evac Area 4 Dock,Safe Area 3 Marina,140.0,165.0,165.0,175.0,18.0,120,Evac Area 4,
5,Vessel 5,5,Safe Area 3 Marina,Evac Area 4 Dock,175.0,200.0,200.0,210.0,18.0,0,None,
6,Vessel 5,6,Evac Area 4 Dock,Safe Area 3 Marina,210.0,235.0,235.0,245.0,18.0,120,Evac Area 4,
7,Vessel 5,7,Safe Area 3 Marina,Evac Area 4 Dock,245.0,270.0,270.0,280.0,18.0,0,None,
8,Vessel 5,8,Evac Area 4 Dock,Safe Area 2 Harbor,280.0,305.3333333333333,305.3333333333333,315.3333333333333,18.0,120,Evac Area 4,
9,Vessel 5,9,Safe Area 2 Harbor,Evac Area 2 Marina,315.3333333333333,332.0,332.0,342.0,18.0,0,None,
10,Vessel 5,10,Evac Area 2 Marina,Safe Area 2 Harbor,342.0,358.6666666666667,358.6666666666667,368.6666666666667,18.0,120,Evac Area 2,
11,Vessel 5,11,Safe Area 2 Harbor,Evac Area 2 Marina,368.6666666666667,385.33333333333337,385.33333333333337,395.33333333333337,18.0,0,None,
12,Vessel 5,12,Evac Area 2 Marina,Safe Area 2 Harbor,395.33333333333337,412.00000000000006,412.00000000000006,422.00000000000006,18.0,120,Evac Area 2,
1,Vessel 6,1,Safe Area 1 Terminal,Evac Area 4 Beach,30.0,51.60000000000002,51.60000000000002,54.60000000000002,25.0,0,None,
2,Vessel 6,2,Evac Area 4 Beach,Safe Area 2 Harbor,54.60000000000002,72.83999999999997,72.83999999999997,75.83999999999997,25.0,5,Evac Area 4,
3,Vessel 6,3,Safe Area 2 Harbor,Evac Area 2 Marina,75.83999999999997,87.83999999999997,87.83999999999997,90.83999999999997,25.0,0,None,
4,Vessel 6,4,Evac Area 2 Marina,Safe Area 2 Harbor,90.83999999999997,102.83999999999997,102.83999999999997,105.83999999999997,25.0,12,Evac Area 2,
5,Vessel 6,5,Safe Area 2 Harbor,Evac Area 2 Marina,105.83999999999997,117.83999999999997,117.83999999999997,120.83999999999997,25.0,0,None,
6,Vessel 6,6,Evac Area 2 Marina,Safe Area 2 Harbor,120.83999999999997,132.83999999999997,132.83999999999997,135.83999999999997,25.0,1,Evac Area 2,
7,Vessel 6,7,Safe Area 2 Harbor,Evac Area 2 Marina,135.83999999999997,147.83999999999997,147.83999999999997,150.83999999999997,25.0,0,None,
8,Vessel 6,8,Evac Area 2 Marina,Safe Area 2 Harbor,150.83999999999997,162.83999999999997,162.83999999999997,165.83999999999997,25.0,12,Evac Area 2,
9,Vessel 6,9,Safe Area 2 Harbor,Evac Area 2 Marina,165.83999999999997,177.83999999999995,177.83999999999995,180.84,25.0,0,None,
10,Vessel 6,10,Evac Area 2 Marina,Safe Area 2 Harbor,180.84,192.84,192.84,195.84,25.0,12,Evac Area 2,
11,Vessel 6,11,Safe Area 2 Harbor,Evac Area 2 Marina,195.84,207.84,207.84,210.84,25.0,0,None,
12,Vessel 6,12,Evac Area 2 Marina,Safe Area 2 Harbor,210.84,222.84,222.84,225.84,25.0,12,Evac Area 2,
13,Vessel 6,13,Safe Area 2 Harbor,Evac Area 2 Marina,225.84,237.84,237.84,240.84,25.0,0,None,
14,Vessel 6,14,Evac Area 2 Marina,Safe Area 2 Harbor,240.84,252.84,252.84,255.84,25.0,12,Evac Area 2,
15,Vessel 6,15,Safe Area 2 Harbor,Evac Area 2 Marina,255.84,267.84,267.84,270.84,25.0,0,None,
16,Vessel 6,16,Evac Area 2 Marina,Safe Area 2 Harbor,270.84,282.84,282.84,285.84,25.0,12,Evac Area 2,
17,Vessel 6,17,Safe Area 2 Harbor,Evac Area 2 Marina,285.84,297.84,297.84,300.84,25.0,0,None,
18,Vessel 6,18,Evac Area 2 Marina,Safe Area 2 Harbor,300.84,312.84,312.84,315.84,25.0,12,Evac Area 2,
19,Vessel 6,19,Safe Area 2 Harbor,Evac Area 2 Marina,315.84,327.84,327.84,330.84,25.0,0,None,
20,Vessel 6,20,Evac Area 2 Marina,Safe Area 2 Harbor,330.84,342.84,342.84,345.84,25.0,12,Evac Area 2,
21,Vessel 6,21,Safe Area 2 Harbor,Evac Area 2 Marina,345.84,357.84,357.84,360.84,25.0,0,None,
22,Vessel 6,22,Evac Area 2 Marina,Safe Area 2 Harbor,360.84,372.84,372.84,375.84,25.0,12,Evac Area 2,
23,Vessel 6,23,Safe Area 2 Harbor,Evac Area 2 Marina,375.84,387.84,387.84,390.84,25.0,0,None,
24,Vessel 6,24,Evac Area 2 Marina,Safe Area 2 Harbor,390.84,402.84,402.84,405.84,25.0,12,Evac Area 2,
1,Vessel 1,1,Safe Area 1 Terminal,Evac Area 1 Ferry Terminal,429.04,443.04,443.04,453.04,12.0,0,None,yes
2,Vessel 1,2,Evac Area 1 Ferry Terminal,Safe Area 1 Terminal,453.04,467.04,467.04,477.04,12.0,389,Evac Area 1,yes
1,Vessel 3,1,Safe Area 2 Harbor,Evac Area 4 Dock,429.04,447.28000000000003,447.28000000000003,450.28000000000003,25.0,0,None,yes
2,Vessel 3,2,Evac Area 4 Dock,Safe Area 1 Terminal,450.28000000000003,471.88,471.88,474.88,25.0,7,Evac Area 4,yes
1,Vessel 4,1,Safe Area 2 Harbor,Evac Area 3 Dock,429.04,448.24,448.24,453.24,25.0,0,None,yes
2,Vessel 4,2,Evac Area 3 Dock,Safe Area 1 Terminal,453.24,465.24,465.24,470.24,25.0,22,Evac Area 3,yes
1,Vessel 5,1,Safe Area 2 Harbor,Evac Area 4 Dock,429.04,454.37333333333333,454.37333333333333,464.37333333333333,18.0,0,None,yes
2,Vessel 5,2,Evac Area 4 Dock,Safe Area 3 Marina,464.37333333333333,489.37333333333333,489.37333333333333,499.37333333333333,18.0,120,Evac Area 4,yes
