segment_id,resource_id,route_segment_id,origin,destination,route_start_time,route_end_time,load_start_time,load_end_time,resource_speed,evacuees,evacuated_location
1,Vessel 1,1,Safe Area 1 Terminal,Evac Area 1 Ferry Terminal,10.0,24.0,24.0,34.0,12.0,0,None
2,Vessel 1,2,Evac Area 1 Ferry Terminal,Safe Area 1 Terminal,34.0,48.0,48.0,58.0,12.0,185,Evac Area 1
1,Vessel 1,1,Safe Area 1 Terminal,Evac Area 1 Ferry Terminal,58.0,72.0,72.0,82.0,12.0,0,None
2,Vessel 1,2,Evac Area 1 Ferry Terminal,Safe Area 1 Terminal,82.0,96.0,96.0,106.0,12.0,29,Evac Area 1
1,Vessel 2,1,Safe Area 2 Harbor,Evac Area 2 Marina,10.0,22.0,22.0,25.0,25.0,0,None
2,Vessel 2,2,Evac Area 2 Marina,Safe Area 2 Harbor,25.0,37.0,37.0,40.0,25.0,12,Evac Area 2
1,Vessel 2,1,Safe Area 2 Harbor,Evac Area 4 Beach,40.0,58.24000000000001,58.24000000000001,61.24000000000001,25.0,0,None
2,Vessel 2,2,Evac Area 4 Beach,Safe Area 3 Marina,61.24000000000001,79.24,79.24,82.24,25.0,6,Evac Area 4
1,Vessel 2,1,Safe Area 3 Marina,Evac Area 4 Beach,82.24,100.24,100.24,103.24,25.0,0,None
2,Vessel 2,2,Evac Area 4 Beach,Safe Area 2 Harbor,103.24,121.48,121.48,124.48,25.0,12,Evac Area 4
1,Vessel 2,1,Safe Area 2 Harbor,Evac Area 2 Marina,124.48,136.48000000000002,136.48000000000002,139.48000000000002,25.0,0,None
2,Vessel 2,2,Evac Area 2 Marina,Safe Area 2 Harbor,139.48000000000002,151.48000000000002,151.48000000000002,154.48000000000002,25.0,12,Evac Area 2
1,Vessel 2,1,Safe Area 2 Harbor,Evac Area 2 Marina,154.48000000000002,166.48000000000002,166.48000000000002,169.48000000000002,25.0,0,None
2,Vessel 2,2,Evac Area 2 Marina,Safe Area 2 Harbor,169.48000000000002,181.48,181.48,184.48,25.0,12,Evac Area 2
1,Vessel 3,1,Safe Area 3 Marina,Evac Area 4 Dock,60.0,78.0,78.0,81.0,25.0,0,None
2,Vessel 3,2,Evac Area 4 Dock,Safe Area 3 Marina,81.0,99.0,99.0,102.0,25.0,12,Evac Area 4
1,Vessel 3,1,Safe Area 3 Marina,Evac Area 3 Dock,102.0,112.8,112.8,115.8,25.0,0,None
2,Vessel 3,2,Evac Area 3 Dock,Safe Area 3 Marina,115.8,126.6,126.6,129.6,25.0,12,Evac Area 3
1,Vessel 3,1,Safe Area 3 Marina,Evac Area 4 Dock,129.6,147.6,147.6,150.6,25.0,0,None
2,Vessel 3,2,Evac Area 4 Dock,Safe Area 3 Marina,150.6,168.6,168.6,171.6,25.0,12,Evac Area 4
1,Vessel 4,1,Safe Area 1 Terminal,Evac Area 3 Dock,10.0,22.0,22.0,27.0,25.0,0,None
2,Vessel 4,2,Evac Area 3 Dock,Safe Area 3 Marina,27.0,37.8,37.8,42.8,25.0,35,Evac Area 3
1,Vessel 4,1,Safe Area 3 Marina,Evac Area 4 Dock,42.8,60.8,60.8,65.8,25.0,0,None
2,Vessel 4,2,Evac Area 4 Dock,Safe Area 3 Marina,65.8,83.8,83.8,88.8,25.0,38,Evac Area 4
1,Vessel 4,1,Safe Area 3 Marina,Evac Area 4 Dock,88.8,106.8,106.8,111.8,25.0,0,None
2,Vessel 4,2,Evac Area 4 Dock,Safe Area 2 Harbor,111.8,130.04,130.04,135.04,25.0,38,Evac Area 4
1,Vessel 4,1,Safe Area 2 Harbor,Evac Area 4 Dock,135.04,153.28,153.28,158.28,25.0,0,None
2,Vessel 4,2,Evac Area 4 Dock,Safe Area 3 Marina,158.28,176.27999999999997,176.27999999999997,181.28,25.0,38,Evac Area 4
1,Vessel 5,1,Safe Area 1 Terminal,Evac Area 3 Dock,30.0,46.66666666666667,46.66666666666667,56.66666666666667,18.0,0,None
2,Vessel 5,2,Evac Area 3 Dock,Safe Area 3 Marina,56.66666666666667,71.66666666666667,71.66666666666667,81.66666666666667,18.0,112,Evac Area 3
1,Vessel 5,1,Safe Area 3 Marina,Evac Area 4 Dock,81.66666666666667,106.66666666666669,106.66666666666669,116.66666666666669,18.0,0,None
2,Vessel 5,2,Evac Area 4 Dock,Safe Area 2 Harbor,116.66666666666669,142.0,142.0,152.0,18.0,120,Evac Area 4
1,Vessel 5,1,Safe Area 2 Harbor,Evac Area 2 Marina,152.0,168.66666666666666,168.66666666666666,178.66666666666666,18.0,0,None
2,Vessel 5,2,Evac Area 2 Marina,Safe Area 1 Terminal,178.66666666666666,212.0,212.0,222.0,18.0,120,Evac Area 2
1,Vessel 6,1,Safe Area 1 Terminal,Evac Area 3 Dock,30.0,42.0,42.0,45.0,25.0,0,None
2,Vessel 6,2,Evac Area 3 Dock,Safe Area 3 Marina,45.0,55.8,55.8,58.8,25.0,12,Evac Area 3
1,Vessel 6,1,Safe Area 3 Marina,Evac Area 4 Beach,58.8,76.8,76.8,79.8,25.0,0,None
2,Vessel 6,2,Evac Area 4 Beach,Safe Area 3 Marina,79.8,97.8,97.8,100.8,25.0,12,Evac Area 4
1,Vessel 6,1,Safe Area 3 Marina,Evac Area 3 Dock,100.8,111.6,111.6,114.6,25.0,0,None
2,Vessel 6,2,Evac Area 3 Dock,Safe Area 3 Marina,114.6,125.4,125.4,128.39999999999998,25.0,12,Evac Area 3
1,Vessel 6,1,Safe Area 3 Marina,Evac Area 4 Dock,128.39999999999998,146.39999999999998,146.39999999999998,149.39999999999998,25.0,0,None
2,Vessel 6,2,Evac Area 4 Dock,Safe Area 2 Harbor,149.39999999999998,167.64,167.64,170.64,25.0,12,Evac Area 4
1,Vessel 2,1,Safe Area 2 Harbor,Evac Area 2 Marina,184.48,196.48,196.48,199.48,25.0,0,None
2,Vessel 2,2,Evac Area 2 Marina,Safe Area 2 Harbor,199.48,211.48,211.48,214.48,25.0,12,Evac Area 2
3,Vessel 2,3,Safe Area 2 Harbor,Evac Area 2 Marina,214.48,226.48,226.48,229.48,25.0,0,None
4,Vessel 2,4,Evac Area 2 Marina,Safe Area 2 Harbor,229.48,241.48,241.48,244.48,25.0,12,Evac Area 2
5,Vessel 2,5,Safe Area 2 Harbor,Evac Area 2 Marina,244.48,256.48,256.48,259.48,25.0,0,None
6,Vessel 2,6,Evac Area 2 Marina,Safe Area 2 Harbor,259.48,271.48,271.48,274.48,25.0,12,Evac Area 2
7,Vessel 2,7,Safe Area 2 Harbor,Evac Area 2 Marina,274.48,286.48,286.48,289.48,25.0,0,None
8,Vessel 2,8,Evac Area 2 Marina,Safe Area 2 Harbor,289.48,301.48,301.48,304.48,25.0,12,Evac Area 2
9,Vessel 2,9,Safe Area 2 Harbor,Evac Area 2 Marina,304.48,316.48,316.48,319.48,25.0,0,None
10,Vessel 2,10,Evac Area 2 Marina,Safe Area 2 Harbor,319.48,331.48,331.48,334.48,25.0,1,Evac Area 2
11,Vessel 2,11,Safe Area 2 Harbor,Evac Area 2 Marina,334.48,346.48,346.48,349.48,25.0,0,None
12,Vessel 2,12,Evac Area 2 Marina,Safe Area 2 Harbor,349.48,361.48,361.48,364.48,25.0,12,Evac Area 2
13,Vessel 2,13,Safe Area 2 Harbor,Evac Area 2 Marina,364.48,376.48,376.48,379.48,25.0,0,None
14,Vessel 2,14,Evac Area 2 Marina,Safe Area 2 Harbor,379.48,391.48,391.48,394.48,25.0,12,Evac Area 2
15,Vessel 2,15,Safe Area 2 Harbor,Evac Area 2 Marina,394.48,406.48,406.48,409.48,25.0,0,None
16,Vessel 2,16,Evac Area 2 Marina,Safe Area 2 Harbor,409.48,421.48,421.48,424.48,25.0,12,Evac Area 2
17,Vessel 2,17,Safe Area 2 Harbor,Evac Area 2 Marina,424.48,436.48,436.48,439.48,25.0,0,None
18,Vessel 2,18,Evac Area 2 Marina,Safe Area 2 Harbor,439.48,451.48,451.48,454.48,25.0,12,Evac Area 2
1,Vessel 3,1,Safe Area 3 Marina,Evac Area 2 Marina,171.6,188.4,188.4,191.4,25.0,0,None
2,Vessel 3,2,Evac Area 2 Marina,Safe Area 2 Harbor,191.4,203.39999999999998,203.39999999999998,206.39999999999998,25.0,12,Evac Area 2
3,Vessel 3,3,Safe Area 2 Harbor,Evac Area 2 Marina,206.39999999999998,218.39999999999998,218.39999999999998,221.39999999999998,25.0,0,None
4,Vessel 3,4,Evac Area 2 Marina,Safe Area 2 Harbor,221.39999999999998,233.39999999999998,233.39999999999998,236.39999999999998,25.0,12,Evac Area 2
5,Vessel 3,5,Safe Area 2 Harbor,Evac Area 2 Marina,236.39999999999998,248.39999999999998,248.39999999999998,251.39999999999998,25.0,0,None
6,Vessel 3,6,Evac Area 2 Marina,Safe Area 2 Harbor,251.39999999999998,263.4,263.4,266.4,25.0,12,Evac Area 2
7,Vessel 3,7,Safe Area 2 Harbor,Evac Area 2 Marina,266.4,278.4,278.4,281.4,25.0,0,None
8,Vessel 3,8,Evac Area 2 Marina,Safe Area 2 Harbor,281.4,293.4,293.4,296.4,25.0,12,Evac Area 2
9,Vessel 3,9,Safe Area 2 Harbor,Evac Area 2 Marina,296.4,308.4,308.4,311.4,25.0,0,None
10,Vessel 3,10,Evac Area 2 Marina,Safe Area 2 Harbor,311.4,323.4,323.4,326.4,25.0,12,Evac Area 2
11,Vessel 3,11,Safe Area 2 Harbor,Evac Area 2 Marina,326.4,338.4,338.4,341.4,25.0,0,None
12,Vessel 3,12,Evac Area 2 Marina,Safe Area 2 Harbor,341.4,353.4,353.4,356.4,25.0,12,Evac Area 2
13,Vessel 3,13,Safe Area 2 Harbor,Evac Area 2 Marina,356.4,368.4,368.4,371.4,25.0,0,None
14,Vessel 3,14,Evac Area 2 Marina,Safe Area 2 Harbor,371.4,383.4,383.4,386.4,25.0,12,Evac Area 2
15,Vessel 3,15,Safe Area 2 Harbor,Evac Area 2 Marina,386.4,398.4,398.4,401.4,25.0,0,None
16,Vessel 3,16,Evac Area 2 Marina,Safe Area 2 Harbor,401.4,413.4,413.4,416.4,25.0,12,Evac Area 2
17,Vessel 3,17,Safe Area 2 Harbor,Evac Area 2 Marina,416.4,428.4,428.4,431.4,25.0,0,None
18,Vessel 3,18,Evac Area 2 Marina,Safe Area 2 Harbor,431.4,443.4,443.4,446.4,25.0,12,Evac Area 2
19,Vessel 3,19,Safe Area 2 Harbor,Evac Area 2 Marina,446.4,458.4,458.4,461.4,25.0,0,None
20,Vessel 3,20,Evac Area 2 Marina,Safe Area 2 Harbor,461.4,473.4,473.4,476.4,25.0,12,Evac Area 2
1,Vessel 4,1,Safe Area 3 Marina,Evac Area 2 Marina,181.28,198.07999999999998,198.07999999999998,203.07999999999998,25.0,0,None
2,Vessel 4,2,Evac Area 2 Marina,Safe Area 2 Harbor,203.07999999999998,215.07999999999998,215.07999999999998,220.07999999999998,25.0,38,Evac Area 2
3,Vessel 4,3,Safe Area 2 Harbor,Evac Area 2 Marina,220.07999999999998,232.07999999999998,232.07999999999998,237.07999999999998,25.0,0,None
4,Vessel 4,4,Evac Area 2 Marina,Safe Area 2 Harbor,237.07999999999998,249.07999999999998,249.07999999999998,254.07999999999998,25.0,38,Evac Area 2
5,Vessel 4,5,Safe Area 2 Harbor,Evac Area 2 Marina,254.07999999999998,266.08,266.08,271.08,25.0,0,None
6,Vessel 4,6,Evac Area 2 Marina,Safe Area 2 Harbor,271.08,283.08,283.08,288.08,25.0,38,Evac Area 2
7,Vessel 4,7,Safe Area 2 Harbor,Evac Area 2 Marina,288.08,300.08,300.08,305.08,25.0,0,None
8,Vessel 4,8,Evac Area 2 Marina,Safe Area 2 Harbor,305.08,317.08,317.08,322.08,25.0,38,Evac Area 2
9,Vessel 4,9,Safe Area 2 Harbor,Evac Area 2 Marina,322.08,334.08,334.08,339.08,25.0,0,None
10,Vessel 4,10,Evac Area 2 Marina,Safe Area 2 Harbor,339.08,351.08,351.08,356.08,25.0,38,Evac Area 2
11,Vessel 4,11,Safe Area 2 Harbor,Evac Area 2 Marina,356.08,368.08,368.08,373.08,25.0,0,None
12,Vessel 4,12,Evac Area 2 Marina,Safe Area 2 Harbor,373.08,385.08,385.08,390.08,25.0,38,Evac Area 2
13,Vessel 4,13,Safe Area 2 Harbor,Evac Area 2 Marina,390.08,402.08,402.08,407.08,25.0,0,None
14,Vessel 4,14,Evac Area 2 Marina,Safe Area 2 Harbor,407.08,419.08,419.08,424.08,25.0,38,Evac Area 2
15,Vessel 4,15,Safe Area 2 Harbor,Evac Area 2 Marina,424.08,436.08,436.08,441.08,25.0,0,None
16,Vessel 4,16,Evac Area 2 Marina,Safe Area 2 Harbor,441.08,453.08,453.08,458.08,25.0,38,Evac Area 2
1,Vessel 5,1,Safe Area 1 Terminal,Evac Area 2 Marina,222.0,255.33333333333334,255.33333333333334,265.33333333333337,18.0,0,None
2,Vessel 5,2,Evac Area 2 Marina,Safe Area 2 Harbor,265.33333333333337,282.0,282.0,292.0,18.0,120,Evac Area 2
3,Vessel 5,3,Safe Area 2 Harbor,Evac Area 2 Marina,292.0,308.6666666666667,308.6666666666667,318.6666666666667,18.0,0,None
4,Vessel 5,4,Evac Area 2 Marina,Safe Area 2 Harbor,318.6666666666667,335.33333333333337,335.33333333333337,345.33333333333337,18.0,120,Evac Area 2
5,Vessel 5,5,Safe Area 2 Harbor,Evac Area 2 Marina,345.33333333333337,362.0,362.0,372.0,18.0,0,None
6,Vessel 5,6,Evac Area 2 Marina,Safe Area 2 Harbor,372.0,388.66666666666663,388.66666666666663,398.66666666666663,18.0,120,Evac Area 2
7,Vessel 5,7,Safe Area 2 Harbor,Evac Area 2 Marina,398.66666666666663,415.3333333333333,415.3333333333333,425.3333333333333,18.0,0,None
8,Vessel 5,8,Evac Area 2 Marina,Safe Area 2 Harbor,425.3333333333333,442.0,442.0,452.0,18.0,120,Evac Area 2
1,Vessel 6,1,Safe Area 2 Harbor,Evac Area 2 Marina,170.64,182.64,182.64,185.64,25.0,0,None
2,Vessel 6,2,Evac Area 2 Marina,Safe Area 2 Harbor,185.64,197.64,197.64,200.64,25.0,12,Evac Area 2
3,Vessel 6,3,Safe Area 2 Harbor,Evac Area 2 Marina,200.64,212.64,212.64,215.64,25.0,0,None
4,Vessel 6,4,Evac Area 2 Marina,Safe Area 2 Harbor,215.64,227.64,227.64,230.64,25.0,12,Evac Area 2
5,Vessel 6,5,Safe Area 2 Harbor,Evac Area 2 Marina,230.64,242.64,242.64,245.64,25.0,0,None
6,Vessel 6,6,Evac Area 2 Marina,Safe Area 2 Harbor,245.64,257.64,257.64,260.64,25.0,12,Evac Area 2
7,Vessel 6,7,Safe Area 2 Harbor,Evac Area 2 Marina,260.64,272.64,272.64,275.64,25.0,0,None
8,Vessel 6,8,Evac Area 2 Marina,Safe Area 2 Harbor,275.64,287.64,287.64,290.64,25.0,12,Evac Area 2
9,Vessel 6,9,Safe Area 2 Harbor,Evac Area 2 Marina,290.64,302.64,302.64,305.64,25.0,0,None
10,Vessel 6,10,Evac Area 2 Marina,Safe Area 2 Harbor,305.64,317.64,317.64,320.64,25.0,12,Evac Area 2
11,Vessel 6,11,Safe Area 2 Harbor,Evac Area 2 Marina,320.64,332.64,332.64,335.64,25.0,0,None
12,Vessel 6,12,Evac Area 2 Marina,Safe Area 2 Harbor,335.64,347.64,347.64,350.64,25.0,12,Evac Area 2
13,Vessel 6,13,Safe Area 2 Harbor,Evac Area 2 Marina,350.64,362.64,362.64,365.64,25.0,0,None
14,Vessel 6,14,Evac Area 2 Marina,Safe Area 2 Harbor,365.64,377.64,377.64,380.64,25.0,12,Evac Area 2
15,Vessel 6,15,Safe Area 2 Harbor,Evac Area 2 Marina,380.64,392.64,392.64,395.64,25.0,0,None
16,Vessel 6,16,Evac Area 2 Marina,Safe Area 2 Harbor,395.64,407.64,407.64,410.64,25.0,12,Evac Area 2
17,Vessel 6,17,Safe Area 2 Harbor,Evac Area 2 Marina,410.64,422.64,422.64,425.64,25.0,0,None
18,Vessel 6,18,Evac Area 2 Marina,Safe Area 2 Harbor,425.64,437.64,437.64,440.64,25.0,12,Evac Area 2
19,Vessel 6,19,Safe Area 2 Harbor,Evac Area 2 Marina,440.64,452.64,452.64,455.64,25.0,0,None
20,Vessel 6,20,Evac Area 2 Marina,Safe Area 2 Harbor,455.64,467.64,467.64,470.64,25.0,12,Evac Area 2
