segment_id,resource_id,route_segment_id,origin,destination,route_start_time,route_end_time,load_start_time,load_end_time,resource_speed,evacuees,evacuated_location,post_run_correction
1,Vessel 1,1,Safe Area 1 Terminal,Evac Area 1 Ferry Terminal,10.0,24.0,24.0,34.0,12.0,0,None,
2,Vessel 1,2,Evac Area 1 Ferry Terminal,Safe Area 1 Terminal,34.0,48.0,48.0,58.0,12.0,457,Evac Area 1,
3,Vessel 1,3,Safe Area 1 Terminal,Evac Area 1 Ferry Terminal,58.0,72.0,72.0,82.0,12.0,0,None,
4,Vessel 1,4,Evac Area 1 Ferry Terminal,Safe Area 1 Terminal,82.0,96.0,96.0,106.0,12.0,457,Evac Area 1,
5,Vessel 1,5,Safe Area 1 Terminal,Evac Area 1 Ferry Terminal,106.0,120.0,120.0,130.0,12.0,0,None,
6,Vessel 1,6,Evac Area 1 Ferry Terminal,Safe Area 1 Terminal,130.0,144.0,144.0,154.0,12.0,160,Evac Area 1,
1,Vessel 2,1,Safe Area 2 Harbor,Evac Area 2 Marina,10.0,22.0,22.0,25.0,25.0,0,None,
2,Vessel 2,2,Evac Area 2 Marina,Safe Area 3 Marina,25.0,41.80000000000001,41.80000000000001,44.80000000000001,25.0,12,Evac Area 2,
3,Vessel 2,3,Safe Area 3 Marina,Evac Area 2 Marina,44.80000000000001,61.599999999999994,61.599999999999994,64.6,25.0,0,None,
4,Vessel 2,4,Evac Area 2 Marina,Safe Area 2 Harbor,64.6,76.6,76.6,79.6,25.0,12,Evac Area 2,
5,Vessel 2,5,Safe Area 2 Harbor,Evac Area 2 Marina,79.6,91.6,91.6,94.6,25.0,0,None,
6,Vessel 2,6,Evac Area 2 Marina,Safe Area 2 Harbor,94.6,106.6,106.6,109.6,25.0,12,Evac Area 2,
7,Vessel 2,7,Safe Area 2 Harbor,Evac Area 3 Dock,109.6,128.79999999999998,128.79999999999998,131.79999999999998,25.0,0,None,
8,Vessel 2,8,Evac Area 3 Dock,Safe Area 1 Terminal,131.79999999999998,143.79999999999998,143.79999999999998,146.79999999999998,25.0,12,Evac Area 3,
1,Vessel 3,1,Safe Area 3 Marina,Evac Area 3 Dock,60.0,70.80000000000001,70.80000000000001,73.80000000000001,25.0,0,None,
2,Vessel 3,2,Evac Area 3 Dock,Safe Area 3 Marina,73.80000000000001,84.6,84.6,87.6,25.0,12,Evac Area 3,
3,Vessel 3,3,Safe Area 3 Marina,Evac Area 2 Marina,87.6,104.4,104.4,107.4,25.0,0,None,
4,Vessel 3,4,Evac Area 2 Marina,Safe Area 2 Harbor,107.4,119.4,119.4,122.4,25.0,12,Evac Area 2,
5,Vessel 3,5,Safe Area 2 Harbor,Evac Area 2 Marina,122.4,134.39999999999998,134.39999999999998,137.39999999999998,25.0,0,None,
6,Vessel 3,6,Evac Area 2 Marina,Safe Area 2 Harbor,137.39999999999998,149.39999999999998,149.39999999999998,152.39999999999998,25.0,12,Evac Area 2,
1,Vessel 4,1,Safe Area 1 Terminal,Evac Area 4 Dock,10.0,31.599999999999994,31.599999999999994,36.599999999999994,25.0,0,None,
2,Vessel 4,2,Evac Area 4 Dock,Safe Area 3 Marina,36.599999999999994,54.599999999999994,54.599999999999994,59.599999999999994,25.0,38,Evac Area 4,
3,Vessel 4,3,Safe Area 3 Marina,Evac Area 4 Dock,59.599999999999994,77.6,77.6,82.6,25.0,0,None,
4,Vessel 4,4,Evac Area 4 Dock,Safe Area 2 Harbor,82.6,100.84,100.84,105.84,25.0,38,Evac Area 4,
5,Vessel 4,5,Safe Area 2 Harbor,Evac Area 4 Dock,105.84,124.07999999999998,124.07999999999998,129.07999999999998,25.0,0,None,
6,Vessel 4,6,Evac Area 4 Dock,Safe Area 3 Marina,129.07999999999998,147.07999999999998,147.07999999999998,152.07999999999998,25.0,34,Evac Area 4,
1,Vessel 5,1,Safe Area 1 Terminal,Evac Area 3 Dock,30.0,46.666666666666686,46.666666666666686,56.666666666666686,18.0,0,None,
2,Vessel 5,2,Evac Area 3 Dock,Safe Area 3 Marina,56.666666666666686,71.66666666666669,71.66666666666669,81.66666666666669,18.0,120,Evac Area 3,
3,Vessel 5,3,Safe Area 3 Marina,Evac Area 4 Dock,81.66666666666669,106.66666666666669,106.66666666666669,116.66666666666669,18.0,0,None,
4,Vessel 5,4,Evac Area 4 Dock,Safe Area 2 Harbor,116.66666666666669,142.0,142.0,152.0,18.0,120,Evac Area 4,
1,Vessel 6,1,Safe Area 1 Terminal,Evac Area 3 Dock,30.0,42.0,42.0,45.0,25.0,0,None,
2,Vessel 6,2,Evac Area 3 Dock,Safe Area 3 Marina,45.0,55.80000000000001,55.80000000000001,58.80000000000001,25.0,12,Evac Area 3,
3,Vessel 6,3,Safe Area 3 Marina,Evac Area 3 Dock,58.80000000000001,69.6,69.6,72.6,25.0,0,None,
4,Vessel 6,4,Evac Area 3 Dock,Safe Area 3 Marina,72.6,83.39999999999998,83.39999999999998,86.39999999999998,25.0,12,Evac Area 3,
5,Vessel 6,5,Safe Area 3 Marina,Evac Area 2 Marina,86.39999999999998,103.19999999999999,103.19999999999999,106.19999999999999,25.0,0,None,
6,Vessel 6,6,Evac Area 2 Marina,Safe Area 2 Harbor,106.19999999999999,118.2,118.2,121.2,25.0,12,Evac Area 2,
1,Vessel 1,1,Safe Area 1 Terminal,Evac Area 1 Ferry Terminal,240.0,254.0,254.0,264.0,12.0,0,None,yes
2,Vessel 1,2,Evac Area 1 Ferry Terminal,Safe Area 1 Terminal,264.0,278.0,278.0,288.0,12.0,457,Evac Area 1,yes
3,Vessel 1,3,Safe Area 1 Terminal,Evac Area 1 Ferry Terminal,288.0,302.0,302.0,312.0,12.0,0,None,yes
4,Vessel 1,4,Evac Area 1 Ferry Terminal,Safe Area 1 Terminal,312.0,326.0,326.0,336.0,12.0,154,Evac Area 1,yes
1,Vessel 2,1,Safe Area 1 Terminal,Evac Area 3 Dock,240.0,252.0,252.0,255.0,25.0,0,None,yes
2,Vessel 2,2,Evac Area 3 Dock,Safe Area 3 Marina,255.0,265.8,265.8,268.8,25.0,12,Evac Area 3,yes
3,Vessel 2,3,Safe Area 3 Marina,Evac Area 3 Dock,268.8,279.6,279.6,282.6,25.0,0,None,yes
4,Vessel 2,4,Evac Area 3 Dock,Safe Area 3 Marina,282.6,293.4,293.4,296.4,25.0,12,Evac Area 3,yes
5,Vessel 2,5,Safe Area 3 Marina,Evac Area 3 Dock,296.4,307.2,307.2,310.2,25.0,0,None,yes
6,Vessel 2,6,Evac Area 3 Dock,Safe Area 3 Marina,310.2,321.0,321.0,324.0,25.0,12,Evac Area 3,yes
1,Vessel 3,1,Safe Area 2 Harbor,Evac Area 4 Beach,240.0,258.24,258.24,261.24,25.0,0,None,yes
2,Vessel 3,2,Evac Area 4 Beach,Safe Area 3 Marina,261.24,279.24,279.24,282.24,25.0,12,Evac Area 4,yes
3,Vessel 3,3,Safe Area 3 Marina,Evac Area 3 Dock,282.24,293.03999999999996,293.03999999999996,296.03999999999996,25.0,0,None,yes
4,Vessel 3,4,Evac Area 3 Dock,Safe Area 1 Terminal,296.03999999999996,308.03999999999996,308.03999999999996,311.03999999999996,25.0,12,Evac Area 3,yes
5,Vessel 3,5,Safe Area 1 Terminal,Evac Area 3 Dock,311.03999999999996,323.03999999999996,323.03999999999996,326.03999999999996,25.0,0,None,yes
6,Vessel 3,6,Evac Area 3 Dock,Safe Area 3 Marina,326.03999999999996,336.84,336.84,339.84,25.0,12,Evac Area 3,yes
1,Vessel 4,1,Safe Area 3 Marina,Evac Area 4 Dock,240.0,258.0,258.0,263.0,25.0,0,None,yes
2,Vessel 4,2,Evac Area 4 Dock,Safe Area 2 Harbor,263.0,281.24,281.24,286.24,25.0,38,Evac Area 4,yes
3,Vessel 4,3,Safe Area 2 Harbor,Evac Area 4 Dock,286.24,304.48,304.48,309.48,25.0,0,None,yes
4,Vessel 4,4,Evac Area 4 Dock,Safe Area 3 Marina,309.48,327.48,327.48,332.48,25.0,38,Evac Area 4,yes
5,Vessel 4,5,Safe Area 3 Marina,Evac Area 4 Dock,332.48,350.48,350.48,355.48,25.0,0,None,yes
6,Vessel 4,6,Evac Area 4 Dock,Safe Area 2 Harbor,355.48,373.72,373.72,378.72,25.0,36,Evac Area 4,yes
1,Vessel 5,1,Safe Area 2 Harbor,Evac Area 4 Dock,240.0,265.3333333333333,265.3333333333333,275.3333333333333,18.0,0,None,yes
2,Vessel 5,2,Evac Area 4 Dock,Safe Area 3 Marina,275.3333333333333,300.3333333333333,300.3333333333333,310.3333333333333,18.0,120,Evac Area 4,yes
3,Vessel 5,3,Safe Area 3 Marina,Evac Area 4 Dock,310.3333333333333,335.3333333333333,335.3333333333333,345.3333333333333,18.0,0,None,yes
4,Vessel 5,4,Evac Area 4 Dock,Safe Area 3 Marina,345.3333333333333,370.3333333333333,370.3333333333333,380.3333333333333,18.0,120,Evac Area 4,yes
1,Vessel 6,1,Safe Area 2 Harbor,Evac Area 2 Marina,240.0,252.0,252.0,255.0,25.0,0,None,yes
2,Vessel 6,2,Evac Area 2 Marina,Safe Area 2 Harbor,255.0,267.0,267.0,270.0,25.0,2,Evac Area 2,yes
3,Vessel 6,3,Safe Area 2 Harbor,Evac Area 2 Marina,270.0,282.0,282.0,285.0,25.0,0,None,yes
4,Vessel 6,4,Evac Area 2 Marina,Safe Area 2 Harbor,285.0,297.0,297.0,300.0,25.0,12,Evac Area 2,yes
5,Vessel 6,5,Safe Area 2 Harbor,Evac Area 2 Marina,300.0,312.0,312.0,315.0,25.0,0,None,yes
6,Vessel 6,6,Evac Area 2 Marina,Safe Area 2 Harbor,315.0,327.0,327.0,330.0,25.0,12,Evac Area 2,yes
