segment_id,resource_id,route_segment_id,origin,destination,route_start_time,route_end_time,load_start_time,load_end_time,resource_speed,evacuees,evacuated_location
1,Vessel 1,1,Safe Area 1 Terminal,Evac Area 1 Ferry Terminal,10.0,24.0,24.0,34.0,12.0,0,None
2,Vessel 1,2,Evac Area 1 Ferry Terminal,Safe Area 1 Terminal,34.0,48.0,48.0,58.0,12.0,229,Evac Area 1
1,Vessel 2,1,Safe Area 2 Harbor,Evac Area 4 Beach,10.0,28.239999999999995,28.239999999999995,31.239999999999995,25.0,0,None
2,Vessel 2,2,Evac Area 4 Beach,Safe Area 3 Marina,31.239999999999995,49.24000000000001,49.24000000000001,52.24000000000001,25.0,12,Evac Area 4
3,Vessel 2,3,Safe Area 3 Marina,Evac Area 3 Dock,52.24000000000001,63.03999999999999,63.03999999999999,66.03999999999999,25.0,0,None
4,Vessel 2,4,Evac Area 3 Dock,Safe Area 3 Marina,66.03999999999999,76.83999999999999,76.83999999999999,79.83999999999999,25.0,12,Evac Area 3
1,Vessel 2,1,Safe Area 3 Marina,Evac Area 3 Dock,79.83999999999999,90.64,90.64,93.64,25.0,0,None
2,Vessel 2,2,Evac Area 3 Dock,Safe Area 3 Marina,93.64,104.43999999999998,104.43999999999998,107.43999999999998,25.0,12,Evac Area 3
3,Vessel 2,3,Safe Area 3 Marina,Evac Area 3 Dock,107.43999999999998,118.23999999999998,118.23999999999998,121.23999999999998,25.0,0,None
4,Vessel 2,4,Evac Area 3 Dock,Safe Area 3 Marina,121.23999999999998,132.03999999999996,132.03999999999996,135.03999999999996,25.0,12,Evac Area 3
1,Vessel 3,1,Safe Area 3 Marina,Evac Area 4 Dock,60.0,78.0,78.0,81.0,25.0,0,None
2,Vessel 3,2,Evac Area 4 Dock,Safe Area 2 Harbor,81.0,99.24,99.24,102.24,25.0,12,Evac Area 4
1,Vessel 3,1,Safe Area 2 Harbor,Evac Area 4 Beach,102.24,120.48,120.48,123.48,25.0,0,None
2,Vessel 3,2,Evac Area 4 Beach,Safe Area 3 Marina,123.48,141.48,141.48,144.48,25.0,12,Evac Area 4
1,Vessel 4,1,Safe Area 1 Terminal,Evac Area 3 Dock,10.0,22.0,22.0,27.0,25.0,0,None
2,Vessel 4,2,Evac Area 3 Dock,Safe Area 3 Marina,27.0,37.8,37.8,42.8,25.0,38,Evac Area 3
3,Vessel 4,3,Safe Area 3 Marina,Evac Area 4 Dock,42.8,60.8,60.8,65.8,25.0,0,None
4,Vessel 4,4,Evac Area 4 Dock,Safe Area 3 Marina,65.8,83.8,83.8,88.8,25.0,38,Evac Area 4
1,Vessel 4,1,Safe Area 3 Marina,Evac Area 4 Dock,88.8,106.8,106.8,111.8,25.0,0,None
2,Vessel 4,2,Evac Area 4 Dock,Safe Area 3 Marina,111.8,129.8,129.8,134.8,25.0,38,Evac Area 4
1,Vessel 5,1,Safe Area 1 Terminal,Evac Area 4 Dock,30.0,60.0,60.0,70.0,18.0,0,None
2,Vessel 5,2,Evac Area 4 Dock,Safe Area 3 Marina,70.0,95.0,95.0,105.0,18.0,120,Evac Area 4
1,Vessel 5,1,Safe Area 3 Marina,Evac Area 4 Dock,105.0,130.0,130.0,140.0,18.0,0,None
2,Vessel 5,2,Evac Area 4 Dock,Safe Area 3 Marina,140.0,165.0,165.0,175.0,18.0,120,Evac Area 4
1,Vessel 6,1,Safe Area 1 Terminal,Evac Area 3 Dock,30.0,42.0,42.0,45.0,25.0,0,None
2,Vessel 6,2,Evac Area 3 Dock,Safe Area 3 Marina,45.0,55.8,55.8,58.8,25.0,12,Evac Area 3
3,Vessel 6,3,Safe Area 3 Marina,Evac Area 3 Dock,58.8,69.6,69.6,72.6,25.0,0,None
4,Vessel 6,4,Evac Area 3 Dock,Safe Area 3 Marina,72.6,83.39999999999999,83.39999999999999,86.39999999999999,25.0,12,Evac Area 3
1,Vessel 6,1,Safe Area 3 Marina,Evac Area 4 Dock,86.39999999999999,104.4,104.4,107.4,25.0,0,None
2,Vessel 6,2,Evac Area 4 Dock,Safe Area 2 Harbor,107.4,125.64,125.64,128.64,25.0,12,Evac Area 4
1,Vessel 2,1,Safe Area 3 Marina,Evac Area 4 Dock,135.03999999999996,153.03999999999996,153.03999999999996,156.03999999999996,25.0,0,None
2,Vessel 2,2,Evac Area 4 Dock,Safe Area 3 Marina,156.03999999999996,174.03999999999996,174.03999999999996,177.03999999999996,25.0,12,Evac Area 4
3,Vessel 2,3,Safe Area 3 Marina,Evac Area 4 Beach,177.03999999999996,195.03999999999996,195.03999999999996,198.03999999999996,25.0,0,None
4,Vessel 2,4,Evac Area 4 Beach,Safe Area 3 Marina,198.03999999999996,216.03999999999996,216.03999999999996,219.03999999999996,25.0,12,Evac Area 4
5,Vessel 2,5,Safe Area 3 Marina,Evac Area 4 Beach,219.03999999999996,237.03999999999996,237.03999999999996,240.03999999999996,25.0,0,None
6,Vessel 2,6,Evac Area 4 Beach,Safe Area 3 Marina,240.03999999999996,258.03999999999996,258.03999999999996,261.03999999999996,25.0,12,Evac Area 4
7,Vessel 2,7,Safe Area 3 Marina,Evac Area 4 Dock,261.03999999999996,279.03999999999996,279.03999999999996,282.03999999999996,25.0,0,None
8,Vessel 2,8,Evac Area 4 Dock,Safe Area 3 Marina,282.03999999999996,300.03999999999996,300.03999999999996,303.03999999999996,25.0,12,Evac Area 4
9,Vessel 2,9,Safe Area 3 Marina,Evac Area 4 Beach,303.03999999999996,321.03999999999996,321.03999999999996,324.03999999999996,25.0,0,None
10,Vessel 2,10,Evac Area 4 Beach,Safe Area 3 Marina,324.03999999999996,342.03999999999996,342.03999999999996,345.03999999999996,25.0,12,Evac Area 4
11,Vessel 2,11,Safe Area 3 Marina,Evac Area 4 Beach,345.03999999999996,363.03999999999996,363.03999999999996,366.03999999999996,25.0,0,None
12,Vessel 2,12,Evac Area 4 Beach,Safe Area 3 Marina,366.03999999999996,384.03999999999996,384.03999999999996,387.03999999999996,25.0,12,Evac Area 4
1,Vessel 3,1,Safe Area 3 Marina,Evac Area 4 Dock,144.48,162.48,162.48,165.48,25.0,0,None
2,Vessel 3,2,Evac Area 4 Dock,Safe Area 3 Marina,165.48,183.48,183.48,186.48,25.0,12,Evac Area 4
3,Vessel 3,3,Safe Area 3 Marina,Evac Area 4 Beach,186.48,204.48,204.48,207.48,25.0,0,None
4,Vessel 3,4,Evac Area 4 Beach,Safe Area 3 Marina,207.48,225.48,225.48,228.48,25.0,12,Evac Area 4
5,Vessel 3,5,Safe Area 3 Marina,Evac Area 4 Beach,228.48,246.48,246.48,249.48,25.0,0,None
6,Vessel 3,6,Evac Area 4 Beach,Safe Area 3 Marina,249.48,267.48,267.48,270.48,25.0,12,Evac Area 4
7,Vessel 3,7,Safe Area 3 Marina,Evac Area 4 Beach,270.48,288.48,288.48,291.48,25.0,0,None
8,Vessel 3,8,Evac Area 4 Beach,Safe Area 3 Marina,291.48,309.48,309.48,312.48,25.0,12,Evac Area 4
9,Vessel 3,9,Safe Area 3 Marina,Evac Area 4 Beach,312.48,330.48,330.48,333.48,25.0,0,None
10,Vessel 3,10,Evac Area 4 Beach,Safe Area 3 Marina,333.48,351.48,351.48,354.48,25.0,12,Evac Area 4
11,Vessel 3,11,Safe Area 3 Marina,Evac Area 4 Beach,354.48,372.48,372.48,375.48,25.0,0,None
12,Vessel 3,12,Evac Area 4 Beach,Safe Area 3 Marina,375.48,393.48,393.48,396.48,25.0,12,Evac Area 4
1,Vessel 4,1,Safe Area 3 Marina,Evac Area 4 Dock,134.8,152.8,152.8,157.8,25.0,0,None
2,Vessel 4,2,Evac Area 4 Dock,Safe Area 3 Marina,157.8,175.8,175.8,180.8,25.0,38,Evac Area 4
3,Vessel 4,3,Safe Area 3 Marina,Evac Area 4 Dock,180.8,198.8,198.8,203.8,25.0,0,None
4,Vessel 4,4,Evac Area 4 Dock,Safe Area 3 Marina,203.8,221.8,221.8,226.8,25.0,38,Evac Area 4
5,Vessel 4,5,Safe Area 3 Marina,Evac Area 4 Dock,226.8,244.8,244.8,249.8,25.0,0,None
6,Vessel 4,6,Evac Area 4 Dock,Safe Area 3 Marina,249.8,267.8,267.8,272.8,25.0,38,Evac Area 4
7,Vessel 4,7,Safe Area 3 Marina,Evac Area 4 Dock,272.8,290.8,290.8,295.8,25.0,0,None
8,Vessel 4,8,Evac Area 4 Dock,Safe Area 3 Marina,295.8,313.8,313.8,318.8,25.0,38,Evac Area 4
9,Vessel 4,9,Safe Area 3 Marina,Evac Area 4 Dock,318.8,336.8,336.8,341.8,25.0,0,None
10,Vessel 4,10,Evac Area 4 Dock,Safe Area 3 Marina,341.8,359.8,359.8,364.8,25.0,38,Evac Area 4
11,Vessel 4,11,Safe Area 3 Marina,Evac Area 4 Dock,364.8,382.8,382.8,387.8,25.0,0,None
12,Vessel 4,12,Evac Area 4 Dock,Safe Area 3 Marina,387.8,405.8,405.8,410.8,25.0,38,Evac Area 4
1,Vessel 5,1,Safe Area 3 Marina,Evac Area 4 Dock,175.0,200.0,200.0,210.0,18.0,0,None
2,Vessel 5,2,Evac Area 4 Dock,Safe Area 3 Marina,210.0,235.0,235.0,245.0,18.0,120,Evac Area 4
3,Vessel 5,3,Safe Area 3 Marina,Evac Area 4 Dock,245.0,270.0,270.0,280.0,18.0,0,None
4,Vessel 5,4,Evac Area 4 Dock,Safe Area 3 Marina,280.0,305.0,305.0,315.0,18.0,120,Evac Area 4
5,Vessel 5,5,Safe Area 3 Marina,Evac Area 4 Dock,315.0,340.0,340.0,350.0,18.0,0,None
6,Vessel 5,6,Evac Area 4 Dock,Safe Area 3 Marina,350.0,375.0,375.0,385.0,18.0,120,Evac Area 4
1,Vessel 6,1,Safe Area 2 Harbor,Evac Area 4 Beach,128.64,146.88,146.88,149.88,25.0,0,None
2,Vessel 6,2,Evac Area 4 Beach,Safe Area 3 Marina,149.88,167.88,167.88,170.88,25.0,12,Evac Area 4
3,Vessel 6,3,Safe Area 3 Marina,Evac Area 3 Dock,170.88,181.67999999999998,181.67999999999998,184.67999999999998,25.0,0,None
4,Vessel 6,4,Evac Area 3 Dock,Safe Area 3 Marina,184.67999999999998,195.47999999999996,195.47999999999996,198.47999999999996,25.0,12,Evac Area 3
5,Vessel 6,5,Safe Area 3 Marina,Evac Area 4 Dock,198.47999999999996,216.47999999999996,216.47999999999996,219.47999999999996,25.0,0,None
6,Vessel 6,6,Evac Area 4 Dock,Safe Area 3 Marina,219.47999999999996,237.47999999999996,237.47999999999996,240.47999999999996,25.0,12,Evac Area 4
7,Vessel 6,7,Safe Area 3 Marina,Evac Area 3 Dock,240.47999999999996,251.27999999999997,251.27999999999997,254.27999999999997,25.0,0,None
8,Vessel 6,8,Evac Area 3 Dock,Safe Area 3 Marina,254.27999999999997,265.08,265.08,268.08,25.0,1,Evac Area 3
9,Vessel 6,9,Safe Area 3 Marina,Evac Area 4 Beach,268.08,286.08,286.08,289.08,25.0,0,None
10,Vessel 6,10,Evac Area 4 Beach,Safe Area 3 Marina,289.08,307.08,307.08,310.08,25.0,12,Evac Area 4
11,Vessel 6,11,Safe Area 3 Marina,Evac Area 4 Beach,310.08,328.08,328.08,331.08,25.0,0,None
12,Vessel 6,12,Evac Area 4 Beach,Safe Area 3 Marina,331.08,349.08,349.08,352.08,25.0,4,Evac Area 4
