segment_id,resource_id,route_segment_id,origin,destination,route_start_time,route_end_time,load_start_time,load_end_time,resource_speed,evacuees,evacuated_location
1,Vessel 1,1,Safe Area 1 Terminal,Evac Area 1 Ferry Terminal,10.0,24.0,24.0,34.0,12.0,0,None
2,Vessel 1,2,Evac Area 1 Ferry Terminal,Safe Area 1 Terminal,34.0,48.0,48.0,58.0,12.0,175,Evac Area 1
1,Vessel 2,1,Safe Area 2 Harbor,Evac Area 4 Dock,10.0,28.24,28.24,31.24,25.0,0,None
2,Vessel 2,2,Evac Area 4 Dock,Safe Area 2 Harbor,31.24,49.48,49.48,52.48,25.0,12,Evac Area 4
1,Vessel 2,1,Safe Area 2 Harbor,Evac Area 4 Beach,52.48,70.72,70.72,73.72,25.0,0,None
2,Vessel 2,2,Evac Area 4 Beach,Safe Area 3 Marina,73.72,91.72,91.72,94.72,25.0,12,Evac Area 4
1,Vessel 3,1,Safe Area 3 Marina,Evac Area 4 Beach,60.0,78.0,78.0,81.0,25.0,0,None
2,Vessel 3,2,Evac Area 4 Beach,Safe Area 3 Marina,81.0,99.0,99.0,102.0,25.0,12,Evac Area 4
1,Vessel 4,1,Safe Area 1 Terminal,Evac Area 3 Dock,10.0,22.0,22.0,27.0,25.0,0,None
2,Vessel 4,2,Evac Area 3 Dock,Safe Area 3 Marina,27.0,37.8,37.8,42.8,25.0,38,Evac Area 3
1,Vessel 4,1,Safe Area 3 Marina,Evac Area 4 Dock,42.8,60.8,60.8,65.8,25.0,0,None
2,Vessel 4,2,Evac Area 4 Dock,Safe Area 3 Marina,65.8,83.8,83.8,88.8,25.0,38,Evac Area 4
1,Vessel 5,1,Safe Area 1 Terminal,Evac Area 3 Dock,30.0,46.66666666666667,46.66666666666667,56.66666666666667,18.0,0,None
2,Vessel 5,2,Evac Area 3 Dock,Safe Area 3 Marina,56.66666666666667,71.66666666666667,71.66666666666667,81.66666666666667,18.0,120,Evac Area 3
1,Vessel 6,1,Safe Area 1 Terminal,Evac Area 3 Dock,30.0,42.0,42.0,45.0,25.0,0,None
2,Vessel 6,2,Evac Area 3 Dock,Safe Area 3 Marina,45.0,55.8,55.8,58.8,25.0,12,Evac Area 3
1,Vessel 6,1,Safe Area 3 Marina,Evac Area 4 Dock,58.8,76.8,76.8,79.8,25.0,0,None
2,Vessel 6,2,Evac Area 4 Dock,Safe Area 3 Marina,79.8,97.8,97.8,100.8,25.0,12,Evac Area 4
1,Vessel 2,1,Safe Area 3 Marina,Evac Area 4 Dock,94.72,112.72,112.72,115.72,25.0,0,None
2,Vessel 2,2,Evac Area 4 Dock,Safe Area 3 Marina,115.72,133.72,133.72,136.72,25.0,12,Evac Area 4
3,Vessel 2,3,Safe Area 3 Marina,Evac Area 4 Dock,136.72,154.72,154.72,157.72,25.0,0,None
4,Vessel 2,4,Evac Area 4 Dock,Safe Area 3 Marina,157.72,175.72,175.72,178.72,25.0,12,Evac Area 4
5,Vessel 2,5,Safe Area 3 Marina,Evac Area 4 Beach,178.72,196.72,196.72,199.72,25.0,0,None
6,Vessel 2,6,Evac Area 4 Beach,Safe Area 3 Marina,199.72,217.72,217.72,220.72,25.0,12,Evac Area 4
7,Vessel 2,7,Safe Area 3 Marina,Evac Area 4 Beach,220.72,238.72,238.72,241.72,25.0,0,None
8,Vessel 2,8,Evac Area 4 Beach,Safe Area 3 Marina,241.72,259.72,259.72,262.72,25.0,12,Evac Area 4
9,Vessel 2,9,Safe Area 3 Marina,Evac Area 4 Dock,262.72,280.72,280.72,283.72,25.0,0,None
10,Vessel 2,10,Evac Area 4 Dock,Safe Area 3 Marina,283.72,301.72,301.72,304.72,25.0,12,Evac Area 4
11,Vessel 2,11,Safe Area 3 Marina,Evac Area 4 Dock,304.72,322.72,322.72,325.72,25.0,0,None
12,Vessel 2,12,Evac Area 4 Dock,Safe Area 3 Marina,325.72,343.72,343.72,346.72,25.0,12,Evac Area 4
13,Vessel 2,13,Safe Area 3 Marina,Evac Area 4 Beach,346.72,364.72,364.72,367.72,25.0,0,None
14,Vessel 2,14,Evac Area 4 Beach,Safe Area 3 Marina,367.72,385.72,385.72,388.72,25.0,12,Evac Area 4
1,Vessel 3,1,Safe Area 3 Marina,Evac Area 4 Dock,102.0,120.0,120.0,123.0,25.0,0,None
2,Vessel 3,2,Evac Area 4 Dock,Safe Area 3 Marina,123.0,141.0,141.0,144.0,25.0,12,Evac Area 4
3,Vessel 3,3,Safe Area 3 Marina,Evac Area 4 Beach,144.0,162.0,162.0,165.0,25.0,0,None
4,Vessel 3,4,Evac Area 4 Beach,Safe Area 3 Marina,165.0,183.0,183.0,186.0,25.0,12,Evac Area 4
5,Vessel 3,5,Safe Area 3 Marina,Evac Area 4 Beach,186.0,204.0,204.0,207.0,25.0,0,None
6,Vessel 3,6,Evac Area 4 Beach,Safe Area 3 Marina,207.0,225.0,225.0,228.0,25.0,12,Evac Area 4
7,Vessel 3,7,Safe Area 3 Marina,Evac Area 4 Dock,228.0,246.0,246.0,249.0,25.0,0,None
8,Vessel 3,8,Evac Area 4 Dock,Safe Area 3 Marina,249.0,267.0,267.0,270.0,25.0,12,Evac Area 4
9,Vessel 3,9,Safe Area 3 Marina,Evac Area 4 Dock,270.0,288.0,288.0,291.0,25.0,0,None
10,Vessel 3,10,Evac Area 4 Dock,Safe Area 3 Marina,291.0,309.0,309.0,312.0,25.0,12,Evac Area 4
11,Vessel 3,11,Safe Area 3 Marina,Evac Area 4 Beach,312.0,330.0,330.0,333.0,25.0,0,None
12,Vessel 3,12,Evac Area 4 Beach,Safe Area 3 Marina,333.0,351.0,351.0,354.0,25.0,12,Evac Area 4
13,Vessel 3,13,Safe Area 3 Marina,Evac Area 3 Dock,354.0,364.8,364.8,367.8,25.0,0,None
14,Vessel 3,14,Evac Area 3 Dock,Safe Area 3 Marina,367.8,378.6,378.6,381.6,25.0,12,Evac Area 3
1,Vessel 4,1,Safe Area 3 Marina,Evac Area 4 Dock,88.8,106.8,106.8,111.8,25.0,0,None
2,Vessel 4,2,Evac Area 4 Dock,Safe Area 3 Marina,111.8,129.8,129.8,134.8,25.0,38,Evac Area 4
3,Vessel 4,3,Safe Area 3 Marina,Evac Area 4 Dock,134.8,152.8,152.8,157.8,25.0,0,None
4,Vessel 4,4,Evac Area 4 Dock,Safe Area 2 Harbor,157.8,176.04,176.04,181.04,25.0,38,Evac Area 4
5,Vessel 4,5,Safe Area 2 Harbor,Evac Area 4 Dock,181.04,199.28,199.28,204.28,25.0,0,None
6,Vessel 4,6,Evac Area 4 Dock,Safe Area 3 Marina,204.28,222.28,222.28,227.28,25.0,38,Evac Area 4
7,Vessel 4,7,Safe Area 3 Marina,Evac Area 4 Dock,227.28,245.28,245.28,250.28,25.0,0,None
8,Vessel 4,8,Evac Area 4 Dock,Safe Area 3 Marina,250.28,268.28,268.28,273.28,25.0,38,Evac Area 4
9,Vessel 4,9,Safe Area 3 Marina,Evac Area 4 Dock,273.28,291.28,291.28,296.28,25.0,0,None
10,Vessel 4,10,Evac Area 4 Dock,Safe Area 3 Marina,296.28,314.28,314.28,319.28,25.0,38,Evac Area 4
11,Vessel 4,11,Safe Area 3 Marina,Evac Area 4 Dock,319.28,337.28,337.28,342.28,25.0,0,None
12,Vessel 4,12,Evac Area 4 Dock,Safe Area 3 Marina,342.28,360.28,360.28,365.28,25.0,38,Evac Area 4
13,Vessel 4,13,Safe Area 3 Marina,Evac Area 4 Dock,365.28,383.28,383.28,388.28,25.0,0,None
14,Vessel 4,14,Evac Area 4 Dock,Safe Area 3 Marina,388.28,406.28,406.28,411.28,25.0,38,Evac Area 4
1,Vessel 5,1,Safe Area 3 Marina,Evac Area 4 Dock,81.66666666666667,106.66666666666667,106.66666666666667,116.66666666666667,18.0,0,None
2,Vessel 5,2,Evac Area 4 Dock,Safe Area 3 Marina,116.66666666666667,141.66666666666669,141.66666666666669,151.66666666666669,18.0,120,Evac Area 4
3,Vessel 5,3,Safe Area 3 Marina,Evac Area 3 Dock,151.66666666666669,166.66666666666669,166.66666666666669,176.66666666666669,18.0,0,None
4,Vessel 5,4,Evac Area 3 Dock,Safe Area 3 Marina,176.66666666666669,191.66666666666669,191.66666666666669,201.66666666666669,18.0,120,Evac Area 3
5,Vessel 5,5,Safe Area 3 Marina,Evac Area 4 Dock,201.66666666666669,226.66666666666669,226.66666666666669,236.66666666666669,18.0,0,None
6,Vessel 5,6,Evac Area 4 Dock,Safe Area 3 Marina,236.66666666666669,261.6666666666667,261.6666666666667,271.6666666666667,18.0,120,Evac Area 4
7,Vessel 5,7,Safe Area 3 Marina,Evac Area 4 Dock,271.6666666666667,296.6666666666667,296.6666666666667,306.6666666666667,18.0,0,None
8,Vessel 5,8,Evac Area 4 Dock,Safe Area 3 Marina,306.6666666666667,331.6666666666667,331.6666666666667,341.6666666666667,18.0,120,Evac Area 4
9,Vessel 5,9,Safe Area 3 Marina,Evac Area 4 Dock,341.6666666666667,366.6666666666667,366.6666666666667,376.6666666666667,18.0,0,None
10,Vessel 5,10,Evac Area 4 Dock,Safe Area 3 Marina,376.6666666666667,401.6666666666667,401.6666666666667,411.6666666666667,18.0,120,Evac Area 4
1,Vessel 6,1,Safe Area 3 Marina,Evac Area 4 Dock,100.8,118.8,118.8,121.8,25.0,0,None
2,Vessel 6,2,Evac Area 4 Dock,Safe Area 3 Marina,121.8,139.8,139.8,142.8,25.0,12,Evac Area 4
3,Vessel 6,3,Safe Area 3 Marina,Evac Area 4 Beach,142.8,160.8,160.8,163.8,25.0,0,None
4,Vessel 6,4,Evac Area 4 Beach,Safe Area 3 Marina,163.8,181.8,181.8,184.8,25.0,12,Evac Area 4
5,Vessel 6,5,Safe Area 3 Marina,Evac Area 4 Beach,184.8,202.8,202.8,205.8,25.0,0,None
6,Vessel 6,6,Evac Area 4 Beach,Safe Area 3 Marina,205.8,223.8,223.8,226.8,25.0,12,Evac Area 4
7,Vessel 6,7,Safe Area 3 Marina,Evac Area 4 Beach,226.8,244.8,244.8,247.8,25.0,0,None
8,Vessel 6,8,Evac Area 4 Beach,Safe Area 3 Marina,247.8,265.8,265.8,268.8,25.0,12,Evac Area 4
9,Vessel 6,9,Safe Area 3 Marina,Evac Area 3 Dock,268.8,279.6,279.6,282.6,25.0,0,None
10,Vessel 6,10,Evac Area 3 Dock,Safe Area 3 Marina,282.6,293.40000000000003,293.40000000000003,296.40000000000003,25.0,6,Evac Area 3
11,Vessel 6,11,Safe Area 3 Marina,Evac Area 3 Dock,296.40000000000003,307.20000000000005,307.20000000000005,310.20000000000005,25.0,0,None
12,Vessel 6,12,Evac Area 3 Dock,Safe Area 3 Marina,310.20000000000005,321.00000000000006,321.00000000000006,324.00000000000006,25.0,12,Evac Area 3
13,Vessel 6,13,Safe Area 3 Marina,Evac Area 4 Dock,324.00000000000006,342.00000000000006,342.00000000000006,345.00000000000006,25.0,0,None
14,Vessel 6,14,Evac Area 4 Dock,Safe Area 3 Marina,345.00000000000006,363.00000000000006,363.00000000000006,366.00000000000006,25.0,9,Evac Area 4
15,Vessel 6,15,Safe Area 3 Marina,Evac Area 3 Dock,366.00000000000006,376.80000000000007,376.80000000000007,379.80000000000007,25.0,0,None
16,Vessel 6,16,Evac Area 3 Dock,Safe Area 3 Marina,379.80000000000007,390.6000000000001,390.6000000000001,393.6000000000001,25.0,12,Evac Area 3
