segment_id,resource_id,route_segment_id,origin,destination,route_start_time,route_end_time,load_start_time,load_end_time,resource_speed,evacuees,evacuated_location
1,Vessel 1,1,Safe Area 1 Terminal,Evac Area 1 Ferry Terminal,10.0,24.0,24.0,34.0,12.0,0,None
2,Vessel 1,2,Evac Area 1 Ferry Terminal,Safe Area 1 Terminal,34.0,48.0,48.0,58.0,12.0,176,Evac Area 1
1,Vessel 2,1,Safe Area 2 Harbor,Evac Area 4 Beach,10.0,28.24,28.24,31.24,25.0,0,None
2,Vessel 2,2,Evac Area 4 Beach,Safe Area 3 Marina,31.24,49.239999999999995,49.239999999999995,52.239999999999995,25.0,12,Evac Area 4
3,Vessel 2,3,Safe Area 3 Marina,Evac Area 3 Dock,52.239999999999995,63.03999999999999,63.03999999999999,66.03999999999999,25.0,0,None
4,Vessel 2,4,Evac Area 3 Dock,Safe Area 3 Marina,66.03999999999999,76.83999999999999,76.83999999999999,79.83999999999999,25.0,0,Evac Area 3
5,Vessel 2,5,Safe Area 3 Marina,Evac Area 3 Dock,79.83999999999999,90.63999999999999,90.63999999999999,93.63999999999999,25.0,0,None
6,Vessel 2,6,Evac Area 3 Dock,Safe Area 3 Marina,93.63999999999999,104.43999999999998,104.43999999999998,107.43999999999998,25.0,12,Evac Area 3
7,Vessel 2,7,Safe Area 3 Marina,Evac Area 3 Dock,107.43999999999998,118.23999999999998,118.23999999999998,121.23999999999998,25.0,0,None
8,Vessel 2,8,Evac Area 3 Dock,Safe Area 3 Marina,121.23999999999998,132.04,132.04,135.04,25.0,12,Evac Area 3
9,Vessel 2,9,Safe Area 3 Marina,Evac Area 4 Beach,135.04,153.04,153.04,156.04,25.0,0,None
10,Vessel 2,10,Evac Area 4 Beach,Safe Area 3 Marina,156.04,174.04,174.04,177.04,25.0,12,Evac Area 4
11,Vessel 2,11,Safe Area 3 Marina,Evac Area 4 Beach,177.04,195.04,195.04,198.04,25.0,0,None
12,Vessel 2,12,Evac Area 4 Beach,Safe Area 3 Marina,198.04,216.04,216.04,219.04,25.0,12,Evac Area 4
13,Vessel 2,13,Safe Area 3 Marina,Evac Area 4 Dock,219.04,237.04,237.04,240.04,25.0,0,None
14,Vessel 2,14,Evac Area 4 Dock,Safe Area 3 Marina,240.04,258.03999999999996,258.03999999999996,261.03999999999996,25.0,12,Evac Area 4
15,Vessel 2,15,Safe Area 3 Marina,Evac Area 4 Beach,261.03999999999996,279.03999999999996,279.03999999999996,282.03999999999996,25.0,0,None
16,Vessel 2,16,Evac Area 4 Beach,Safe Area 3 Marina,282.03999999999996,300.03999999999996,300.03999999999996,303.03999999999996,25.0,12,Evac Area 4
17,Vessel 2,17,Safe Area 3 Marina,Evac Area 3 Dock,303.03999999999996,313.84,313.84,316.84,25.0,0,None
18,Vessel 2,18,Evac Area 3 Dock,Safe Area 3 Marina,316.84,327.64,327.64,330.64,25.0,12,Evac Area 3
19,Vessel 2,19,Safe Area 3 Marina,Evac Area 4 Dock,330.64,348.64,348.64,351.64,25.0,0,None
20,Vessel 2,20,Evac Area 4 Dock,Safe Area 3 Marina,351.64,369.64,369.64,372.64,25.0,12,Evac Area 4
21,Vessel 2,21,Safe Area 3 Marina,Evac Area 4 Beach,372.64,390.64,390.64,393.64,25.0,0,None
22,Vessel 2,22,Evac Area 4 Beach,Safe Area 3 Marina,393.64,411.64,411.64,414.64,25.0,12,Evac Area 4
23,Vessel 2,23,Safe Area 3 Marina,Evac Area 3 Dock,414.64,425.44,425.44,428.44,25.0,0,None
24,Vessel 2,24,Evac Area 3 Dock,Safe Area 3 Marina,428.44,439.24,439.24,442.24,25.0,12,Evac Area 3
25,Vessel 2,25,Safe Area 3 Marina,Evac Area 4 Beach,442.24,460.24,460.24,463.24,25.0,0,None
26,Vessel 2,26,Evac Area 4 Beach,Safe Area 3 Marina,463.24,481.24,481.24,484.24,25.0,12,Evac Area 4
27,Vessel 2,27,Safe Area 3 Marina,Evac Area 4 Dock,484.24,502.24,502.24,505.24,25.0,0,None
28,Vessel 2,28,Evac Area 4 Dock,Safe Area 3 Marina,505.24,523.24,523.24,526.24,25.0,12,Evac Area 4
1,Vessel 3,1,Safe Area 3 Marina,Evac Area 3 Dock,60.0,70.8,70.8,73.8,25.0,0,None
2,Vessel 3,2,Evac Area 3 Dock,Safe Area 3 Marina,73.8,84.6,84.6,87.6,25.0,12,Evac Area 3
3,Vessel 3,3,Safe Area 3 Marina,Evac Area 4 Dock,87.6,105.6,105.6,108.6,25.0,0,None
4,Vessel 3,4,Evac Area 4 Dock,Safe Area 3 Marina,108.6,126.6,126.6,129.6,25.0,3,Evac Area 4
5,Vessel 3,5,Safe Area 3 Marina,Evac Area 3 Dock,129.6,140.4,140.4,143.4,25.0,0,None
6,Vessel 3,6,Evac Area 3 Dock,Safe Area 3 Marina,143.4,154.20000000000002,154.20000000000002,157.20000000000002,25.0,12,Evac Area 3
7,Vessel 3,7,Safe Area 3 Marina,Evac Area 3 Dock,157.20000000000002,168.00000000000003,168.00000000000003,171.00000000000003,25.0,0,None
8,Vessel 3,8,Evac Area 3 Dock,Safe Area 3 Marina,171.00000000000003,181.80000000000004,181.80000000000004,184.80000000000004,25.0,12,Evac Area 3
9,Vessel 3,9,Safe Area 3 Marina,Evac Area 3 Dock,184.80000000000004,195.60000000000005,195.60000000000005,198.60000000000005,25.0,0,None
10,Vessel 3,10,Evac Area 3 Dock,Safe Area 3 Marina,198.60000000000005,209.40000000000006,209.40000000000006,212.40000000000006,25.0,12,Evac Area 3
11,Vessel 3,11,Safe Area 3 Marina,Evac Area 4 Dock,212.40000000000006,230.40000000000006,230.40000000000006,233.40000000000006,25.0,0,None
12,Vessel 3,12,Evac Area 4 Dock,Safe Area 3 Marina,233.40000000000006,251.40000000000006,251.40000000000006,254.40000000000006,25.0,12,Evac Area 4
13,Vessel 3,13,Safe Area 3 Marina,Evac Area 3 Dock,254.40000000000006,265.20000000000005,265.20000000000005,268.20000000000005,25.0,0,None
14,Vessel 3,14,Evac Area 3 Dock,Safe Area 3 Marina,268.20000000000005,279.00000000000006,279.00000000000006,282.00000000000006,25.0,12,Evac Area 3
15,Vessel 3,15,Safe Area 3 Marina,Evac Area 4 Dock,282.00000000000006,300.00000000000006,300.00000000000006,303.00000000000006,25.0,0,None
16,Vessel 3,16,Evac Area 4 Dock,Safe Area 3 Marina,303.00000000000006,321.00000000000006,321.00000000000006,324.00000000000006,25.0,12,Evac Area 4
17,Vessel 3,17,Safe Area 3 Marina,Evac Area 3 Dock,324.00000000000006,334.80000000000007,334.80000000000007,337.80000000000007,25.0,0,None
18,Vessel 3,18,Evac Area 3 Dock,Safe Area 3 Marina,337.80000000000007,348.6000000000001,348.6000000000001,351.6000000000001,25.0,12,Evac Area 3
19,Vessel 3,19,Safe Area 3 Marina,Evac Area 4 Beach,351.6000000000001,369.6000000000001,369.6000000000001,372.6000000000001,25.0,0,None
20,Vessel 3,20,Evac Area 4 Beach,Safe Area 3 Marina,372.6000000000001,390.6000000000001,390.6000000000001,393.6000000000001,25.0,12,Evac Area 4
21,Vessel 3,21,Safe Area 3 Marina,Evac Area 3 Dock,393.6000000000001,404.4000000000001,404.4000000000001,407.4000000000001,25.0,0,None
22,Vessel 3,22,Evac Area 3 Dock,Safe Area 3 Marina,407.4000000000001,418.2000000000001,418.2000000000001,421.2000000000001,25.0,12,Evac Area 3
23,Vessel 3,23,Safe Area 3 Marina,Evac Area 4 Beach,421.2000000000001,439.2000000000001,439.2000000000001,442.2000000000001,25.0,0,None
24,Vessel 3,24,Evac Area 4 Beach,Safe Area 3 Marina,442.2000000000001,460.2000000000001,460.2000000000001,463.2000000000001,25.0,12,Evac Area 4
25,Vessel 3,25,Safe Area 3 Marina,Evac Area 3 Dock,463.2000000000001,474.0000000000001,474.0000000000001,477.0000000000001,25.0,0,None
26,Vessel 3,26,Evac Area 3 Dock,Safe Area 3 Marina,477.0000000000001,487.8000000000001,487.8000000000001,490.8000000000001,25.0,12,Evac Area 3
27,Vessel 3,27,Safe Area 3 Marina,Evac Area 4 Beach,490.8000000000001,508.8000000000001,508.8000000000001,511.8000000000001,25.0,0,None
28,Vessel 3,28,Evac Area 4 Beach,Safe Area 3 Marina,511.8000000000001,529.8000000000002,529.8000000000002,532.8000000000002,25.0,12,Evac Area 4
1,Vessel 4,1,Safe Area 1 Terminal,Evac Area 3 Dock,10.0,22.0,22.0,27.0,25.0,0,None
2,Vessel 4,2,Evac Area 3 Dock,Safe Area 3 Marina,27.0,37.8,37.8,42.8,25.0,38,Evac Area 3
3,Vessel 4,3,Safe Area 3 Marina,Evac Area 4 Dock,42.8,60.8,60.8,65.8,25.0,0,None
4,Vessel 4,4,Evac Area 4 Dock,Safe Area 3 Marina,65.8,83.8,83.8,88.8,25.0,38,Evac Area 4
5,Vessel 4,5,Safe Area 3 Marina,Evac Area 4 Dock,88.8,106.8,106.8,111.8,25.0,0,None
6,Vessel 4,6,Evac Area 4 Dock,Safe Area 3 Marina,111.8,129.8,129.8,134.8,25.0,38,Evac Area 4
7,Vessel 4,7,Safe Area 3 Marina,Evac Area 4 Dock,134.8,152.8,152.8,157.8,25.0,0,None
8,Vessel 4,8,Evac Area 4 Dock,Safe Area 3 Marina,157.8,175.8,175.8,180.8,25.0,38,Evac Area 4
9,Vessel 4,9,Safe Area 3 Marina,Evac Area 4 Dock,180.8,198.8,198.8,203.8,25.0,0,None
10,Vessel 4,10,Evac Area 4 Dock,Safe Area 3 Marina,203.8,221.8,221.8,226.8,25.0,38,Evac Area 4
11,Vessel 4,11,Safe Area 3 Marina,Evac Area 4 Dock,226.8,244.8,244.8,249.8,25.0,0,None
12,Vessel 4,12,Evac Area 4 Dock,Safe Area 3 Marina,249.8,267.8,267.8,272.8,25.0,38,Evac Area 4
13,Vessel 4,13,Safe Area 3 Marina,Evac Area 4 Dock,272.8,290.8,290.8,295.8,25.0,0,None
14,Vessel 4,14,Evac Area 4 Dock,Safe Area 3 Marina,295.8,313.8,313.8,318.8,25.0,38,Evac Area 4
15,Vessel 4,15,Safe Area 3 Marina,Evac Area 3 Dock,318.8,329.6,329.6,334.6,25.0,0,None
16,Vessel 4,16,Evac Area 3 Dock,Safe Area 3 Marina,334.6,345.40000000000003,345.40000000000003,350.40000000000003,25.0,38,Evac Area 3
17,Vessel 4,17,Safe Area 3 Marina,Evac Area 4 Dock,350.40000000000003,368.40000000000003,368.40000000000003,373.40000000000003,25.0,0,None
18,Vessel 4,18,Evac Area 4 Dock,Safe Area 3 Marina,373.40000000000003,391.40000000000003,391.40000000000003,396.40000000000003,25.0,38,Evac Area 4
19,Vessel 4,19,Safe Area 3 Marina,Evac Area 4 Dock,396.40000000000003,414.40000000000003,414.40000000000003,419.40000000000003,25.0,0,None
20,Vessel 4,20,Evac Area 4 Dock,Safe Area 3 Marina,419.40000000000003,437.40000000000003,437.40000000000003,442.40000000000003,25.0,38,Evac Area 4
21,Vessel 4,21,Safe Area 3 Marina,Evac Area 4 Dock,442.40000000000003,460.40000000000003,460.40000000000003,465.40000000000003,25.0,0,None
22,Vessel 4,22,Evac Area 4 Dock,Safe Area 3 Marina,465.40000000000003,483.40000000000003,483.40000000000003,488.40000000000003,25.0,38,Evac Area 4
23,Vessel 4,23,Safe Area 3 Marina,Evac Area 3 Dock,488.40000000000003,499.20000000000005,499.20000000000005,504.20000000000005,25.0,0,None
24,Vessel 4,24,Evac Area 3 Dock,Safe Area 3 Marina,504.20000000000005,515.0,515.0,520.0,25.0,38,Evac Area 3
1,Vessel 5,1,Safe Area 1 Terminal,Evac Area 4 Dock,30.0,60.0,60.0,70.0,18.0,0,None
2,Vessel 5,2,Evac Area 4 Dock,Safe Area 3 Marina,70.0,95.0,95.0,105.0,18.0,120,Evac Area 4
3,Vessel 5,3,Safe Area 3 Marina,Evac Area 4 Dock,105.0,130.0,130.0,140.0,18.0,0,None
4,Vessel 5,4,Evac Area 4 Dock,Safe Area 3 Marina,140.0,165.0,165.0,175.0,18.0,120,Evac Area 4
5,Vessel 5,5,Safe Area 3 Marina,Evac Area 4 Dock,175.0,200.0,200.0,210.0,18.0,0,None
6,Vessel 5,6,Evac Area 4 Dock,Safe Area 3 Marina,210.0,235.0,235.0,245.0,18.0,120,Evac Area 4
7,Vessel 5,7,Safe Area 3 Marina,Evac Area 4 Dock,245.0,270.0,270.0,280.0,18.0,0,None
8,Vessel 5,8,Evac Area 4 Dock,Safe Area 3 Marina,280.0,305.0,305.0,315.0,18.0,120,Evac Area 4
9,Vessel 5,9,Safe Area 3 Marina,Evac Area 4 Dock,315.0,340.0,340.0,350.0,18.0,0,None
10,Vessel 5,10,Evac Area 4 Dock,Safe Area 3 Marina,350.0,375.0,375.0,385.0,18.0,120,Evac Area 4
11,Vessel 5,11,Safe Area 3 Marina,Evac Area 4 Dock,385.0,410.0,410.0,420.0,18.0,0,None
12,Vessel 5,12,Evac Area 4 Dock,Safe Area 3 Marina,420.0,445.0,445.0,455.0,18.0,120,Evac Area 4
13,Vessel 5,13,Safe Area 3 Marina,Evac Area 4 Dock,455.0,480.0,480.0,490.0,18.0,0,None
14,Vessel 5,14,Evac Area 4 Dock,Safe Area 3 Marina,490.0,515.0,515.0,525.0,18.0,120,Evac Area 4
1,Vessel 6,1,Safe Area 1 Terminal,Evac Area 3 Dock,30.0,42.0,42.0,45.0,25.0,0,None
2,Vessel 6,2,Evac Area 3 Dock,Safe Area 3 Marina,45.0,55.8,55.8,58.8,25.0,12,Evac Area 3
3,Vessel 6,3,Safe Area 3 Marina,Evac Area 3 Dock,58.8,69.6,69.6,72.6,25.0,0,None
4,Vessel 6,4,Evac Area 3 Dock,Safe Area 3 Marina,72.6,83.39999999999999,83.39999999999999,86.39999999999999,25.0,11,Evac Area 3
5,Vessel 6,5,Safe Area 3 Marina,Evac Area 4 Beach,86.39999999999999,104.39999999999999,104.39999999999999,107.39999999999999,25.0,0,None
6,Vessel 6,6,Evac Area 4 Beach,Safe Area 3 Marina,107.39999999999999,125.39999999999999,125.39999999999999,128.39999999999998,25.0,12,Evac Area 4
7,Vessel 6,7,Safe Area 3 Marina,Evac Area 4 Beach,128.39999999999998,146.39999999999998,146.39999999999998,149.39999999999998,25.0,0,None
8,Vessel 6,8,Evac Area 4 Beach,Safe Area 3 Marina,149.39999999999998,167.39999999999998,167.39999999999998,170.39999999999998,25.0,12,Evac Area 4
9,Vessel 6,9,Safe Area 3 Marina,Evac Area 4 Beach,170.39999999999998,188.39999999999998,188.39999999999998,191.39999999999998,25.0,0,None
10,Vessel 6,10,Evac Area 4 Beach,Safe Area 3 Marina,191.39999999999998,209.39999999999998,209.39999999999998,212.39999999999998,25.0,12,Evac Area 4
11,Vessel 6,11,Safe Area 3 Marina,Evac Area 3 Dock,212.39999999999998,223.2,223.2,226.2,25.0,0,None
12,Vessel 6,12,Evac Area 3 Dock,Safe Area 3 Marina,226.2,237.0,237.0,240.0,25.0,12,Evac Area 3
13,Vessel 6,13,Safe Area 3 Marina,Evac Area 4 Dock,240.0,258.0,258.0,261.0,25.0,0,None
14,Vessel 6,14,Evac Area 4 Dock,Safe Area 3 Marina,261.0,279.0,279.0,282.0,25.0,12,Evac Area 4
15,Vessel 6,15,Safe Area 3 Marina,Evac Area 4 Beach,282.0,300.0,300.0,303.0,25.0,0,None
16,Vessel 6,16,Evac Area 4 Beach,Safe Area 3 Marina,303.0,321.0,321.0,324.0,25.0,12,Evac Area 4
17,Vessel 6,17,Safe Area 3 Marina,Evac Area 4 Beach,324.0,342.0,342.0,345.0,25.0,0,None
18,Vessel 6,18,Evac Area 4 Beach,Safe Area 3 Marina,345.0,363.0,363.0,366.0,25.0,12,Evac Area 4
19,Vessel 6,19,Safe Area 3 Marina,Evac Area 3 Dock,366.0,376.8,376.8,379.8,25.0,0,None
20,Vessel 6,20,Evac Area 3 Dock,Safe Area 3 Marina,379.8,390.6,390.6,393.6,25.0,12,Evac Area 3
21,Vessel 6,21,Safe Area 3 Marina,Evac Area 4 Beach,393.6,411.6,411.6,414.6,25.0,0,None
22,Vessel 6,22,Evac Area 4 Beach,Safe Area 3 Marina,414.6,432.6,432.6,435.6,25.0,12,Evac Area 4
23,Vessel 6,23,Safe Area 3 Marina,Evac Area 3 Dock,435.6,446.40000000000003,446.40000000000003,449.40000000000003,25.0,0,None
24,Vessel 6,24,Evac Area 3 Dock,Safe Area 3 Marina,449.40000000000003,460.20000000000005,460.20000000000005,463.20000000000005,25.0,12,Evac Area 3
25,Vessel 6,25,Safe Area 3 Marina,Evac Area 4 Beach,463.20000000000005,481.20000000000005,481.20000000000005,484.20000000000005,25.0,0,None
26,Vessel 6,26,Evac Area 4 Beach,Safe Area 3 Marina,484.20000000000005,502.20000000000005,502.20000000000005,505.20000000000005,25.0,12,Evac Area 4
27,Vessel 6,27,Safe Area 3 Marina,Evac Area 3 Dock,505.20000000000005,516.0,516.0,519.0,25.0,0,None
28,Vessel 6,28,Evac Area 3 Dock,Safe Area 3 Marina,519.0,529.8,529.8,532.8,25.0,12,Evac Area 3
