segment_id,resource_id,route_segment_id,origin,destination,route_start_time,route_end_time,load_start_time,load_end_time,resource_speed,evacuees,evacuated_location,post_run_correction
1,Vessel 1,1,Safe Area 1 Terminal,Evac Area 1 Ferry Terminal,10.0,24.0,24.0,34.0,12.0,0,None,
2,Vessel 1,2,Evac Area 1 Ferry Terminal,Safe Area 1 Terminal,34.0,48.0,48.0,58.0,12.0,85,Evac Area 1,
1,Vessel 2,1,Safe Area 2 Harbor,Evac Area 2 Marina,10.0,22.0,22.0,25.0,25.0,0,None,
2,Vessel 2,2,Evac Area 2 Marina,Safe Area 2 Harbor,25.0,37.0,37.0,40.0,25.0,12,Evac Area 2,
3,Vessel 2,3,Safe Area 2 Harbor,Evac Area 2 Marina,40.0,52.0,52.0,55.0,25.0,0,None,
4,Vessel 2,4,Evac Area 2 Marina,Safe Area 2 Harbor,55.0,67.0,67.0,70.0,25.0,12,Evac Area 2,
5,Vessel 2,5,Safe Area 2 Harbor,Evac Area 4 Dock,70.0,88.23999999999998,88.23999999999998,91.23999999999998,25.0,0,None,
6,Vessel 2,6,Evac Area 4 Dock,Safe Area 2 Harbor,91.23999999999998,109.47999999999999,109.47999999999999,112.47999999999999,25.0,12,Evac Area 4,
7,Vessel 2,7,Safe Area 2 Harbor,Evac Area 2 Marina,112.47999999999999,124.48,124.48,127.48,25.0,0,None,
8,Vessel 2,8,Evac Area 2 Marina,Safe Area 2 Harbor,127.48,139.48,139.48,142.48,25.0,12,Evac Area 2,
9,Vessel 2,9,Safe Area 2 Harbor,Evac Area 2 Marina,142.48,154.48,154.48,157.48,25.0,0,None,
10,Vessel 2,10,Evac Area 2 Marina,Safe Area 2 Harbor,157.48,169.48,169.48,172.48,25.0,12,Evac Area 2,
11,Vessel 2,11,Safe Area 2 Harbor,Evac Area 2 Marina,172.48,184.48,184.48,187.48,25.0,0,None,
12,Vessel 2,12,Evac Area 2 Marina,Safe Area 2 Harbor,187.48,199.48,199.48,202.48,25.0,12,Evac Area 2,
13,Vessel 2,13,Safe Area 2 Harbor,Evac Area 2 Marina,202.48,214.48,214.48,217.48,25.0,0,None,
14,Vessel 2,14,Evac Area 2 Marina,Safe Area 2 Harbor,217.48,229.48,229.48,232.48,25.0,12,Evac Area 2,
1,Vessel 3,1,Safe Area 3 Marina,Evac Area 4 Beach,60.0,78.0,78.0,81.0,25.0,0,None,
2,Vessel 3,2,Evac Area 4 Beach,Safe Area 3 Marina,81.0,99.0,99.0,102.0,25.0,12,Evac Area 4,
3,Vessel 3,3,Safe Area 3 Marina,Evac Area 4 Dock,102.0,120.0,120.0,123.0,25.0,0,None,
4,Vessel 3,4,Evac Area 4 Dock,Safe Area 3 Marina,123.0,141.0,141.0,144.0,25.0,12,Evac Area 4,
5,Vessel 3,5,Safe Area 3 Marina,Evac Area 4 Beach,144.0,162.0,162.0,165.0,25.0,0,None,
6,Vessel 3,6,Evac Area 4 Beach,Safe Area 2 Harbor,165.0,183.24,183.24,186.24,25.0,12,Evac Area 4,
7,Vessel 3,7,Safe Area 2 Harbor,Evac Area 2 Marina,186.24,198.24,198.24,201.24,25.0,0,None,
8,Vessel 3,8,Evac Area 2 Marina,Safe Area 2 Harbor,201.24,213.24,213.24,216.24,25.0,12,Evac Area 2,
9,Vessel 3,9,Safe Area 2 Harbor,Evac Area 2 Marina,216.24,228.24,228.24,231.24,25.0,0,None,
10,Vessel 3,10,Evac Area 2 Marina,Safe Area 2 Harbor,231.24,243.24,243.24,246.24,25.0,2,Evac Area 2,
1,Vessel 4,1,Safe Area 1 Terminal,Evac Area 1 Marina,10.0,16.72,16.72,21.72,25.0,0,None,
2,Vessel 4,2,Evac Area 1 Marina,Safe Area 3 Marina,21.72,28.919999999999987,28.919999999999987,33.91999999999999,25.0,0,Evac Area 1,
3,Vessel 4,3,Safe Area 3 Marina,Evac Area 2 Marina,33.91999999999999,50.72,50.72,55.72,25.0,0,None,
4,Vessel 4,4,Evac Area 2 Marina,Safe Area 2 Harbor,55.72,67.72,67.72,72.72,25.0,38,Evac Area 2,
5,Vessel 4,5,Safe Area 2 Harbor,Evac Area 2 Marina,72.72,84.72,84.72,89.72,25.0,0,None,
6,Vessel 4,6,Evac Area 2 Marina,Safe Area 2 Harbor,89.72,101.72,101.72,106.72,25.0,38,Evac Area 2,
7,Vessel 4,7,Safe Area 2 Harbor,Evac Area 2 Marina,106.72,118.72,118.72,123.72,25.0,0,None,
8,Vessel 4,8,Evac Area 2 Marina,Safe Area 2 Harbor,123.72,135.72,135.72,140.72,25.0,38,Evac Area 2,
9,Vessel 4,9,Safe Area 2 Harbor,Evac Area 2 Marina,140.72,152.72,152.72,157.72,25.0,0,None,
10,Vessel 4,10,Evac Area 2 Marina,Safe Area 2 Harbor,157.72,169.72,169.72,174.72,25.0,38,Evac Area 2,
11,Vessel 4,11,Safe Area 2 Harbor,Evac Area 2 Marina,174.72,186.72,186.72,191.72,25.0,0,None,
12,Vessel 4,12,Evac Area 2 Marina,Safe Area 2 Harbor,191.72,203.72,203.72,208.72,25.0,38,Evac Area 2,
13,Vessel 4,13,Safe Area 2 Harbor,Evac Area 2 Marina,208.72,220.72,220.72,225.72,25.0,0,None,
14,Vessel 4,14,Evac Area 2 Marina,Safe Area 2 Harbor,225.72,237.72,237.72,242.72,25.0,38,Evac Area 2,
1,Vessel 5,1,Safe Area 1 Terminal,Evac Area 3 Dock,30.0,46.66666666666666,46.66666666666666,56.66666666666666,18.0,0,None,
2,Vessel 5,2,Evac Area 3 Dock,Safe Area 3 Marina,56.66666666666666,71.66666666666666,71.66666666666666,81.66666666666666,18.0,109,Evac Area 3,
3,Vessel 5,3,Safe Area 3 Marina,Evac Area 2 Marina,81.66666666666666,105.0,105.0,115.0,18.0,0,None,
4,Vessel 5,4,Evac Area 2 Marina,Safe Area 2 Harbor,115.0,131.66666666666666,131.66666666666666,141.66666666666666,18.0,120,Evac Area 2,
5,Vessel 5,5,Safe Area 2 Harbor,Evac Area 2 Marina,141.66666666666666,158.33333333333331,158.33333333333331,168.33333333333331,18.0,0,None,
6,Vessel 5,6,Evac Area 2 Marina,Safe Area 2 Harbor,168.33333333333331,185.0,185.0,195.0,18.0,120,Evac Area 2,
7,Vessel 5,7,Safe Area 2 Harbor,Evac Area 2 Marina,195.0,211.66666666666663,211.66666666666663,221.66666666666663,18.0,0,None,
8,Vessel 5,8,Evac Area 2 Marina,Safe Area 2 Harbor,221.66666666666663,238.3333333333333,238.3333333333333,248.3333333333333,18.0,120,Evac Area 2,
1,Vessel 6,1,Safe Area 1 Terminal,Evac Area 4 Dock,30.0,51.599999999999994,51.599999999999994,54.599999999999994,25.0,0,None,
2,Vessel 6,2,Evac Area 4 Dock,Safe Area 2 Harbor,54.599999999999994,72.84,72.84,75.84,25.0,6,Evac Area 4,
3,Vessel 6,3,Safe Area 2 Harbor,Evac Area 4 Beach,75.84,94.07999999999998,94.07999999999998,97.07999999999998,25.0,0,None,
4,Vessel 6,4,Evac Area 4 Beach,Safe Area 3 Marina,97.07999999999998,115.07999999999998,115.07999999999998,118.07999999999998,25.0,12,Evac Area 4,
5,Vessel 6,5,Safe Area 3 Marina,Evac Area 4 Dock,118.07999999999998,136.07999999999998,136.07999999999998,139.07999999999998,25.0,0,None,
6,Vessel 6,6,Evac Area 4 Dock,Safe Area 3 Marina,139.07999999999998,157.07999999999998,157.07999999999998,160.07999999999998,25.0,12,Evac Area 4,
7,Vessel 6,7,Safe Area 3 Marina,Evac Area 4 Dock,160.07999999999998,178.07999999999998,178.07999999999998,181.08,25.0,0,None,
8,Vessel 6,8,Evac Area 4 Dock,Safe Area 3 Marina,181.08,199.08,199.08,202.08,25.0,12,Evac Area 4,
9,Vessel 6,9,Safe Area 3 Marina,Evac Area 4 Beach,202.08,220.08,220.08,223.08,25.0,0,None,
10,Vessel 6,10,Evac Area 4 Beach,Safe Area 3 Marina,223.08,241.08,241.08,244.08,25.0,12,Evac Area 4,
1,Vessel 1,1,Safe Area 1 Terminal,Evac Area 1 Ferry Terminal,248.3333333333333,262.33333333333326,262.33333333333326,272.33333333333326,12.0,0,None,yes
2,Vessel 1,2,Evac Area 1 Ferry Terminal,Safe Area 1 Terminal,272.33333333333326,286.33333333333326,286.33333333333326,296.33333333333326,12.0,132,Evac Area 1,yes
1,Vessel 2,1,Safe Area 2 Harbor,Evac Area 3 Dock,248.3333333333333,267.5333333333333,267.5333333333333,270.5333333333333,25.0,0,None,yes
2,Vessel 2,2,Evac Area 3 Dock,Safe Area 3 Marina,270.5333333333333,281.33333333333326,281.33333333333326,284.33333333333326,25.0,12,Evac Area 3,yes
3,Vessel 2,3,Safe Area 3 Marina,Evac Area 3 Dock,284.33333333333326,295.13333333333327,295.13333333333327,298.13333333333327,25.0,0,None,yes
4,Vessel 2,4,Evac Area 3 Dock,Safe Area 3 Marina,298.13333333333327,308.9333333333333,308.9333333333333,311.9333333333333,25.0,1,Evac Area 3,yes
1,Vessel 3,1,Safe Area 2 Harbor,Evac Area 3 Dock,248.3333333333333,267.5333333333333,267.5333333333333,270.5333333333333,25.0,0,None,yes
2,Vessel 3,2,Evac Area 3 Dock,Safe Area 3 Marina,270.5333333333333,281.33333333333326,281.33333333333326,284.33333333333326,25.0,12,Evac Area 3,yes
3,Vessel 3,3,Safe Area 3 Marina,Evac Area 3 Dock,284.33333333333326,295.13333333333327,295.13333333333327,298.13333333333327,25.0,0,None,yes
4,Vessel 3,4,Evac Area 3 Dock,Safe Area 3 Marina,298.13333333333327,308.9333333333333,308.9333333333333,311.9333333333333,25.0,12,Evac Area 3,yes
1,Vessel 4,1,Safe Area 2 Harbor,Evac Area 4 Dock,248.3333333333333,266.57333333333327,266.57333333333327,271.57333333333327,25.0,0,None,yes
2,Vessel 4,2,Evac Area 4 Dock,Safe Area 3 Marina,271.57333333333327,289.57333333333327,289.57333333333327,294.57333333333327,25.0,36,Evac Area 4,yes
1,Vessel 5,1,Safe Area 2 Harbor,Evac Area 2 Marina,248.3333333333333,264.99999999999994,264.99999999999994,274.99999999999994,18.0,0,None,yes
2,Vessel 5,2,Evac Area 2 Marina,Safe Area 2 Harbor,274.99999999999994,291.66666666666663,291.66666666666663,301.66666666666663,18.0,103,Evac Area 2,yes
1,Vessel 6,1,Safe Area 3 Marina,Evac Area 3 Dock,248.3333333333333,259.13333333333327,259.13333333333327,262.13333333333327,25.0,0,None,yes
2,Vessel 6,2,Evac Area 3 Dock,Safe Area 3 Marina,262.13333333333327,272.9333333333333,272.9333333333333,275.9333333333333,25.0,12,Evac Area 3,yes
3,Vessel 6,3,Safe Area 3 Marina,Evac Area 3 Dock,275.9333333333333,286.7333333333333,286.7333333333333,289.7333333333333,25.0,0,None,yes
4,Vessel 6,4,Evac Area 3 Dock,Safe Area 3 Marina,289.7333333333333,300.5333333333333,300.5333333333333,303.5333333333333,25.0,12,Evac Area 3,yes
