segment_id,resource_id,route_segment_id,origin,destination,route_start_time,route_end_time,load_start_time,load_end_time,resource_speed,evacuees,evacuated_location
1,Vessel 1,1,Safe Area 1 Terminal,Evac Area 1 Ferry Terminal,10.0,24.0,24.0,34.0,12.0,0,None
2,Vessel 1,2,Evac Area 1 Ferry Terminal,Safe Area 1 Terminal,34.0,48.0,48.0,58.0,12.0,130,Evac Area 1
1,Vessel 2,1,Safe Area 2 Harbor,Evac Area 2 Marina,10.0,22.0,22.0,25.0,25.0,0,None
2,Vessel 2,2,Evac Area 2 Marina,Safe Area 1 Terminal,25.0,49.0,49.0,52.0,25.0,12,Evac Area 2
3,Vessel 2,3,Safe Area 1 Terminal,Evac Area 2 Marina,52.0,76.0,76.0,79.0,25.0,0,None
4,Vessel 2,4,Evac Area 2 Marina,Safe Area 2 Harbor,79.0,91.0,91.0,94.0,25.0,12,Evac Area 2
5,Vessel 2,5,Safe Area 2 Harbor,Evac Area 2 Marina,94.0,106.0,106.0,109.0,25.0,0,None
6,Vessel 2,6,Evac Area 2 Marina,Safe Area 2 Harbor,109.0,121.0,121.0,124.0,25.0,12,Evac Area 2
7,Vessel 2,7,Safe Area 2 Harbor,Evac Area 2 Marina,124.0,136.0,136.0,139.0,25.0,0,None
8,Vessel 2,8,Evac Area 2 Marina,Safe Area 2 Harbor,139.0,151.0,151.0,154.0,25.0,12,Evac Area 2
9,Vessel 2,9,Safe Area 2 Harbor,Evac Area 2 Marina,154.0,166.0,166.0,169.0,25.0,0,None
10,Vessel 2,10,Evac Area 2 Marina,Safe Area 2 Harbor,169.0,181.0,181.0,184.0,25.0,12,Evac Area 2
11,Vessel 2,11,Safe Area 2 Harbor,Evac Area 2 Marina,184.0,196.0,196.0,199.0,25.0,0,None
12,Vessel 2,12,Evac Area 2 Marina,Safe Area 2 Harbor,199.0,211.0,211.0,214.0,25.0,12,Evac Area 2
1,Vessel 3,1,Safe Area 3 Marina,Evac Area 2 Marina,60.0,76.8,76.8,79.8,25.0,0,None
2,Vessel 3,2,Evac Area 2 Marina,Safe Area 3 Marina,79.8,96.6,96.6,99.6,25.0,12,Evac Area 2
3,Vessel 3,3,Safe Area 3 Marina,Evac Area 2 Marina,99.6,116.39999999999999,116.39999999999999,119.39999999999999,25.0,0,None
4,Vessel 3,4,Evac Area 2 Marina,Safe Area 2 Harbor,119.39999999999999,131.39999999999998,131.39999999999998,134.39999999999998,25.0,12,Evac Area 2
5,Vessel 3,5,Safe Area 2 Harbor,Evac Area 2 Marina,134.39999999999998,146.39999999999998,146.39999999999998,149.39999999999998,25.0,0,None
6,Vessel 3,6,Evac Area 2 Marina,Safe Area 2 Harbor,149.39999999999998,161.39999999999998,161.39999999999998,164.39999999999998,25.0,12,Evac Area 2
7,Vessel 3,7,Safe Area 2 Harbor,Evac Area 4 Dock,164.39999999999998,182.64,182.64,185.64,25.0,0,None
8,Vessel 3,8,Evac Area 4 Dock,Safe Area 2 Harbor,185.64,203.88,203.88,206.88,25.0,12,Evac Area 4
9,Vessel 3,9,Safe Area 2 Harbor,Evac Area 2 Marina,206.88,218.88,218.88,221.88,25.0,0,None
10,Vessel 3,10,Evac Area 2 Marina,Safe Area 2 Harbor,221.88,233.88,233.88,236.88,25.0,12,Evac Area 2
1,Vessel 4,1,Safe Area 1 Terminal,Evac Area 4 Dock,10.0,31.599999999999998,31.599999999999998,36.599999999999994,25.0,0,None
2,Vessel 4,2,Evac Area 4 Dock,Safe Area 3 Marina,36.599999999999994,54.599999999999994,54.599999999999994,59.599999999999994,25.0,38,Evac Area 4
3,Vessel 4,3,Safe Area 3 Marina,Evac Area 4 Dock,59.599999999999994,77.6,77.6,82.6,25.0,0,None
4,Vessel 4,4,Evac Area 4 Dock,Safe Area 2 Harbor,82.6,100.83999999999999,100.83999999999999,105.83999999999999,25.0,38,Evac Area 4
5,Vessel 4,5,Safe Area 2 Harbor,Evac Area 2 Marina,105.83999999999999,117.83999999999999,117.83999999999999,122.83999999999999,25.0,0,None
6,Vessel 4,6,Evac Area 2 Marina,Safe Area 2 Harbor,122.83999999999999,134.83999999999997,134.83999999999997,139.83999999999997,25.0,38,Evac Area 2
7,Vessel 4,7,Safe Area 2 Harbor,Evac Area 2 Marina,139.83999999999997,151.83999999999997,151.83999999999997,156.83999999999997,25.0,0,None
8,Vessel 4,8,Evac Area 2 Marina,Safe Area 2 Harbor,156.83999999999997,168.83999999999997,168.83999999999997,173.83999999999997,25.0,38,Evac Area 2
9,Vessel 4,9,Safe Area 2 Harbor,Evac Area 2 Marina,173.83999999999997,185.83999999999997,185.83999999999997,190.83999999999997,25.0,0,None
10,Vessel 4,10,Evac Area 2 Marina,Safe Area 2 Harbor,190.83999999999997,202.83999999999997,202.83999999999997,207.83999999999997,25.0,38,Evac Area 2
11,Vessel 4,11,Safe Area 2 Harbor,Evac Area 2 Marina,207.83999999999997,219.83999999999997,219.83999999999997,224.83999999999997,25.0,0,None
12,Vessel 4,12,Evac Area 2 Marina,Safe Area 2 Harbor,224.83999999999997,236.83999999999997,236.83999999999997,241.83999999999997,25.0,38,Evac Area 2
1,Vessel 5,1,Safe Area 1 Terminal,Evac Area 3 Dock,30.0,46.66666666666667,46.66666666666667,56.66666666666667,18.0,0,None
2,Vessel 5,2,Evac Area 3 Dock,Safe Area 3 Marina,56.66666666666667,71.66666666666667,71.66666666666667,81.66666666666667,18.0,109,Evac Area 3
3,Vessel 5,3,Safe Area 3 Marina,Evac Area 2 Marina,81.66666666666667,105.0,105.0,115.0,18.0,0,None
4,Vessel 5,4,Evac Area 2 Marina,Safe Area 2 Harbor,115.0,131.66666666666666,131.66666666666666,141.66666666666666,18.0,120,Evac Area 2
5,Vessel 5,5,Safe Area 2 Harbor,Evac Area 2 Marina,141.66666666666666,158.33333333333331,158.33333333333331,168.33333333333331,18.0,0,None
6,Vessel 5,6,Evac Area 2 Marina,Safe Area 2 Harbor,168.33333333333331,184.99999999999997,184.99999999999997,194.99999999999997,18.0,120,Evac Area 2
7,Vessel 5,7,Safe Area 2 Harbor,Evac Area 2 Marina,194.99999999999997,211.66666666666663,211.66666666666663,221.66666666666663,18.0,0,None
8,Vessel 5,8,Evac Area 2 Marina,Safe Area 2 Harbor,221.66666666666663,238.3333333333333,238.3333333333333,248.3333333333333,18.0,114,Evac Area 2
1,Vessel 6,1,Safe Area 1 Terminal,Evac Area 2 Marina,30.0,54.0,54.0,57.0,25.0,0,None
2,Vessel 6,2,Evac Area 2 Marina,Safe Area 2 Harbor,57.0,69.0,69.0,72.0,25.0,12,Evac Area 2
3,Vessel 6,3,Safe Area 2 Harbor,Evac Area 2 Marina,72.0,84.0,84.0,87.0,25.0,0,None
4,Vessel 6,4,Evac Area 2 Marina,Safe Area 2 Harbor,87.0,99.0,99.0,102.0,25.0,12,Evac Area 2
5,Vessel 6,5,Safe Area 2 Harbor,Evac Area 2 Marina,102.0,114.0,114.0,117.0,25.0,0,None
6,Vessel 6,6,Evac Area 2 Marina,Safe Area 2 Harbor,117.0,129.0,129.0,132.0,25.0,12,Evac Area 2
7,Vessel 6,7,Safe Area 2 Harbor,Evac Area 2 Marina,132.0,144.0,144.0,147.0,25.0,0,None
8,Vessel 6,8,Evac Area 2 Marina,Safe Area 2 Harbor,147.0,159.0,159.0,162.0,25.0,12,Evac Area 2
9,Vessel 6,9,Safe Area 2 Harbor,Evac Area 4 Dock,162.0,180.24,180.24,183.24,25.0,0,None
10,Vessel 6,10,Evac Area 4 Dock,Safe Area 2 Harbor,183.24,201.48000000000002,201.48000000000002,204.48000000000002,25.0,12,Evac Area 4
11,Vessel 6,11,Safe Area 2 Harbor,Evac Area 4 Beach,204.48000000000002,222.72000000000003,222.72000000000003,225.72000000000003,25.0,0,None
12,Vessel 6,12,Evac Area 4 Beach,Safe Area 3 Marina,225.72000000000003,243.72000000000003,243.72000000000003,246.72000000000003,25.0,2,Evac Area 4
