segment_id,resource_id,route_segment_id,origin,destination,route_start_time,route_end_time,load_start_time,load_end_time,resource_speed,evacuees,evacuated_location,post_run_correction
1,Vessel 2,1,Safe Area 2 Harbor,Evac Area 4 Beach,10.0,28.239999999999995,28.239999999999995,31.239999999999995,25.0,0,None,
2,Vessel 2,2,Evac Area 4 Beach,Safe Area 3 Marina,31.239999999999995,49.24000000000001,49.24000000000001,52.24000000000001,25.0,12,Evac Area 4,
3,Vessel 2,3,Safe Area 3 Marina,Evac Area 4 Beach,52.24000000000001,70.24,70.24,73.24,25.0,0,None,
4,Vessel 2,4,Evac Area 4 Beach,Safe Area 3 Marina,73.24,91.24,91.24,94.24,25.0,8,Evac Area 4,
1,Vessel 3,1,Safe Area 3 Marina,Evac Area 4 Beach,60.0,78.0,78.0,81.0,25.0,0,None,
2,Vessel 3,2,Evac Area 4 Beach,Safe Area 3 Marina,81.0,99.0,99.0,102.0,25.0,5,Evac Area 4,
1,Vessel 4,1,Safe Area 1 Terminal,Evac Area 4 Dock,10.0,31.599999999999994,31.599999999999994,36.599999999999994,25.0,0,None,
2,Vessel 4,2,Evac Area 4 Dock,Safe Area 2 Harbor,36.599999999999994,54.83999999999999,54.83999999999999,59.83999999999999,25.0,38,Evac Area 4,
1,Vessel 5,1,Safe Area 1 Terminal,Evac Area 3 Dock,30.0,46.66666666666667,46.66666666666667,56.66666666666667,18.0,0,None,
2,Vessel 5,2,Evac Area 3 Dock,Safe Area 3 Marina,56.66666666666667,71.66666666666667,71.66666666666667,81.66666666666667,18.0,70,Evac Area 3,
1,Vessel 6,1,Safe Area 1 Terminal,Evac Area 4 Dock,30.0,51.599999999999994,51.599999999999994,54.599999999999994,25.0,0,None,
2,Vessel 6,2,Evac Area 4 Dock,Safe Area 3 Marina,54.599999999999994,72.6,72.6,75.6,25.0,12,Evac Area 4,
1,Vessel 1,1,Safe Area 1 Terminal,Evac Area 1 Ferry Terminal,120.0,134.0,134.0,144.0,12.0,0,None,yes
2,Vessel 1,2,Evac Area 1 Ferry Terminal,Safe Area 1 Terminal,144.0,158.0,158.0,168.0,12.0,217,Evac Area 1,yes
1,Vessel 2,1,Safe Area 3 Marina,Evac Area 3 Dock,120.0,130.8,130.8,133.8,25.0,0,None,yes
2,Vessel 2,2,Evac Area 3 Dock,Safe Area 3 Marina,133.8,144.6,144.6,147.6,25.0,12,Evac Area 3,yes
3,Vessel 2,3,Safe Area 3 Marina,Evac Area 3 Dock,147.6,158.4,158.4,161.4,25.0,0,None,yes
4,Vessel 2,4,Evac Area 3 Dock,Safe Area 3 Marina,161.4,172.2,172.2,175.2,25.0,12,Evac Area 3,yes
5,Vessel 2,5,Safe Area 3 Marina,Evac Area 3 Dock,175.2,186.0,186.0,189.0,25.0,0,None,yes
6,Vessel 2,6,Evac Area 3 Dock,Safe Area 3 Marina,189.0,199.8,199.8,202.8,25.0,12,Evac Area 3,yes
7,Vessel 2,7,Safe Area 3 Marina,Evac Area 3 Dock,202.8,213.6,213.6,216.6,25.0,0,None,yes
8,Vessel 2,8,Evac Area 3 Dock,Safe Area 3 Marina,216.6,227.39999999999998,227.39999999999998,230.39999999999998,25.0,12,Evac Area 3,yes
9,Vessel 2,9,Safe Area 3 Marina,Evac Area 3 Dock,230.39999999999998,241.2,241.2,244.2,25.0,0,None,yes
10,Vessel 2,10,Evac Area 3 Dock,Safe Area 3 Marina,244.2,255.0,255.0,258.0,25.0,12,Evac Area 3,yes
11,Vessel 2,11,Safe Area 3 Marina,Evac Area 3 Dock,258.0,268.8,268.8,271.8,25.0,0,None,yes
12,Vessel 2,12,Evac Area 3 Dock,Safe Area 3 Marina,271.8,282.6,282.6,285.6,25.0,12,Evac Area 3,yes
13,Vessel 2,13,Safe Area 3 Marina,Evac Area 3 Dock,285.6,296.40000000000003,296.40000000000003,299.40000000000003,25.0,0,None,yes
14,Vessel 2,14,Evac Area 3 Dock,Safe Area 3 Marina,299.40000000000003,310.20000000000005,310.20000000000005,313.20000000000005,25.0,4,Evac Area 3,yes
15,Vessel 2,15,Safe Area 3 Marina,Evac Area 3 Dock,313.20000000000005,324.00000000000006,324.00000000000006,327.00000000000006,25.0,0,None,yes
16,Vessel 2,16,Evac Area 3 Dock,Safe Area 3 Marina,327.00000000000006,337.80000000000007,337.80000000000007,340.80000000000007,25.0,12,Evac Area 3,yes
1,Vessel 3,1,Safe Area 3 Marina,Evac Area 4 Beach,120.0,138.0,138.0,141.0,25.0,0,None,yes
2,Vessel 3,2,Evac Area 4 Beach,Safe Area 2 Harbor,141.0,159.24,159.24,162.24,25.0,12,Evac Area 4,yes
3,Vessel 3,3,Safe Area 2 Harbor,Evac Area 2 Marina,162.24,174.24,174.24,177.24,25.0,0,None,yes
4,Vessel 3,4,Evac Area 2 Marina,Safe Area 2 Harbor,177.24,189.24,189.24,192.24,25.0,12,Evac Area 2,yes
5,Vessel 3,5,Safe Area 2 Harbor,Evac Area 2 Marina,192.24,204.24,204.24,207.24,25.0,0,None,yes
6,Vessel 3,6,Evac Area 2 Marina,Safe Area 2 Harbor,207.24,219.24,219.24,222.24,25.0,12,Evac Area 2,yes
7,Vessel 3,7,Safe Area 2 Harbor,Evac Area 2 Marina,222.24,234.24,234.24,237.24,25.0,0,None,yes
8,Vessel 3,8,Evac Area 2 Marina,Safe Area 2 Harbor,237.24,249.24,249.24,252.24,25.0,12,Evac Area 2,yes
9,Vessel 3,9,Safe Area 2 Harbor,Evac Area 2 Marina,252.24,264.24,264.24,267.24,25.0,0,None,yes
10,Vessel 3,10,Evac Area 2 Marina,Safe Area 2 Harbor,267.24,279.24,279.24,282.24,25.0,12,Evac Area 2,yes
11,Vessel 3,11,Safe Area 2 Harbor,Evac Area 4 Beach,282.24,300.48,300.48,303.48,25.0,0,None,yes
12,Vessel 3,12,Evac Area 4 Beach,Safe Area 2 Harbor,303.48,321.72,321.72,324.72,25.0,12,Evac Area 4,yes
1,Vessel 4,1,Safe Area 2 Harbor,Evac Area 2 Marina,120.0,132.0,132.0,137.0,25.0,0,None,yes
2,Vessel 4,2,Evac Area 2 Marina,Safe Area 2 Harbor,137.0,149.0,149.0,154.0,25.0,38,Evac Area 2,yes
3,Vessel 4,3,Safe Area 2 Harbor,Evac Area 2 Marina,154.0,166.0,166.0,171.0,25.0,0,None,yes
4,Vessel 4,4,Evac Area 2 Marina,Safe Area 2 Harbor,171.0,183.0,183.0,188.0,25.0,38,Evac Area 2,yes
5,Vessel 4,5,Safe Area 2 Harbor,Evac Area 2 Marina,188.0,200.0,200.0,205.0,25.0,0,None,yes
6,Vessel 4,6,Evac Area 2 Marina,Safe Area 2 Harbor,205.0,217.0,217.0,222.0,25.0,38,Evac Area 2,yes
7,Vessel 4,7,Safe Area 2 Harbor,Evac Area 4 Dock,222.0,240.24,240.24,245.24,25.0,0,None,yes
8,Vessel 4,8,Evac Area 4 Dock,Safe Area 2 Harbor,245.24,263.48,263.48,268.48,25.0,38,Evac Area 4,yes
9,Vessel 4,9,Safe Area 2 Harbor,Evac Area 2 Marina,268.48,280.48,280.48,285.48,25.0,0,None,yes
10,Vessel 4,10,Evac Area 2 Marina,Safe Area 2 Harbor,285.48,297.48,297.48,302.48,25.0,38,Evac Area 2,yes
11,Vessel 4,11,Safe Area 2 Harbor,Evac Area 2 Marina,302.48,314.48,314.48,319.48,25.0,0,None,yes
12,Vessel 4,12,Evac Area 2 Marina,Safe Area 2 Harbor,319.48,331.48,331.48,336.48,25.0,38,Evac Area 2,yes
1,Vessel 5,1,Safe Area 3 Marina,Evac Area 2 Marina,120.0,143.33333333333334,143.33333333333334,153.33333333333331,18.0,0,None,yes
2,Vessel 5,2,Evac Area 2 Marina,Safe Area 2 Harbor,153.33333333333331,170.0,170.0,180.0,18.0,120,Evac Area 2,yes
3,Vessel 5,3,Safe Area 2 Harbor,Evac Area 2 Marina,180.0,196.66666666666669,196.66666666666669,206.66666666666669,18.0,0,None,yes
4,Vessel 5,4,Evac Area 2 Marina,Safe Area 2 Harbor,206.66666666666669,223.33333333333334,223.33333333333334,233.33333333333334,18.0,120,Evac Area 2,yes
5,Vessel 5,5,Safe Area 2 Harbor,Evac Area 2 Marina,233.33333333333334,250.0,250.0,260.0,18.0,0,None,yes
6,Vessel 5,6,Evac Area 2 Marina,Safe Area 2 Harbor,260.0,276.66666666666663,276.66666666666663,286.66666666666663,18.0,120,Evac Area 2,yes
7,Vessel 5,7,Safe Area 2 Harbor,Evac Area 2 Marina,286.66666666666663,303.3333333333333,303.3333333333333,313.3333333333333,18.0,0,None,yes
8,Vessel 5,8,Evac Area 2 Marina,Safe Area 2 Harbor,313.3333333333333,330.0,330.0,340.0,18.0,119,Evac Area 2,yes
1,Vessel 6,1,Safe Area 3 Marina,Evac Area 3 Dock,120.0,130.8,130.8,133.8,25.0,0,None,yes
2,Vessel 6,2,Evac Area 3 Dock,Safe Area 3 Marina,133.8,144.6,144.6,147.6,25.0,12,Evac Area 3,yes
3,Vessel 6,3,Safe Area 3 Marina,Evac Area 4 Beach,147.6,165.6,165.6,168.6,25.0,0,None,yes
4,Vessel 6,4,Evac Area 4 Beach,Safe Area 2 Harbor,168.6,186.83999999999997,186.83999999999997,189.83999999999997,25.0,1,Evac Area 4,yes
5,Vessel 6,5,Safe Area 2 Harbor,Evac Area 2 Marina,189.83999999999997,201.83999999999997,201.83999999999997,204.83999999999997,25.0,0,None,yes
6,Vessel 6,6,Evac Area 2 Marina,Safe Area 2 Harbor,204.83999999999997,216.83999999999997,216.83999999999997,219.83999999999997,25.0,12,Evac Area 2,yes
7,Vessel 6,7,Safe Area 2 Harbor,Evac Area 2 Marina,219.83999999999997,231.83999999999997,231.83999999999997,234.83999999999997,25.0,0,None,yes
8,Vessel 6,8,Evac Area 2 Marina,Safe Area 2 Harbor,234.83999999999997,246.83999999999997,246.83999999999997,249.83999999999997,25.0,12,Evac Area 2,yes
9,Vessel 6,9,Safe Area 2 Harbor,Evac Area 2 Marina,249.83999999999997,261.84,261.84,264.84,25.0,0,None,yes
10,Vessel 6,10,Evac Area 2 Marina,Safe Area 2 Harbor,264.84,276.84,276.84,279.84,25.0,12,Evac Area 2,yes
11,Vessel 6,11,Safe Area 2 Harbor,Evac Area 2 Marina,279.84,291.84,291.84,294.84,25.0,0,None,yes
12,Vessel 6,12,Evac Area 2 Marina,Safe Area 2 Harbor,294.84,306.84,306.84,309.84,25.0,12,Evac Area 2,yes
13,Vessel 6,13,Safe Area 2 Harbor,Evac Area 2 Marina,309.84,321.84,321.84,324.84,25.0,0,None,yes
14,Vessel 6,14,Evac Area 2 Marina,Safe Area 2 Harbor,324.84,336.84,336.84,339.84,25.0,12,Evac Area 2,yes
