segment_id,resource_id,route_segment_id,origin,destination,route_start_time,route_end_time,load_start_time,load_end_time,resource_speed,evacuees,evacuated_location,post_run_correction
1,Vessel 1,1,Safe Area 1 Terminal,Evac Area 1 Ferry Terminal,10.0,24.0,24.0,34.0,12.0,0,None,
2,Vessel 1,2,Evac Area 1 Ferry Terminal,Safe Area 1 Terminal,34.0,48.0,48.0,58.0,12.0,215,Evac Area 1,
1,Vessel 2,1,Safe Area 2 Harbor,Evac Area 2 Marina,10.0,22.0,22.0,25.0,25.0,0,None,
2,Vessel 2,2,Evac Area 2 Marina,Safe Area 2 Harbor,25.0,37.0,37.0,40.0,25.0,12,Evac Area 2,
3,Vessel 2,3,Safe Area 2 Harbor,Evac Area 2 Marina,40.0,52.0,52.0,55.0,25.0,0,None,
4,Vessel 2,4,Evac Area 2 Marina,Safe Area 2 Harbor,55.0,67.0,67.0,70.0,25.0,12,Evac Area 2,
5,Vessel 2,5,Safe Area 2 Harbor,Evac Area 2 Marina,70.0,82.0,82.0,85.0,25.0,0,None,
6,Vessel 2,6,Evac Area 2 Marina,Safe Area 3 Marina,85.0,101.79999999999998,101.79999999999998,104.79999999999998,25.0,12,Evac Area 2,
7,Vessel 2,7,Safe Area 3 Marina,Evac Area 3 Dock,104.79999999999998,115.6,115.6,118.6,25.0,0,None,
8,Vessel 2,8,Evac Area 3 Dock,Safe Area 3 Marina,118.6,129.4,129.4,132.4,25.0,12,Evac Area 3,
9,Vessel 2,9,Safe Area 3 Marina,Evac Area 3 Dock,132.4,143.20000000000002,143.20000000000002,146.20000000000002,25.0,0,None,
10,Vessel 2,10,Evac Area 3 Dock,Safe Area 3 Marina,146.20000000000002,157.00000000000003,157.00000000000003,160.00000000000003,25.0,7,Evac Area 3,
11,Vessel 2,11,Safe Area 3 Marina,Evac Area 3 Dock,160.00000000000003,170.80000000000004,170.80000000000004,173.80000000000004,25.0,0,None,
12,Vessel 2,12,Evac Area 3 Dock,Safe Area 3 Marina,173.80000000000004,184.60000000000005,184.60000000000005,187.60000000000005,25.0,12,Evac Area 3,
13,Vessel 2,13,Safe Area 3 Marina,Evac Area 3 Dock,187.60000000000005,198.4000000000001,198.4000000000001,201.4000000000001,25.0,0,None,
14,Vessel 2,14,Evac Area 3 Dock,Safe Area 3 Marina,201.4000000000001,212.20000000000007,212.20000000000007,215.20000000000007,25.0,12,Evac Area 3,
15,Vessel 2,15,Safe Area 3 Marina,Evac Area 3 Dock,215.20000000000007,226.00000000000009,226.00000000000009,229.00000000000009,25.0,0,None,
16,Vessel 2,16,Evac Area 3 Dock,Safe Area 3 Marina,229.00000000000009,239.8000000000001,239.8000000000001,242.8000000000001,25.0,12,Evac Area 3,
1,Vessel 3,1,Safe Area 3 Marina,Evac Area 3 Dock,60.0,70.79999999999998,70.79999999999998,73.79999999999998,25.0,0,None,
2,Vessel 3,2,Evac Area 3 Dock,Safe Area 3 Marina,73.79999999999998,84.6,84.6,87.6,25.0,12,Evac Area 3,
3,Vessel 3,3,Safe Area 3 Marina,Evac Area 2 Marina,87.6,104.4,104.4,107.4,25.0,0,None,
4,Vessel 3,4,Evac Area 2 Marina,Safe Area 2 Harbor,107.4,119.4,119.4,122.4,25.0,12,Evac Area 2,
5,Vessel 3,5,Safe Area 2 Harbor,Evac Area 2 Marina,122.4,134.39999999999998,134.39999999999998,137.39999999999998,25.0,0,None,
6,Vessel 3,6,Evac Area 2 Marina,Safe Area 2 Harbor,137.39999999999998,149.39999999999998,149.39999999999998,152.39999999999998,25.0,12,Evac Area 2,
7,Vessel 3,7,Safe Area 2 Harbor,Evac Area 2 Marina,152.39999999999998,164.39999999999998,164.39999999999998,167.39999999999998,25.0,0,None,
8,Vessel 3,8,Evac Area 2 Marina,Safe Area 2 Harbor,167.39999999999998,179.39999999999998,179.39999999999998,182.4,25.0,12,Evac Area 2,
9,Vessel 3,9,Safe Area 2 Harbor,Evac Area 2 Marina,182.4,194.4,194.4,197.4,25.0,0,None,
10,Vessel 3,10,Evac Area 2 Marina,Safe Area 2 Harbor,197.4,209.4,209.4,212.4,25.0,12,Evac Area 2,
11,Vessel 3,11,Safe Area 2 Harbor,Evac Area 2 Marina,212.4,224.4,224.4,227.4,25.0,0,None,
12,Vessel 3,12,Evac Area 2 Marina,Safe Area 2 Harbor,227.4,239.4,239.4,242.4,25.0,12,Evac Area 2,
1,Vessel 4,1,Safe Area 1 Terminal,Evac Area 2 Marina,10.0,34.0,34.0,39.0,25.0,0,None,
2,Vessel 4,2,Evac Area 2 Marina,Safe Area 2 Harbor,39.0,51.0,51.0,56.0,25.0,38,Evac Area 2,
3,Vessel 4,3,Safe Area 2 Harbor,Evac Area 2 Marina,56.0,68.0,68.0,73.0,25.0,0,None,
4,Vessel 4,4,Evac Area 2 Marina,Safe Area 2 Harbor,73.0,85.0,85.0,90.0,25.0,38,Evac Area 2,
5,Vessel 4,5,Safe Area 2 Harbor,Evac Area 2 Marina,90.0,102.0,102.0,107.0,25.0,0,None,
6,Vessel 4,6,Evac Area 2 Marina,Safe Area 2 Harbor,107.0,119.0,119.0,124.0,25.0,38,Evac Area 2,
7,Vessel 4,7,Safe Area 2 Harbor,Evac Area 2 Marina,124.0,136.0,136.0,141.0,25.0,0,None,
8,Vessel 4,8,Evac Area 2 Marina,Safe Area 2 Harbor,141.0,153.0,153.0,158.0,25.0,38,Evac Area 2,
9,Vessel 4,9,Safe Area 2 Harbor,Evac Area 2 Marina,158.0,170.0,170.0,175.0,25.0,0,None,
10,Vessel 4,10,Evac Area 2 Marina,Safe Area 2 Harbor,175.0,187.0,187.0,192.0,25.0,38,Evac Area 2,
11,Vessel 4,11,Safe Area 2 Harbor,Evac Area 2 Marina,192.0,204.0,204.0,209.0,25.0,0,None,
12,Vessel 4,12,Evac Area 2 Marina,Safe Area 2 Harbor,209.0,221.0,221.0,226.0,25.0,38,Evac Area 2,
1,Vessel 5,1,Safe Area 1 Terminal,Evac Area 4 Dock,30.0,60.0,60.0,70.0,18.0,0,None,
2,Vessel 5,2,Evac Area 4 Dock,Safe Area 2 Harbor,70.0,95.33333333333331,95.33333333333331,105.33333333333331,18.0,120,Evac Area 4,
3,Vessel 5,3,Safe Area 2 Harbor,Evac Area 2 Marina,105.33333333333331,122.0,122.0,132.0,18.0,0,None,
4,Vessel 5,4,Evac Area 2 Marina,Safe Area 2 Harbor,132.0,148.66666666666666,148.66666666666666,158.66666666666666,18.0,120,Evac Area 2,
5,Vessel 5,5,Safe Area 2 Harbor,Evac Area 2 Marina,158.66666666666666,175.33333333333331,175.33333333333331,185.3333333333333,18.0,0,None,
6,Vessel 5,6,Evac Area 2 Marina,Safe Area 3 Marina,185.3333333333333,208.66666666666663,208.66666666666663,218.66666666666663,18.0,118,Evac Area 2,
1,Vessel 6,1,Safe Area 1 Terminal,Evac Area 3 Dock,30.0,42.0,42.0,45.0,25.0,0,None,
2,Vessel 6,2,Evac Area 3 Dock,Safe Area 3 Marina,45.0,55.79999999999998,55.79999999999998,58.79999999999998,25.0,12,Evac Area 3,
3,Vessel 6,3,Safe Area 3 Marina,Evac Area 3 Dock,58.79999999999998,69.6,69.6,72.6,25.0,0,None,
4,Vessel 6,4,Evac Area 3 Dock,Safe Area 3 Marina,72.6,83.4,83.4,86.4,25.0,12,Evac Area 3,
5,Vessel 6,5,Safe Area 3 Marina,Evac Area 3 Dock,86.4,97.20000000000002,97.20000000000002,100.20000000000002,25.0,0,None,
6,Vessel 6,6,Evac Area 3 Dock,Safe Area 3 Marina,100.20000000000002,111.0,111.0,114.0,25.0,12,Evac Area 3,
7,Vessel 6,7,Safe Area 3 Marina,Evac Area 3 Dock,114.0,124.79999999999998,124.79999999999998,127.79999999999998,25.0,0,None,
8,Vessel 6,8,Evac Area 3 Dock,Safe Area 3 Marina,127.79999999999998,138.6,138.6,141.6,25.0,12,Evac Area 3,
9,Vessel 6,9,Safe Area 3 Marina,Evac Area 4 Dock,141.6,159.6,159.6,162.6,25.0,0,None,
10,Vessel 6,10,Evac Area 4 Dock,Safe Area 2 Harbor,162.6,180.84,180.84,183.84,25.0,9,Evac Area 4,
11,Vessel 6,11,Safe Area 2 Harbor,Evac Area 2 Marina,183.84,195.84,195.84,198.84,25.0,0,None,
12,Vessel 6,12,Evac Area 2 Marina,Safe Area 2 Harbor,198.84,210.84,210.84,213.84,25.0,12,Evac Area 2,
13,Vessel 6,13,Safe Area 2 Harbor,Evac Area 2 Marina,213.84,225.84,225.84,228.84,25.0,0,None,
14,Vessel 6,14,Evac Area 2 Marina,Safe Area 2 Harbor,228.84,240.84,240.84,243.84,25.0,12,Evac Area 2,
1,Vessel 1,1,Safe Area 1 Terminal,Evac Area 1 Ferry Terminal,243.84,257.84,257.84,267.84000000000003,12.0,0,None,yes
2,Vessel 1,2,Evac Area 1 Ferry Terminal,Safe Area 1 Terminal,267.84000000000003,281.84000000000003,281.84000000000003,291.84000000000003,12.0,2,Evac Area 1,yes
1,Vessel 2,1,Safe Area 3 Marina,Evac Area 3 Dock,243.84,254.64000000000001,254.64000000000001,257.64,25.0,0,None,yes
2,Vessel 2,2,Evac Area 3 Dock,Safe Area 3 Marina,257.64,268.44,268.44,271.44,25.0,12,Evac Area 3,yes
3,Vessel 2,3,Safe Area 3 Marina,Evac Area 3 Dock,271.44,282.24,282.24,285.24,25.0,0,None,yes
4,Vessel 2,4,Evac Area 3 Dock,Safe Area 3 Marina,285.24,296.04,296.04,299.04,25.0,12,Evac Area 3,yes
1,Vessel 3,1,Safe Area 2 Harbor,Evac Area 3 Dock,243.84,263.04,263.04,266.04,25.0,0,None,yes
2,Vessel 3,2,Evac Area 3 Dock,Safe Area 1 Terminal,266.04,278.04,278.04,281.04,25.0,12,Evac Area 3,yes
3,Vessel 3,3,Safe Area 1 Terminal,Evac Area 3 Dock,281.04,293.04,293.04,296.04,25.0,0,None,yes
4,Vessel 3,4,Evac Area 3 Dock,Safe Area 3 Marina,296.04,306.84000000000003,306.84000000000003,309.84000000000003,25.0,7,Evac Area 3,yes
1,Vessel 4,1,Safe Area 2 Harbor,Evac Area 2 Marina,243.84,255.84,255.84,260.84000000000003,25.0,0,None,yes
2,Vessel 4,2,Evac Area 2 Marina,Safe Area 2 Harbor,260.84000000000003,272.84000000000003,272.84000000000003,277.84000000000003,25.0,38,Evac Area 2,yes
3,Vessel 4,3,Safe Area 2 Harbor,Evac Area 2 Marina,277.84000000000003,289.84000000000003,289.84000000000003,294.84000000000003,25.0,0,None,yes
4,Vessel 4,4,Evac Area 2 Marina,Safe Area 2 Harbor,294.84000000000003,306.84000000000003,306.84000000000003,311.84000000000003,25.0,33,Evac Area 2,yes
1,Vessel 5,1,Safe Area 3 Marina,Evac Area 2 Marina,243.84,267.17333333333335,267.17333333333335,277.17333333333335,18.0,0,None,yes
2,Vessel 5,2,Evac Area 2 Marina,Safe Area 3 Marina,277.17333333333335,300.50666666666666,300.50666666666666,310.50666666666666,18.0,120,Evac Area 2,yes
1,Vessel 6,1,Safe Area 2 Harbor,Evac Area 4 Beach,243.84,262.08,262.08,265.08,25.0,0,None,yes
2,Vessel 6,2,Evac Area 4 Beach,Safe Area 3 Marina,265.08,283.08,283.08,286.08,25.0,9,Evac Area 4,yes
3,Vessel 6,3,Safe Area 3 Marina,Evac Area 3 Dock,286.08,296.88,296.88,299.88,25.0,0,None,yes
4,Vessel 6,4,Evac Area 3 Dock,Safe Area 3 Marina,299.88,310.68,310.68,313.68,25.0,12,Evac Area 3,yes
