segment_id,resource_id,route_segment_id,origin,destination,route_start_time,route_end_time,load_start_time,load_end_time,resource_speed,evacuees,evacuated_location,post_run_correction
1,Vessel 1,1,Safe Area 1 Terminal,Evac Area 1 Ferry Terminal,10.0,24.0,24.0,34.0,12.0,0,None,
2,Vessel 1,2,Evac Area 1 Ferry Terminal,Safe Area 1 Terminal,34.0,48.0,48.0,58.0,12.0,457,Evac Area 1,
3,Vessel 1,3,Safe Area 1 Terminal,Evac Area 1 Ferry Terminal,58.0,72.0,72.0,82.0,12.0,0,None,
4,Vessel 1,4,Evac Area 1 Ferry Terminal,Safe Area 1 Terminal,82.0,96.0,96.0,106.0,12.0,34,Evac Area 1,
1,Vessel 2,1,Safe Area 2 Harbor,Evac Area 4 Beach,10.0,28.24000000000001,28.24000000000001,31.24000000000001,25.0,0,None,
2,Vessel 2,2,Evac Area 4 Beach,Safe Area 2 Harbor,31.24000000000001,49.47999999999999,49.47999999999999,52.47999999999999,25.0,12,Evac Area 4,
3,Vessel 2,3,Safe Area 2 Harbor,Evac Area 2 Marina,52.47999999999999,64.47999999999999,64.47999999999999,67.47999999999999,25.0,0,None,
4,Vessel 2,4,Evac Area 2 Marina,Safe Area 2 Harbor,67.47999999999999,79.47999999999999,79.47999999999999,82.47999999999999,25.0,12,Evac Area 2,
5,Vessel 2,5,Safe Area 2 Harbor,Evac Area 4 Dock,82.47999999999999,100.71999999999997,100.71999999999997,103.71999999999997,25.0,0,None,
6,Vessel 2,6,Evac Area 4 Dock,Safe Area 3 Marina,103.71999999999997,121.71999999999997,121.71999999999997,124.71999999999997,25.0,12,Evac Area 4,
7,Vessel 2,7,Safe Area 3 Marina,Evac Area 3 Dock,124.71999999999997,135.51999999999998,135.51999999999998,138.51999999999998,25.0,0,None,
8,Vessel 2,8,Evac Area 3 Dock,Safe Area 2 Harbor,138.51999999999998,157.71999999999997,157.71999999999997,160.71999999999997,25.0,4,Evac Area 3,
9,Vessel 2,9,Safe Area 2 Harbor,Evac Area 2 Marina,160.71999999999997,172.71999999999997,172.71999999999997,175.71999999999997,25.0,0,None,
10,Vessel 2,10,Evac Area 2 Marina,Safe Area 2 Harbor,175.71999999999997,187.72,187.72,190.72,25.0,12,Evac Area 2,
11,Vessel 2,11,Safe Area 2 Harbor,Evac Area 2 Marina,190.72,202.72,202.72,205.72,25.0,0,None,
12,Vessel 2,12,Evac Area 2 Marina,Safe Area 2 Harbor,205.72,217.72,217.72,220.72,25.0,12,Evac Area 2,
13,Vessel 2,13,Safe Area 2 Harbor,Evac Area 2 Marina,220.72,232.72,232.72,235.72,25.0,0,None,
14,Vessel 2,14,Evac Area 2 Marina,Safe Area 2 Harbor,235.72,247.72,247.72,250.72,25.0,12,Evac Area 2,
15,Vessel 2,15,Safe Area 2 Harbor,Evac Area 4 Beach,250.72,268.96,268.96,271.96,25.0,0,None,
16,Vessel 2,16,Evac Area 4 Beach,Safe Area 2 Harbor,271.96,290.2,290.2,293.2,25.0,12,Evac Area 4,
1,Vessel 3,1,Safe Area 3 Marina,Evac Area 3 Dock,60.0,70.80000000000001,70.80000000000001,73.80000000000001,25.0,0,None,
2,Vessel 3,2,Evac Area 3 Dock,Safe Area 3 Marina,73.80000000000001,84.6,84.6,87.6,25.0,12,Evac Area 3,
3,Vessel 3,3,Safe Area 3 Marina,Evac Area 4 Beach,87.6,105.6,105.6,108.6,25.0,0,None,
4,Vessel 3,4,Evac Area 4 Beach,Safe Area 3 Marina,108.6,126.6,126.6,129.6,25.0,12,Evac Area 4,
5,Vessel 3,5,Safe Area 3 Marina,Evac Area 4 Beach,129.6,147.6,147.6,150.6,25.0,0,None,
6,Vessel 3,6,Evac Area 4 Beach,Safe Area 2 Harbor,150.6,168.84,168.84,171.84,25.0,12,Evac Area 4,
7,Vessel 3,7,Safe Area 2 Harbor,Evac Area 2 Marina,171.84,183.84,183.84,186.84,25.0,0,None,
8,Vessel 3,8,Evac Area 2 Marina,Safe Area 2 Harbor,186.84,198.84,198.84,201.84,25.0,12,Evac Area 2,
9,Vessel 3,9,Safe Area 2 Harbor,Evac Area 2 Marina,201.84,213.84,213.84,216.84,25.0,0,None,
10,Vessel 3,10,Evac Area 2 Marina,Safe Area 2 Harbor,216.84,228.84,228.84,231.84,25.0,12,Evac Area 2,
11,Vessel 3,11,Safe Area 2 Harbor,Evac Area 2 Marina,231.84,243.84,243.84,246.84,25.0,0,None,
12,Vessel 3,12,Evac Area 2 Marina,Safe Area 2 Harbor,246.84,258.84000000000003,258.84000000000003,261.84000000000003,25.0,12,Evac Area 2,
13,Vessel 3,13,Safe Area 2 Harbor,Evac Area 2 Marina,261.84000000000003,273.84000000000003,273.84000000000003,276.84000000000003,25.0,0,None,
14,Vessel 3,14,Evac Area 2 Marina,Safe Area 2 Harbor,276.84000000000003,288.84000000000003,288.84000000000003,291.84000000000003,25.0,12,Evac Area 2,
1,Vessel 4,1,Safe Area 1 Terminal,Evac Area 2 Marina,10.0,34.0,34.0,39.0,25.0,0,None,
2,Vessel 4,2,Evac Area 2 Marina,Safe Area 2 Harbor,39.0,51.0,51.0,56.0,25.0,38,Evac Area 2,
3,Vessel 4,3,Safe Area 2 Harbor,Evac Area 2 Marina,56.0,68.0,68.0,73.0,25.0,0,None,
4,Vessel 4,4,Evac Area 2 Marina,Safe Area 2 Harbor,73.0,85.0,85.0,90.0,25.0,38,Evac Area 2,
5,Vessel 4,5,Safe Area 2 Harbor,Evac Area 2 Marina,90.0,102.0,102.0,107.0,25.0,0,None,
6,Vessel 4,6,Evac Area 2 Marina,Safe Area 2 Harbor,107.0,119.0,119.0,124.0,25.0,38,Evac Area 2,
7,Vessel 4,7,Safe Area 2 Harbor,Evac Area 2 Marina,124.0,136.0,136.0,141.0,25.0,0,None,
8,Vessel 4,8,Evac Area 2 Marina,Safe Area 2 Harbor,141.0,153.0,153.0,158.0,25.0,38,Evac Area 2,
9,Vessel 4,9,Safe Area 2 Harbor,Evac Area 2 Marina,158.0,170.0,170.0,175.0,25.0,0,None,
10,Vessel 4,10,Evac Area 2 Marina,Safe Area 2 Harbor,175.0,187.0,187.0,192.0,25.0,38,Evac Area 2,
11,Vessel 4,11,Safe Area 2 Harbor,Evac Area 2 Marina,192.0,204.0,204.0,209.0,25.0,0,None,
12,Vessel 4,12,Evac Area 2 Marina,Safe Area 2 Harbor,209.0,221.0,221.0,226.0,25.0,38,Evac Area 2,
13,Vessel 4,13,Safe Area 2 Harbor,Evac Area 2 Marina,226.0,238.0,238.0,243.0,25.0,0,None,
14,Vessel 4,14,Evac Area 2 Marina,Safe Area 2 Harbor,243.0,255.0,255.0,260.0,25.0,38,Evac Area 2,
15,Vessel 4,15,Safe Area 2 Harbor,Evac Area 2 Marina,260.0,272.0,272.0,277.0,25.0,0,None,
16,Vessel 4,16,Evac Area 2 Marina,Safe Area 2 Harbor,277.0,289.0,289.0,294.0,25.0,38,Evac Area 2,
1,Vessel 5,1,Safe Area 1 Terminal,Evac Area 4 Dock,30.0,60.0,60.0,70.0,18.0,0,None,
2,Vessel 5,2,Evac Area 4 Dock,Safe Area 3 Marina,70.0,95.0,95.0,105.0,18.0,118,Evac Area 4,
3,Vessel 5,3,Safe Area 3 Marina,Evac Area 4 Dock,105.0,130.0,130.0,140.0,18.0,0,None,
4,Vessel 5,4,Evac Area 4 Dock,Safe Area 2 Harbor,140.0,165.33333333333334,165.33333333333334,175.33333333333334,18.0,120,Evac Area 4,
5,Vessel 5,5,Safe Area 2 Harbor,Evac Area 2 Marina,175.33333333333334,192.0,192.0,202.0,18.0,0,None,
6,Vessel 5,6,Evac Area 2 Marina,Safe Area 2 Harbor,202.0,218.66666666666663,218.66666666666663,228.66666666666663,18.0,112,Evac Area 2,
7,Vessel 5,7,Safe Area 2 Harbor,Evac Area 2 Marina,228.66666666666663,245.3333333333333,245.3333333333333,255.3333333333333,18.0,0,None,
8,Vessel 5,8,Evac Area 2 Marina,Safe Area 2 Harbor,255.3333333333333,272.0,272.0,282.0,18.0,120,Evac Area 2,
1,Vessel 6,1,Safe Area 1 Terminal,Evac Area 3 Dock,30.0,42.0,42.0,45.0,25.0,0,None,
2,Vessel 6,2,Evac Area 3 Dock,Safe Area 3 Marina,45.0,55.80000000000001,55.80000000000001,58.80000000000001,25.0,12,Evac Area 3,
3,Vessel 6,3,Safe Area 3 Marina,Evac Area 4 Beach,58.80000000000001,76.80000000000001,76.80000000000001,79.80000000000001,25.0,0,None,
4,Vessel 6,4,Evac Area 4 Beach,Safe Area 2 Harbor,79.80000000000001,98.04000000000002,98.04000000000002,101.04000000000002,25.0,12,Evac Area 4,
5,Vessel 6,5,Safe Area 2 Harbor,Evac Area 2 Marina,101.04000000000002,113.04000000000002,113.04000000000002,116.04000000000002,25.0,0,None,
6,Vessel 6,6,Evac Area 2 Marina,Safe Area 2 Harbor,116.04000000000002,128.04,128.04,131.04,25.0,12,Evac Area 2,
7,Vessel 6,7,Safe Area 2 Harbor,Evac Area 2 Marina,131.04,143.04,143.04,146.04,25.0,0,None,
8,Vessel 6,8,Evac Area 2 Marina,Safe Area 2 Harbor,146.04,158.04,158.04,161.04,25.0,12,Evac Area 2,
9,Vessel 6,9,Safe Area 2 Harbor,Evac Area 2 Marina,161.04,173.04,173.04,176.04,25.0,0,None,
10,Vessel 6,10,Evac Area 2 Marina,Safe Area 2 Harbor,176.04,188.04,188.04,191.04,25.0,12,Evac Area 2,
11,Vessel 6,11,Safe Area 2 Harbor,Evac Area 2 Marina,191.04,203.04,203.04,206.04,25.0,0,None,
12,Vessel 6,12,Evac Area 2 Marina,Safe Area 2 Harbor,206.04,218.04,218.04,221.04,25.0,12,Evac Area 2,
13,Vessel 6,13,Safe Area 2 Harbor,Evac Area 2 Marina,221.04,233.04,233.04,236.04,25.0,0,None,
14,Vessel 6,14,Evac Area 2 Marina,Safe Area 2 Harbor,236.04,248.04,248.04,251.04,25.0,12,Evac Area 2,
15,Vessel 6,15,Safe Area 2 Harbor,Evac Area 2 Marina,251.04,263.04,263.04,266.04,25.0,0,None,
16,Vessel 6,16,Evac Area 2 Marina,Safe Area 2 Harbor,266.04,278.04,278.04,281.04,25.0,12,Evac Area 2,
1,Vessel 1,1,Safe Area 1 Terminal,Evac Area 1 Ferry Terminal,294.0,308.0,308.0,318.0,12.0,0,None,yes
2,Vessel 1,2,Evac Area 1 Ferry Terminal,Safe Area 1 Terminal,318.0,332.0,332.0,342.0,12.0,50,Evac Area 1,yes
1,Vessel 2,1,Safe Area 2 Harbor,Evac Area 4 Beach,294.0,312.24,312.24,315.24,25.0,0,None,yes
2,Vessel 2,2,Evac Area 4 Beach,Safe Area 3 Marina,315.24,333.24,333.24,336.24,25.0,6,Evac Area 4,yes
1,Vessel 4,1,Safe Area 2 Harbor,Evac Area 2 Marina,294.0,306.0,306.0,311.0,25.0,0,None,yes
2,Vessel 4,2,Evac Area 2 Marina,Safe Area 2 Harbor,311.0,323.0,323.0,328.0,25.0,38,Evac Area 2,yes
3,Vessel 4,3,Safe Area 2 Harbor,Evac Area 2 Marina,328.0,340.0,340.0,345.0,25.0,0,None,yes
4,Vessel 4,4,Evac Area 2 Marina,Safe Area 2 Harbor,345.0,357.0,357.0,362.0,25.0,38,Evac Area 2,yes
5,Vessel 4,5,Safe Area 2 Harbor,Evac Area 2 Marina,362.0,374.0,374.0,379.0,25.0,0,None,yes
6,Vessel 4,6,Evac Area 2 Marina,Safe Area 2 Harbor,379.0,391.0,391.0,396.0,25.0,38,Evac Area 2,yes
1,Vessel 5,1,Safe Area 2 Harbor,Evac Area 2 Marina,294.0,310.6666666666667,310.6666666666667,320.6666666666667,18.0,0,None,yes
2,Vessel 5,2,Evac Area 2 Marina,Safe Area 2 Harbor,320.6666666666667,337.3333333333333,337.3333333333333,347.3333333333333,18.0,120,Evac Area 2,yes
3,Vessel 5,3,Safe Area 2 Harbor,Evac Area 2 Marina,347.3333333333333,364.0,364.0,374.0,18.0,0,None,yes
4,Vessel 5,4,Evac Area 2 Marina,Safe Area 2 Harbor,374.0,390.6666666666667,390.6666666666667,400.6666666666667,18.0,111,Evac Area 2,yes
1,Vessel 6,1,Safe Area 2 Harbor,Evac Area 4 Beach,294.0,312.24,312.24,315.24,25.0,0,None,yes
2,Vessel 6,2,Evac Area 4 Beach,Safe Area 3 Marina,315.24,333.24,333.24,336.24,25.0,12,Evac Area 4,yes
3,Vessel 6,3,Safe Area 3 Marina,Evac Area 3 Dock,336.24,347.03999999999996,347.03999999999996,350.03999999999996,25.0,0,None,yes
4,Vessel 6,4,Evac Area 3 Dock,Safe Area 3 Marina,350.03999999999996,360.84,360.84,363.84,25.0,6,Evac Area 3,yes
