segment_id,resource_id,route_segment_id,origin,destination,route_start_time,route_end_time,load_start_time,load_end_time,resource_speed,evacuees,evacuated_location
1,Vessel 1,1,Safe Area 1 Terminal,Evac Area 1 Ferry Terminal,10.0,24.0,24.0,34.0,12.0,0,None
2,Vessel 1,2,Evac Area 1 Ferry Terminal,Safe Area 1 Terminal,34.0,48.0,48.0,58.0,12.0,35,Evac Area 1
1,Vessel 2,1,Safe Area 2 Harbor,Evac Area 2 Marina,10.0,22.0,22.0,25.0,25.0,0,None
2,Vessel 2,2,Evac Area 2 Marina,Safe Area 3 Marina,25.0,41.8,41.8,44.8,25.0,12,Evac Area 2
1,Vessel 2,1,Safe Area 3 Marina,Evac Area 3 Dock,44.8,55.6,55.6,58.6,25.0,0,None
2,Vessel 2,2,Evac Area 3 Dock,Safe Area 3 Marina,58.6,69.39999999999999,69.39999999999999,72.39999999999999,25.0,12,Evac Area 3
1,Vessel 4,1,Safe Area 1 Terminal,Evac Area 4 Dock,10.0,31.6,31.6,36.6,25.0,0,None
2,Vessel 4,2,Evac Area 4 Dock,Safe Area 3 Marina,36.6,54.6,54.6,59.6,25.0,38,Evac Area 4
1,Vessel 5,1,Safe Area 1 Terminal,Evac Area 2 Marina,30.0,63.333333333333336,63.333333333333336,73.33333333333334,18.0,0,None
2,Vessel 5,2,Evac Area 2 Marina,Safe Area 2 Harbor,73.33333333333334,90.0,90.0,100.0,18.0,120,Evac Area 2
1,Vessel 6,1,Safe Area 1 Terminal,Evac Area 3 Dock,30.0,42.0,42.0,45.0,25.0,0,None
2,Vessel 6,2,Evac Area 3 Dock,Safe Area 3 Marina,45.0,55.8,55.8,58.8,25.0,12,Evac Area 3
1,Vessel 1,1,Safe Area 1 Terminal,Evac Area 1 Ferry Terminal,58.0,72.0,72.0,82.0,12.0,0,None
2,Vessel 1,2,Evac Area 1 Ferry Terminal,Safe Area 1 Terminal,82.0,96.0,96.0,106.0,12.0,164,Evac Area 1
1,Vessel 2,1,Safe Area 3 Marina,Evac Area 3 Dock,72.39999999999999,83.19999999999999,83.19999999999999,86.19999999999999,25.0,0,None
2,Vessel 2,2,Evac Area 3 Dock,Safe Area 3 Marina,86.19999999999999,96.99999999999999,96.99999999999999,99.99999999999999,25.0,12,Evac Area 3
3,Vessel 2,3,Safe Area 3 Marina,Evac Area 4 Beach,99.99999999999999,117.99999999999999,117.99999999999999,120.99999999999999,25.0,0,None
4,Vessel 2,4,Evac Area 4 Beach,Safe Area 2 Harbor,120.99999999999999,139.23999999999998,139.23999999999998,142.23999999999998,25.0,12,Evac Area 4
5,Vessel 2,5,Safe Area 2 Harbor,Evac Area 2 Marina,142.23999999999998,154.23999999999998,154.23999999999998,157.23999999999998,25.0,0,None
6,Vessel 2,6,Evac Area 2 Marina,Safe Area 2 Harbor,157.23999999999998,169.23999999999998,169.23999999999998,172.23999999999998,25.0,12,Evac Area 2
7,Vessel 2,7,Safe Area 2 Harbor,Evac Area 2 Marina,172.23999999999998,184.23999999999998,184.23999999999998,187.23999999999998,25.0,0,None
8,Vessel 2,8,Evac Area 2 Marina,Safe Area 2 Harbor,187.23999999999998,199.23999999999998,199.23999999999998,202.23999999999998,25.0,12,Evac Area 2
9,Vessel 2,9,Safe Area 2 Harbor,Evac Area 2 Marina,202.23999999999998,214.23999999999998,214.23999999999998,217.23999999999998,25.0,0,None
10,Vessel 2,10,Evac Area 2 Marina,Safe Area 2 Harbor,217.23999999999998,229.23999999999998,229.23999999999998,232.23999999999998,25.0,12,Evac Area 2
11,Vessel 2,11,Safe Area 2 Harbor,Evac Area 2 Marina,232.23999999999998,244.23999999999998,244.23999999999998,247.23999999999998,25.0,0,None
12,Vessel 2,12,Evac Area 2 Marina,Safe Area 2 Harbor,247.23999999999998,259.24,259.24,262.24,25.0,12,Evac Area 2
1,Vessel 3,1,Safe Area 3 Marina,Evac Area 4 Beach,60.0,78.0,78.0,81.0,25.0,0,None
2,Vessel 3,2,Evac Area 4 Beach,Safe Area 3 Marina,81.0,99.0,99.0,102.0,25.0,12,Evac Area 4
3,Vessel 3,3,Safe Area 3 Marina,Evac Area 4 Beach,102.0,120.0,120.0,123.0,25.0,0,None
4,Vessel 3,4,Evac Area 4 Beach,Safe Area 2 Harbor,123.0,141.24,141.24,144.24,25.0,12,Evac Area 4
5,Vessel 3,5,Safe Area 2 Harbor,Evac Area 2 Marina,144.24,156.24,156.24,159.24,25.0,0,None
6,Vessel 3,6,Evac Area 2 Marina,Safe Area 2 Harbor,159.24,171.24,171.24,174.24,25.0,12,Evac Area 2
7,Vessel 3,7,Safe Area 2 Harbor,Evac Area 2 Marina,174.24,186.24,186.24,189.24,25.0,0,None
8,Vessel 3,8,Evac Area 2 Marina,Safe Area 2 Harbor,189.24,201.24,201.24,204.24,25.0,12,Evac Area 2
9,Vessel 3,9,Safe Area 2 Harbor,Evac Area 2 Marina,204.24,216.24,216.24,219.24,25.0,0,None
10,Vessel 3,10,Evac Area 2 Marina,Safe Area 2 Harbor,219.24,231.24,231.24,234.24,25.0,12,Evac Area 2
11,Vessel 3,11,Safe Area 2 Harbor,Evac Area 2 Marina,234.24,246.24,246.24,249.24,25.0,0,None
12,Vessel 3,12,Evac Area 2 Marina,Safe Area 2 Harbor,249.24,261.24,261.24,264.24,25.0,12,Evac Area 2
1,Vessel 4,1,Safe Area 3 Marina,Evac Area 3 Dock,59.6,70.4,70.4,75.4,25.0,0,None
2,Vessel 4,2,Evac Area 3 Dock,Safe Area 3 Marina,75.4,86.19999999999999,86.19999999999999,91.19999999999999,25.0,38,Evac Area 3
3,Vessel 4,3,Safe Area 3 Marina,Evac Area 3 Dock,91.19999999999999,102.0,102.0,107.0,25.0,0,None
4,Vessel 4,4,Evac Area 3 Dock,Safe Area 3 Marina,107.0,117.8,117.8,122.8,25.0,29,Evac Area 3
5,Vessel 4,5,Safe Area 3 Marina,Evac Area 4 Dock,122.8,140.8,140.8,145.8,25.0,0,None
6,Vessel 4,6,Evac Area 4 Dock,Safe Area 2 Harbor,145.8,164.04,164.04,169.04,25.0,38,Evac Area 4
7,Vessel 4,7,Safe Area 2 Harbor,Evac Area 2 Marina,169.04,181.04,181.04,186.04,25.0,0,None
8,Vessel 4,8,Evac Area 2 Marina,Safe Area 2 Harbor,186.04,198.04,198.04,203.04,25.0,38,Evac Area 2
9,Vessel 4,9,Safe Area 2 Harbor,Evac Area 2 Marina,203.04,215.04,215.04,220.04,25.0,0,None
10,Vessel 4,10,Evac Area 2 Marina,Safe Area 2 Harbor,220.04,232.04,232.04,237.04,25.0,38,Evac Area 2
11,Vessel 4,11,Safe Area 2 Harbor,Evac Area 2 Marina,237.04,249.04,249.04,254.04,25.0,0,None
12,Vessel 4,12,Evac Area 2 Marina,Safe Area 2 Harbor,254.04,266.03999999999996,266.03999999999996,271.03999999999996,25.0,38,Evac Area 2
1,Vessel 5,1,Safe Area 2 Harbor,Evac Area 2 Marina,100.0,116.66666666666667,116.66666666666667,126.66666666666667,18.0,0,None
2,Vessel 5,2,Evac Area 2 Marina,Safe Area 2 Harbor,126.66666666666667,143.33333333333334,143.33333333333334,153.33333333333334,18.0,120,Evac Area 2
3,Vessel 5,3,Safe Area 2 Harbor,Evac Area 2 Marina,153.33333333333334,170.0,170.0,180.0,18.0,0,None
4,Vessel 5,4,Evac Area 2 Marina,Safe Area 2 Harbor,180.0,196.66666666666666,196.66666666666666,206.66666666666666,18.0,120,Evac Area 2
5,Vessel 5,5,Safe Area 2 Harbor,Evac Area 2 Marina,206.66666666666666,223.33333333333331,223.33333333333331,233.33333333333331,18.0,0,None
6,Vessel 5,6,Evac Area 2 Marina,Safe Area 2 Harbor,233.33333333333331,249.99999999999997,249.99999999999997,260.0,18.0,120,Evac Area 2
1,Vessel 6,1,Safe Area 3 Marina,Evac Area 3 Dock,58.8,69.6,69.6,72.6,25.0,0,None
2,Vessel 6,2,Evac Area 3 Dock,Safe Area 3 Marina,72.6,83.39999999999999,83.39999999999999,86.39999999999999,25.0,12,Evac Area 3
3,Vessel 6,3,Safe Area 3 Marina,Evac Area 4 Dock,86.39999999999999,104.39999999999999,104.39999999999999,107.39999999999999,25.0,0,None
4,Vessel 6,4,Evac Area 4 Dock,Safe Area 3 Marina,107.39999999999999,125.39999999999999,125.39999999999999,128.39999999999998,25.0,12,Evac Area 4
5,Vessel 6,5,Safe Area 3 Marina,Evac Area 4 Dock,128.39999999999998,146.39999999999998,146.39999999999998,149.39999999999998,25.0,0,None
6,Vessel 6,6,Evac Area 4 Dock,Safe Area 3 Marina,149.39999999999998,167.39999999999998,167.39999999999998,170.39999999999998,25.0,12,Evac Area 4
7,Vessel 6,7,Safe Area 3 Marina,Evac Area 3 Dock,170.39999999999998,181.2,181.2,184.2,25.0,0,None
8,Vessel 6,8,Evac Area 3 Dock,Safe Area 3 Marina,184.2,195.0,195.0,198.0,25.0,12,Evac Area 3
9,Vessel 6,9,Safe Area 3 Marina,Evac Area 4 Dock,198.0,216.0,216.0,219.0,25.0,0,None
10,Vessel 6,10,Evac Area 4 Dock,Safe Area 2 Harbor,219.0,237.24,237.24,240.24,25.0,1,Evac Area 4
11,Vessel 6,11,Safe Area 2 Harbor,Evac Area 2 Marina,240.24,252.24,252.24,255.24,25.0,0,None
12,Vessel 6,12,Evac Area 2 Marina,Safe Area 2 Harbor,255.24,267.24,267.24,270.24,25.0,12,Evac Area 2
