segment_id,resource_id,route_segment_id,origin,destination,route_start_time,route_end_time,load_start_time,load_end_time,resource_speed,evacuees,evacuated_location
1,Vessel 1,1,Safe Area 1 Terminal,Evac Area 1 Ferry Terminal,10.0,24.0,24.0,34.0,12.0,0,None
2,Vessel 1,2,Evac Area 1 Ferry Terminal,Safe Area 1 Terminal,34.0,48.0,48.0,58.0,12.0,35,Evac Area 1
1,Vessel 1,1,Safe Area 1 Terminal,Evac Area 1 Ferry Terminal,58.0,72.0,72.0,82.0,12.0,0,None
2,Vessel 1,2,Evac Area 1 Ferry Terminal,Safe Area 1 Terminal,82.0,96.0,96.0,106.0,12.0,164,Evac Area 1
1,Vessel 2,1,Safe Area 2 Harbor,Evac Area 2 Marina,10.0,22.0,22.0,25.0,25.0,0,None
2,Vessel 2,2,Evac Area 2 Marina,Safe Area 3 Marina,25.0,41.8,41.8,44.8,25.0,12,Evac Area 2
1,Vessel 2,1,Safe Area 3 Marina,Evac Area 3 Dock,44.8,55.599999999999994,55.599999999999994,58.6,25.0,0,None
2,Vessel 2,2,Evac Area 3 Dock,Safe Area 3 Marina,58.6,69.39999999999999,69.39999999999999,72.39999999999999,25.0,12,Evac Area 3
1,Vessel 2,1,Safe Area 3 Marina,Evac Area 3 Dock,72.39999999999999,83.19999999999999,83.19999999999999,86.19999999999999,25.0,0,None
2,Vessel 2,2,Evac Area 3 Dock,Safe Area 3 Marina,86.19999999999999,97.0,97.0,100.0,25.0,9,Evac Area 3
1,Vessel 2,1,Safe Area 3 Marina,Evac Area 2 Marina,100.0,116.8,116.8,119.8,25.0,0,None
2,Vessel 2,2,Evac Area 2 Marina,Safe Area 3 Marina,119.8,136.6,136.6,139.6,25.0,12,Evac Area 2
1,Vessel 3,1,Safe Area 3 Marina,Evac Area 4 Beach,60.0,78.0,78.0,81.0,25.0,0,None
2,Vessel 3,2,Evac Area 4 Beach,Safe Area 3 Marina,81.0,99.0,99.0,102.0,25.0,12,Evac Area 4
1,Vessel 3,1,Safe Area 3 Marina,Evac Area 4 Beach,102.0,120.0,120.0,123.0,25.0,0,None
2,Vessel 3,2,Evac Area 4 Beach,Safe Area 3 Marina,123.0,141.0,141.0,144.0,25.0,9,Evac Area 4
1,Vessel 4,1,Safe Area 1 Terminal,Evac Area 4 Dock,10.0,31.599999999999994,31.599999999999994,36.599999999999994,25.0,0,None
2,Vessel 4,2,Evac Area 4 Dock,Safe Area 3 Marina,36.599999999999994,54.599999999999994,54.599999999999994,59.6,25.0,38,Evac Area 4
1,Vessel 4,1,Safe Area 3 Marina,Evac Area 3 Dock,59.6,70.4,70.4,75.4,25.0,0,None
2,Vessel 4,2,Evac Area 3 Dock,Safe Area 3 Marina,75.4,86.19999999999999,86.19999999999999,91.2,25.0,38,Evac Area 3
1,Vessel 4,1,Safe Area 3 Marina,Evac Area 2 Marina,91.2,108.0,108.0,113.0,25.0,0,None
2,Vessel 4,2,Evac Area 2 Marina,Safe Area 1 Terminal,113.0,137.0,137.0,142.0,25.0,38,Evac Area 2
1,Vessel 5,1,Safe Area 1 Terminal,Evac Area 2 Marina,30.0,63.333333333333336,63.333333333333336,73.33333333333334,18.0,0,None
2,Vessel 5,2,Evac Area 2 Marina,Safe Area 2 Harbor,73.33333333333334,90.0,90.0,100.0,18.0,120,Evac Area 2
1,Vessel 5,1,Safe Area 2 Harbor,Evac Area 2 Marina,100.0,116.66666666666669,116.66666666666669,126.66666666666669,18.0,0,None
2,Vessel 5,2,Evac Area 2 Marina,Safe Area 2 Harbor,126.66666666666669,143.33333333333334,143.33333333333334,153.33333333333334,18.0,120,Evac Area 2
1,Vessel 6,1,Safe Area 1 Terminal,Evac Area 3 Dock,30.0,42.0,42.0,45.0,25.0,0,None
2,Vessel 6,2,Evac Area 3 Dock,Safe Area 3 Marina,45.0,55.8,55.8,58.8,25.0,12,Evac Area 3
1,Vessel 6,1,Safe Area 3 Marina,Evac Area 3 Dock,58.8,69.6,69.6,72.6,25.0,0,None
2,Vessel 6,2,Evac Area 3 Dock,Safe Area 3 Marina,72.6,83.39999999999999,83.39999999999999,86.39999999999999,25.0,12,Evac Area 3
1,Vessel 6,1,Safe Area 3 Marina,Evac Area 4 Beach,86.39999999999999,104.4,104.4,107.4,25.0,0,None
2,Vessel 6,2,Evac Area 4 Beach,Safe Area 3 Marina,107.4,125.4,125.4,128.39999999999998,25.0,12,Evac Area 4
1,Vessel 1,1,Safe Area 1 Terminal,Evac Area 1 Ferry Terminal,120.0,134.0,134.0,144.0,12.0,0,None
2,Vessel 1,2,Evac Area 1 Ferry Terminal,Safe Area 1 Terminal,144.0,158.0,158.0,168.0,12.0,18,Evac Area 1
1,Vessel 2,1,Safe Area 3 Marina,Evac Area 4 Beach,139.6,157.6,157.6,160.6,25.0,0,None
2,Vessel 2,2,Evac Area 4 Beach,Safe Area 1 Terminal,160.6,182.2,182.2,185.2,25.0,12,Evac Area 4
3,Vessel 2,3,Safe Area 1 Terminal,Evac Area 4 Beach,185.2,206.79999999999998,206.79999999999998,209.79999999999998,25.0,0,None
4,Vessel 2,4,Evac Area 4 Beach,Safe Area 1 Terminal,209.79999999999998,231.39999999999998,231.39999999999998,234.39999999999998,25.0,12,Evac Area 4
5,Vessel 2,5,Safe Area 1 Terminal,Evac Area 3 Dock,234.39999999999998,246.39999999999998,246.39999999999998,249.39999999999998,25.0,0,None
6,Vessel 2,6,Evac Area 3 Dock,Safe Area 3 Marina,249.39999999999998,260.2,260.2,263.2,25.0,11,Evac Area 3
1,Vessel 3,1,Safe Area 3 Marina,Evac Area 4 Dock,144.0,162.0,162.0,165.0,25.0,0,None
2,Vessel 3,2,Evac Area 4 Dock,Safe Area 3 Marina,165.0,183.0,183.0,186.0,25.0,12,Evac Area 4
3,Vessel 3,3,Safe Area 3 Marina,Evac Area 4 Beach,186.0,204.0,204.0,207.0,25.0,0,None
4,Vessel 3,4,Evac Area 4 Beach,Safe Area 2 Harbor,207.0,225.24,225.24,228.24,25.0,12,Evac Area 4
1,Vessel 4,1,Safe Area 1 Terminal,Evac Area 3 Dock,142.0,154.0,154.0,159.0,25.0,0,None
2,Vessel 4,2,Evac Area 3 Dock,Safe Area 3 Marina,159.0,169.8,169.8,174.8,25.0,38,Evac Area 3
3,Vessel 4,3,Safe Area 3 Marina,Evac Area 3 Dock,174.8,185.6,185.6,190.6,25.0,0,None
4,Vessel 4,4,Evac Area 3 Dock,Safe Area 3 Marina,190.6,201.39999999999998,201.39999999999998,206.39999999999998,25.0,38,Evac Area 3
5,Vessel 4,5,Safe Area 3 Marina,Evac Area 2 Marina,206.39999999999998,223.2,223.2,228.2,25.0,0,None
6,Vessel 4,6,Evac Area 2 Marina,Safe Area 2 Harbor,228.2,240.2,240.2,245.2,25.0,27,Evac Area 2
7,Vessel 4,7,Safe Area 2 Harbor,Evac Area 2 Marina,245.2,257.2,257.2,262.2,25.0,0,None
8,Vessel 4,8,Evac Area 2 Marina,Safe Area 2 Harbor,262.2,274.2,274.2,279.2,25.0,38,Evac Area 2
9,Vessel 4,9,Safe Area 2 Harbor,Evac Area 2 Marina,279.2,291.2,291.2,296.2,25.0,0,None
10,Vessel 4,10,Evac Area 2 Marina,Safe Area 2 Harbor,296.2,308.2,308.2,313.2,25.0,38,Evac Area 2
1,Vessel 5,1,Safe Area 2 Harbor,Evac Area 2 Marina,153.33333333333334,170.0,170.0,180.0,18.0,0,None
2,Vessel 5,2,Evac Area 2 Marina,Safe Area 2 Harbor,180.0,196.66666666666669,196.66666666666669,206.66666666666669,18.0,120,Evac Area 2
3,Vessel 5,3,Safe Area 2 Harbor,Evac Area 2 Marina,206.66666666666669,223.33333333333337,223.33333333333337,233.33333333333337,18.0,0,None
4,Vessel 5,4,Evac Area 2 Marina,Safe Area 2 Harbor,233.33333333333337,250.00000000000003,250.00000000000003,260.0,18.0,120,Evac Area 2
5,Vessel 5,5,Safe Area 2 Harbor,Evac Area 2 Marina,260.0,276.6666666666667,276.6666666666667,286.6666666666667,18.0,0,None
6,Vessel 5,6,Evac Area 2 Marina,Safe Area 2 Harbor,286.6666666666667,303.33333333333337,303.33333333333337,313.33333333333337,18.0,120,Evac Area 2
1,Vessel 6,1,Safe Area 3 Marina,Evac Area 2 Marina,128.39999999999998,145.2,145.2,148.2,25.0,0,None
2,Vessel 6,2,Evac Area 2 Marina,Safe Area 1 Terminal,148.2,172.2,172.2,175.2,25.0,12,Evac Area 2
3,Vessel 6,3,Safe Area 1 Terminal,Evac Area 4 Dock,175.2,196.79999999999995,196.79999999999995,199.79999999999995,25.0,0,None
4,Vessel 6,4,Evac Area 4 Dock,Safe Area 3 Marina,199.79999999999995,217.79999999999995,217.79999999999995,220.79999999999995,25.0,12,Evac Area 4
5,Vessel 6,5,Safe Area 3 Marina,Evac Area 4 Dock,220.79999999999995,238.79999999999995,238.79999999999995,241.79999999999995,25.0,0,None
6,Vessel 6,6,Evac Area 4 Dock,Safe Area 3 Marina,241.79999999999995,259.79999999999995,259.79999999999995,262.79999999999995,25.0,7,Evac Area 4
