segment_id,resource_id,route_segment_id,origin,destination,route_start_time,route_end_time,load_start_time,load_end_time,resource_speed,evacuees,evacuated_location
1,Vessel 1,1,Safe Area 1 Terminal,Evac Area 1 Ferry Terminal,10.0,24.0,24.0,34.0,12.0,0,None
2,Vessel 1,2,Evac Area 1 Ferry Terminal,Safe Area 1 Terminal,34.0,48.0,48.0,58.0,12.0,277,Evac Area 1
1,Vessel 2,1,Safe Area 2 Harbor,Evac Area 4 Beach,10.0,28.24,28.24,31.24,25.0,0,None
2,Vessel 2,2,Evac Area 4 Beach,Safe Area 3 Marina,31.24,49.24,49.24,52.24,25.0,12,Evac Area 4
1,Vessel 4,1,Safe Area 1 Terminal,Evac Area 3 Dock,10.0,22.0,22.0,27.0,25.0,0,None
2,Vessel 4,2,Evac Area 3 Dock,Safe Area 3 Marina,27.0,37.8,37.8,42.8,25.0,38,Evac Area 3
1,Vessel 2,1,Safe Area 3 Marina,Evac Area 4 Beach,52.24,70.24000000000001,70.24000000000001,73.24000000000001,25.0,0,None
2,Vessel 2,2,Evac Area 4 Beach,Safe Area 2 Harbor,73.24000000000001,91.48,91.48,94.48,25.0,12,Evac Area 4
3,Vessel 2,3,Safe Area 2 Harbor,Evac Area 2 Marina,94.48,106.48,106.48,109.48,25.0,0,None
4,Vessel 2,4,Evac Area 2 Marina,Safe Area 2 Harbor,109.48,121.48,121.48,124.48,25.0,12,Evac Area 2
5,Vessel 2,5,Safe Area 2 Harbor,Evac Area 4 Beach,124.48,142.72,142.72,145.72,25.0,0,None
6,Vessel 2,6,Evac Area 4 Beach,Safe Area 2 Harbor,145.72,163.96,163.96,166.96,25.0,12,Evac Area 4
7,Vessel 2,7,Safe Area 2 Harbor,Evac Area 2 Marina,166.96,178.96,178.96,181.96,25.0,0,None
8,Vessel 2,8,Evac Area 2 Marina,Safe Area 2 Harbor,181.96,193.96,193.96,196.96,25.0,12,Evac Area 2
9,Vessel 2,9,Safe Area 2 Harbor,Evac Area 2 Marina,196.96,208.96,208.96,211.96,25.0,0,None
10,Vessel 2,10,Evac Area 2 Marina,Safe Area 2 Harbor,211.96,223.96,223.96,226.96,25.0,12,Evac Area 2
11,Vessel 2,11,Safe Area 2 Harbor,Evac Area 2 Marina,226.96,238.96,238.96,241.96,25.0,0,None
12,Vessel 2,12,Evac Area 2 Marina,Safe Area 2 Harbor,241.96,253.96,253.96,256.96000000000004,25.0,12,Evac Area 2
13,Vessel 2,13,Safe Area 2 Harbor,Evac Area 4 Dock,256.96000000000004,275.2,275.2,278.2,25.0,0,None
14,Vessel 2,14,Evac Area 4 Dock,Safe Area 3 Marina,278.2,296.2,296.2,299.2,25.0,12,Evac Area 4
15,Vessel 2,15,Safe Area 3 Marina,Evac Area 4 Dock,299.2,317.2,317.2,320.2,25.0,0,None
16,Vessel 2,16,Evac Area 4 Dock,Safe Area 2 Harbor,320.2,338.44,338.44,341.44,25.0,12,Evac Area 4
17,Vessel 2,17,Safe Area 2 Harbor,Evac Area 2 Marina,341.44,353.44,353.44,356.44,25.0,0,None
18,Vessel 2,18,Evac Area 2 Marina,Safe Area 2 Harbor,356.44,368.44,368.44,371.44,25.0,12,Evac Area 2
19,Vessel 2,19,Safe Area 2 Harbor,Evac Area 2 Marina,371.44,383.44,383.44,386.44,25.0,0,None
20,Vessel 2,20,Evac Area 2 Marina,Safe Area 2 Harbor,386.44,398.44,398.44,401.44,25.0,12,Evac Area 2
21,Vessel 2,21,Safe Area 2 Harbor,Evac Area 2 Marina,401.44,413.44,413.44,416.44,25.0,0,None
22,Vessel 2,22,Evac Area 2 Marina,Safe Area 2 Harbor,416.44,428.44,428.44,431.44,25.0,12,Evac Area 2
23,Vessel 2,23,Safe Area 2 Harbor,Evac Area 4 Beach,431.44,449.68,449.68,452.68,25.0,0,None
24,Vessel 2,24,Evac Area 4 Beach,Safe Area 3 Marina,452.68,470.68,470.68,473.68,25.0,12,Evac Area 4
25,Vessel 2,25,Safe Area 3 Marina,Evac Area 3 Dock,473.68,484.48,484.48,487.48,25.0,0,None
26,Vessel 2,26,Evac Area 3 Dock,Safe Area 3 Marina,487.48,498.28000000000003,498.28000000000003,501.28000000000003,25.0,12,Evac Area 3
27,Vessel 2,27,Safe Area 3 Marina,Evac Area 3 Dock,501.28000000000003,512.08,512.08,515.08,25.0,0,None
28,Vessel 2,28,Evac Area 3 Dock,Safe Area 3 Marina,515.08,525.8800000000001,525.8800000000001,528.8800000000001,25.0,12,Evac Area 3
29,Vessel 2,29,Safe Area 3 Marina,Evac Area 4 Beach,528.8800000000001,546.8800000000001,546.8800000000001,549.8800000000001,25.0,0,None
30,Vessel 2,30,Evac Area 4 Beach,Safe Area 2 Harbor,549.8800000000001,568.1200000000001,568.1200000000001,571.1200000000001,25.0,12,Evac Area 4
1,Vessel 3,1,Safe Area 3 Marina,Evac Area 4 Beach,60.0,78.0,78.0,81.0,25.0,0,None
2,Vessel 3,2,Evac Area 4 Beach,Safe Area 2 Harbor,81.0,99.24,99.24,102.24,25.0,12,Evac Area 4
3,Vessel 3,3,Safe Area 2 Harbor,Evac Area 4 Beach,102.24,120.47999999999999,120.47999999999999,123.47999999999999,25.0,0,None
4,Vessel 3,4,Evac Area 4 Beach,Safe Area 2 Harbor,123.47999999999999,141.71999999999997,141.71999999999997,144.71999999999997,25.0,12,Evac Area 4
5,Vessel 3,5,Safe Area 2 Harbor,Evac Area 2 Marina,144.71999999999997,156.71999999999997,156.71999999999997,159.71999999999997,25.0,0,None
6,Vessel 3,6,Evac Area 2 Marina,Safe Area 2 Harbor,159.71999999999997,171.71999999999997,171.71999999999997,174.71999999999997,25.0,12,Evac Area 2
7,Vessel 3,7,Safe Area 2 Harbor,Evac Area 2 Marina,174.71999999999997,186.71999999999997,186.71999999999997,189.71999999999997,25.0,0,None
8,Vessel 3,8,Evac Area 2 Marina,Safe Area 2 Harbor,189.71999999999997,201.71999999999997,201.71999999999997,204.71999999999997,25.0,12,Evac Area 2
9,Vessel 3,9,Safe Area 2 Harbor,Evac Area 2 Marina,204.71999999999997,216.71999999999997,216.71999999999997,219.71999999999997,25.0,0,None
10,Vessel 3,10,Evac Area 2 Marina,Safe Area 2 Harbor,219.71999999999997,231.71999999999997,231.71999999999997,234.71999999999997,25.0,1,Evac Area 2
11,Vessel 3,11,Safe Area 2 Harbor,Evac Area 2 Marina,234.71999999999997,246.71999999999997,246.71999999999997,249.71999999999997,25.0,0,None
12,Vessel 3,12,Evac Area 2 Marina,Safe Area 2 Harbor,249.71999999999997,261.71999999999997,261.71999999999997,264.71999999999997,25.0,12,Evac Area 2
13,Vessel 3,13,Safe Area 2 Harbor,Evac Area 2 Marina,264.71999999999997,276.71999999999997,276.71999999999997,279.71999999999997,25.0,0,None
14,Vessel 3,14,Evac Area 2 Marina,Safe Area 2 Harbor,279.71999999999997,291.71999999999997,291.71999999999997,294.71999999999997,25.0,12,Evac Area 2
15,Vessel 3,15,Safe Area 2 Harbor,Evac Area 2 Marina,294.71999999999997,306.71999999999997,306.71999999999997,309.71999999999997,25.0,0,None
16,Vessel 3,16,Evac Area 2 Marina,Safe Area 2 Harbor,309.71999999999997,321.71999999999997,321.71999999999997,324.71999999999997,25.0,12,Evac Area 2
17,Vessel 3,17,Safe Area 2 Harbor,Evac Area 4 Beach,324.71999999999997,342.96,342.96,345.96,25.0,0,None
18,Vessel 3,18,Evac Area 4 Beach,Safe Area 2 Harbor,345.96,364.2,364.2,367.2,25.0,12,Evac Area 4
19,Vessel 3,19,Safe Area 2 Harbor,Evac Area 2 Marina,367.2,379.2,379.2,382.2,25.0,0,None
20,Vessel 3,20,Evac Area 2 Marina,Safe Area 2 Harbor,382.2,394.2,394.2,397.2,25.0,12,Evac Area 2
21,Vessel 3,21,Safe Area 2 Harbor,Evac Area 4 Beach,397.2,415.44,415.44,418.44,25.0,0,None
22,Vessel 3,22,Evac Area 4 Beach,Safe Area 2 Harbor,418.44,436.68,436.68,439.68,25.0,12,Evac Area 4
23,Vessel 3,23,Safe Area 2 Harbor,Evac Area 2 Marina,439.68,451.68,451.68,454.68,25.0,0,None
24,Vessel 3,24,Evac Area 2 Marina,Safe Area 2 Harbor,454.68,466.68,466.68,469.68,25.0,12,Evac Area 2
25,Vessel 3,25,Safe Area 2 Harbor,Evac Area 2 Marina,469.68,481.68,481.68,484.68,25.0,0,None
26,Vessel 3,26,Evac Area 2 Marina,Safe Area 2 Harbor,484.68,496.68,496.68,499.68,25.0,12,Evac Area 2
27,Vessel 3,27,Safe Area 2 Harbor,Evac Area 2 Marina,499.68,511.68,511.68,514.6800000000001,25.0,0,None
28,Vessel 3,28,Evac Area 2 Marina,Safe Area 2 Harbor,514.6800000000001,526.6800000000001,526.6800000000001,529.6800000000001,25.0,12,Evac Area 2
29,Vessel 3,29,Safe Area 2 Harbor,Evac Area 2 Marina,529.6800000000001,541.6800000000001,541.6800000000001,544.6800000000001,25.0,0,None
30,Vessel 3,30,Evac Area 2 Marina,Safe Area 2 Harbor,544.6800000000001,556.6800000000001,556.6800000000001,559.6800000000001,25.0,12,Evac Area 2
1,Vessel 4,1,Safe Area 3 Marina,Evac Area 4 Dock,42.8,60.8,60.8,65.8,25.0,0,None
2,Vessel 4,2,Evac Area 4 Dock,Safe Area 3 Marina,65.8,83.8,83.8,88.8,25.0,38,Evac Area 4
3,Vessel 4,3,Safe Area 3 Marina,Evac Area 4 Dock,88.8,106.8,106.8,111.8,25.0,0,None
4,Vessel 4,4,Evac Area 4 Dock,Safe Area 3 Marina,111.8,129.8,129.8,134.8,25.0,38,Evac Area 4
5,Vessel 4,5,Safe Area 3 Marina,Evac Area 4 Dock,134.8,152.8,152.8,157.8,25.0,0,None
6,Vessel 4,6,Evac Area 4 Dock,Safe Area 3 Marina,157.8,175.8,175.8,180.8,25.0,38,Evac Area 4
7,Vessel 4,7,Safe Area 3 Marina,Evac Area 4 Dock,180.8,198.8,198.8,203.8,25.0,0,None
8,Vessel 4,8,Evac Area 4 Dock,Safe Area 3 Marina,203.8,221.8,221.8,226.8,25.0,38,Evac Area 4
9,Vessel 4,9,Safe Area 3 Marina,Evac Area 4 Dock,226.8,244.8,244.8,249.8,25.0,0,None
10,Vessel 4,10,Evac Area 4 Dock,Safe Area 3 Marina,249.8,267.8,267.8,272.8,25.0,38,Evac Area 4
11,Vessel 4,11,Safe Area 3 Marina,Evac Area 4 Dock,272.8,290.8,290.8,295.8,25.0,0,None
12,Vessel 4,12,Evac Area 4 Dock,Safe Area 3 Marina,295.8,313.8,313.8,318.8,25.0,38,Evac Area 4
13,Vessel 4,13,Safe Area 3 Marina,Evac Area 4 Dock,318.8,336.8,336.8,341.8,25.0,0,None
14,Vessel 4,14,Evac Area 4 Dock,Safe Area 3 Marina,341.8,359.8,359.8,364.8,25.0,38,Evac Area 4
15,Vessel 4,15,Safe Area 3 Marina,Evac Area 4 Dock,364.8,382.8,382.8,387.8,25.0,0,None
16,Vessel 4,16,Evac Area 4 Dock,Safe Area 3 Marina,387.8,405.8,405.8,410.8,25.0,38,Evac Area 4
17,Vessel 4,17,Safe Area 3 Marina,Evac Area 4 Dock,410.8,428.8,428.8,433.8,25.0,0,None
18,Vessel 4,18,Evac Area 4 Dock,Safe Area 3 Marina,433.8,451.8,451.8,456.8,25.0,38,Evac Area 4
19,Vessel 4,19,Safe Area 3 Marina,Evac Area 4 Dock,456.8,474.8,474.8,479.8,25.0,0,None
20,Vessel 4,20,Evac Area 4 Dock,Safe Area 3 Marina,479.8,497.8,497.8,502.8,25.0,38,Evac Area 4
21,Vessel 4,21,Safe Area 3 Marina,Evac Area 4 Dock,502.8,520.8,520.8,525.8,25.0,0,None
22,Vessel 4,22,Evac Area 4 Dock,Safe Area 3 Marina,525.8,543.8,543.8,548.8,25.0,38,Evac Area 4
1,Vessel 5,1,Safe Area 1 Terminal,Evac Area 3 Dock,30.0,46.66666666666667,46.66666666666667,56.66666666666667,18.0,0,None
2,Vessel 5,2,Evac Area 3 Dock,Safe Area 3 Marina,56.66666666666667,71.66666666666667,71.66666666666667,81.66666666666667,18.0,49,Evac Area 3
3,Vessel 5,3,Safe Area 3 Marina,Evac Area 4 Dock,81.66666666666667,106.66666666666667,106.66666666666667,116.66666666666667,18.0,0,None
4,Vessel 5,4,Evac Area 4 Dock,Safe Area 3 Marina,116.66666666666667,141.66666666666669,141.66666666666669,151.66666666666669,18.0,120,Evac Area 4
5,Vessel 5,5,Safe Area 3 Marina,Evac Area 4 Dock,151.66666666666669,176.66666666666669,176.66666666666669,186.66666666666669,18.0,0,None
6,Vessel 5,6,Evac Area 4 Dock,Safe Area 3 Marina,186.66666666666669,211.66666666666669,211.66666666666669,221.66666666666669,18.0,120,Evac Area 4
7,Vessel 5,7,Safe Area 3 Marina,Evac Area 4 Dock,221.66666666666669,246.66666666666669,246.66666666666669,256.6666666666667,18.0,0,None
8,Vessel 5,8,Evac Area 4 Dock,Safe Area 3 Marina,256.6666666666667,281.6666666666667,281.6666666666667,291.6666666666667,18.0,120,Evac Area 4
9,Vessel 5,9,Safe Area 3 Marina,Evac Area 4 Dock,291.6666666666667,316.6666666666667,316.6666666666667,326.6666666666667,18.0,0,None
10,Vessel 5,10,Evac Area 4 Dock,Safe Area 3 Marina,326.6666666666667,351.6666666666667,351.6666666666667,361.6666666666667,18.0,116,Evac Area 4
11,Vessel 5,11,Safe Area 3 Marina,Evac Area 4 Dock,361.6666666666667,386.6666666666667,386.6666666666667,396.6666666666667,18.0,0,None
12,Vessel 5,12,Evac Area 4 Dock,Safe Area 3 Marina,396.6666666666667,421.6666666666667,421.6666666666667,431.6666666666667,18.0,120,Evac Area 4
13,Vessel 5,13,Safe Area 3 Marina,Evac Area 4 Dock,431.6666666666667,456.6666666666667,456.6666666666667,466.6666666666667,18.0,0,None
14,Vessel 5,14,Evac Area 4 Dock,Safe Area 3 Marina,466.6666666666667,491.6666666666667,491.6666666666667,501.6666666666667,18.0,120,Evac Area 4
15,Vessel 5,15,Safe Area 3 Marina,Evac Area 4 Dock,501.6666666666667,526.6666666666667,526.6666666666667,536.6666666666667,18.0,0,None
16,Vessel 5,16,Evac Area 4 Dock,Safe Area 3 Marina,536.6666666666667,561.6666666666667,561.6666666666667,571.6666666666667,18.0,120,Evac Area 4
1,Vessel 6,1,Safe Area 1 Terminal,Evac Area 3 Dock,30.0,42.0,42.0,45.0,25.0,0,None
2,Vessel 6,2,Evac Area 3 Dock,Safe Area 3 Marina,45.0,55.8,55.8,58.8,25.0,12,Evac Area 3
3,Vessel 6,3,Safe Area 3 Marina,Evac Area 4 Beach,58.8,76.8,76.8,79.8,25.0,0,None
4,Vessel 6,4,Evac Area 4 Beach,Safe Area 3 Marina,79.8,97.8,97.8,100.8,25.0,12,Evac Area 4
5,Vessel 6,5,Safe Area 3 Marina,Evac Area 4 Dock,100.8,118.8,118.8,121.8,25.0,0,None
6,Vessel 6,6,Evac Area 4 Dock,Safe Area 3 Marina,121.8,139.8,139.8,142.8,25.0,12,Evac Area 4
7,Vessel 6,7,Safe Area 3 Marina,Evac Area 3 Dock,142.8,153.6,153.6,156.6,25.0,0,None
8,Vessel 6,8,Evac Area 3 Dock,Safe Area 3 Marina,156.6,167.4,167.4,170.4,25.0,12,Evac Area 3
9,Vessel 6,9,Safe Area 3 Marina,Evac Area 3 Dock,170.4,181.20000000000002,181.20000000000002,184.20000000000002,25.0,0,None
10,Vessel 6,10,Evac Area 3 Dock,Safe Area 3 Marina,184.20000000000002,195.00000000000003,195.00000000000003,198.00000000000003,25.0,12,Evac Area 3
11,Vessel 6,11,Safe Area 3 Marina,Evac Area 4 Dock,198.00000000000003,216.00000000000003,216.00000000000003,219.00000000000003,25.0,0,None
12,Vessel 6,12,Evac Area 4 Dock,Safe Area 3 Marina,219.00000000000003,237.00000000000003,237.00000000000003,240.00000000000003,25.0,12,Evac Area 4
13,Vessel 6,13,Safe Area 3 Marina,Evac Area 4 Dock,240.00000000000003,258.0,258.0,261.0,25.0,0,None
14,Vessel 6,14,Evac Area 4 Dock,Safe Area 3 Marina,261.0,279.0,279.0,282.0,25.0,12,Evac Area 4
15,Vessel 6,15,Safe Area 3 Marina,Evac Area 4 Dock,282.0,300.0,300.0,303.0,25.0,0,None
16,Vessel 6,16,Evac Area 4 Dock,Safe Area 3 Marina,303.0,321.0,321.0,324.0,25.0,12,Evac Area 4
17,Vessel 6,17,Safe Area 3 Marina,Evac Area 4 Dock,324.0,342.0,342.0,345.0,25.0,0,None
18,Vessel 6,18,Evac Area 4 Dock,Safe Area 3 Marina,345.0,363.0,363.0,366.0,25.0,12,Evac Area 4
19,Vessel 6,19,Safe Area 3 Marina,Evac Area 3 Dock,366.0,376.8,376.8,379.8,25.0,0,None
20,Vessel 6,20,Evac Area 3 Dock,Safe Area 3 Marina,379.8,390.6,390.6,393.6,25.0,12,Evac Area 3
21,Vessel 6,21,Safe Area 3 Marina,Evac Area 3 Dock,393.6,404.40000000000003,404.40000000000003,407.40000000000003,25.0,0,None
22,Vessel 6,22,Evac Area 3 Dock,Safe Area 3 Marina,407.40000000000003,418.20000000000005,418.20000000000005,421.20000000000005,25.0,12,Evac Area 3
23,Vessel 6,23,Safe Area 3 Marina,Evac Area 4 Dock,421.20000000000005,439.20000000000005,439.20000000000005,442.20000000000005,25.0,0,None
24,Vessel 6,24,Evac Area 4 Dock,Safe Area 3 Marina,442.20000000000005,460.20000000000005,460.20000000000005,463.20000000000005,25.0,12,Evac Area 4
25,Vessel 6,25,Safe Area 3 Marina,Evac Area 3 Dock,463.20000000000005,474.00000000000006,474.00000000000006,477.00000000000006,25.0,0,None
26,Vessel 6,26,Evac Area 3 Dock,Safe Area 1 Terminal,477.00000000000006,489.00000000000006,489.00000000000006,492.00000000000006,25.0,12,Evac Area 3
