segment_id,resource_id,route_segment_id,origin,destination,route_start_time,route_end_time,load_start_time,load_end_time,resource_speed,evacuees,evacuated_location
1,Vessel 1,1,Safe Area 1 Terminal,Evac Area 1 Ferry Terminal,10.0,24.0,24.0,34.0,12.0,0,None
2,Vessel 1,2,Evac Area 1 Ferry Terminal,Safe Area 1 Terminal,34.0,48.0,48.0,58.0,12.0,277,Evac Area 1
1,Vessel 2,1,Safe Area 2 Harbor,Evac Area 4 Beach,10.0,28.24,28.24,31.24,25.0,0,None
2,Vessel 2,2,Evac Area 4 Beach,Safe Area 3 Marina,31.24,49.24,49.24,52.24,25.0,12,Evac Area 4
1,Vessel 4,1,Safe Area 1 Terminal,Evac Area 3 Dock,10.0,22.0,22.0,27.0,25.0,0,None
2,Vessel 4,2,Evac Area 3 Dock,Safe Area 3 Marina,27.0,37.8,37.8,42.8,25.0,38,Evac Area 3
1,Vessel 5,1,Safe Area 1 Terminal,Evac Area 3 Dock,30.0,46.66666666666667,46.66666666666667,56.66666666666667,18.0,0,None
2,Vessel 5,2,Evac Area 3 Dock,Safe Area 3 Marina,56.66666666666667,71.66666666666667,71.66666666666667,81.66666666666667,18.0,49,Evac Area 3
1,Vessel 6,1,Safe Area 1 Terminal,Evac Area 3 Dock,30.0,42.0,42.0,45.0,25.0,0,None
2,Vessel 6,2,Evac Area 3 Dock,Safe Area 3 Marina,45.0,55.8,55.8,58.8,25.0,12,Evac Area 3
1,Vessel 1,1,Safe Area 1 Terminal,Evac Area 1 Ferry Terminal,58.0,72.0,72.0,82.0,12.0,0,None
2,Vessel 1,2,Evac Area 1 Ferry Terminal,Safe Area 1 Terminal,82.0,96.0,96.0,106.0,12.0,9,Evac Area 1
1,Vessel 2,1,Safe Area 3 Marina,Evac Area 4 Beach,52.24,70.24000000000001,70.24000000000001,73.24000000000001,25.0,0,None
2,Vessel 2,2,Evac Area 4 Beach,Safe Area 2 Harbor,73.24000000000001,91.48,91.48,94.48,25.0,12,Evac Area 4
3,Vessel 2,3,Safe Area 2 Harbor,Evac Area 2 Marina,94.48,106.48,106.48,109.48,25.0,0,None
4,Vessel 2,4,Evac Area 2 Marina,Safe Area 2 Harbor,109.48,121.48,121.48,124.48,25.0,12,Evac Area 2
5,Vessel 2,5,Safe Area 2 Harbor,Evac Area 2 Marina,124.48,136.48000000000002,136.48000000000002,139.48000000000002,25.0,0,None
6,Vessel 2,6,Evac Area 2 Marina,Safe Area 2 Harbor,139.48000000000002,151.48000000000002,151.48000000000002,154.48000000000002,25.0,12,Evac Area 2
7,Vessel 2,7,Safe Area 2 Harbor,Evac Area 2 Marina,154.48000000000002,166.48000000000002,166.48000000000002,169.48000000000002,25.0,0,None
8,Vessel 2,8,Evac Area 2 Marina,Safe Area 2 Harbor,169.48000000000002,181.48000000000002,181.48000000000002,184.48000000000002,25.0,12,Evac Area 2
9,Vessel 2,9,Safe Area 2 Harbor,Evac Area 2 Marina,184.48000000000002,196.48000000000002,196.48000000000002,199.48000000000002,25.0,0,None
10,Vessel 2,10,Evac Area 2 Marina,Safe Area 2 Harbor,199.48000000000002,211.48000000000002,211.48000000000002,214.48000000000002,25.0,12,Evac Area 2
11,Vessel 2,11,Safe Area 2 Harbor,Evac Area 2 Marina,214.48000000000002,226.48000000000002,226.48000000000002,229.48000000000002,25.0,0,None
12,Vessel 2,12,Evac Area 2 Marina,Safe Area 2 Harbor,229.48000000000002,241.48000000000002,241.48000000000002,244.48000000000002,25.0,11,Evac Area 2
13,Vessel 2,13,Safe Area 2 Harbor,Evac Area 4 Dock,244.48000000000002,262.72,262.72,265.72,25.0,0,None
14,Vessel 2,14,Evac Area 4 Dock,Safe Area 2 Harbor,265.72,283.96000000000004,283.96000000000004,286.96000000000004,25.0,12,Evac Area 4
15,Vessel 2,15,Safe Area 2 Harbor,Evac Area 4 Dock,286.96000000000004,305.20000000000005,305.20000000000005,308.20000000000005,25.0,0,None
16,Vessel 2,16,Evac Area 4 Dock,Safe Area 3 Marina,308.20000000000005,326.20000000000005,326.20000000000005,329.20000000000005,25.0,12,Evac Area 4
17,Vessel 2,17,Safe Area 3 Marina,Evac Area 4 Beach,329.20000000000005,347.20000000000005,347.20000000000005,350.20000000000005,25.0,0,None
18,Vessel 2,18,Evac Area 4 Beach,Safe Area 3 Marina,350.20000000000005,368.20000000000005,368.20000000000005,371.20000000000005,25.0,12,Evac Area 4
19,Vessel 2,19,Safe Area 3 Marina,Evac Area 4 Beach,371.20000000000005,389.20000000000005,389.20000000000005,392.20000000000005,25.0,0,None
20,Vessel 2,20,Evac Area 4 Beach,Safe Area 3 Marina,392.20000000000005,410.20000000000005,410.20000000000005,413.20000000000005,25.0,12,Evac Area 4
1,Vessel 3,1,Safe Area 3 Marina,Evac Area 4 Beach,60.0,78.0,78.0,81.0,25.0,0,None
2,Vessel 3,2,Evac Area 4 Beach,Safe Area 3 Marina,81.0,99.0,99.0,102.0,25.0,12,Evac Area 4
3,Vessel 3,3,Safe Area 3 Marina,Evac Area 4 Beach,102.0,120.0,120.0,123.0,25.0,0,None
4,Vessel 3,4,Evac Area 4 Beach,Safe Area 2 Harbor,123.0,141.24,141.24,144.24,25.0,12,Evac Area 4
5,Vessel 3,5,Safe Area 2 Harbor,Evac Area 2 Marina,144.24,156.24,156.24,159.24,25.0,0,None
6,Vessel 3,6,Evac Area 2 Marina,Safe Area 2 Harbor,159.24,171.24,171.24,174.24,25.0,12,Evac Area 2
7,Vessel 3,7,Safe Area 2 Harbor,Evac Area 2 Marina,174.24,186.24,186.24,189.24,25.0,0,None
8,Vessel 3,8,Evac Area 2 Marina,Safe Area 2 Harbor,189.24,201.24,201.24,204.24,25.0,12,Evac Area 2
9,Vessel 3,9,Safe Area 2 Harbor,Evac Area 4 Beach,204.24,222.48000000000002,222.48000000000002,225.48000000000002,25.0,0,None
10,Vessel 3,10,Evac Area 4 Beach,Safe Area 2 Harbor,225.48000000000002,243.72000000000003,243.72000000000003,246.72000000000003,25.0,12,Evac Area 4
11,Vessel 3,11,Safe Area 2 Harbor,Evac Area 4 Dock,246.72000000000003,264.96000000000004,264.96000000000004,267.96000000000004,25.0,0,None
12,Vessel 3,12,Evac Area 4 Dock,Safe Area 2 Harbor,267.96000000000004,286.20000000000005,286.20000000000005,289.20000000000005,25.0,12,Evac Area 4
13,Vessel 3,13,Safe Area 2 Harbor,Evac Area 2 Marina,289.20000000000005,301.20000000000005,301.20000000000005,304.20000000000005,25.0,0,None
14,Vessel 3,14,Evac Area 2 Marina,Safe Area 2 Harbor,304.20000000000005,316.20000000000005,316.20000000000005,319.20000000000005,25.0,12,Evac Area 2
15,Vessel 3,15,Safe Area 2 Harbor,Evac Area 2 Marina,319.20000000000005,331.20000000000005,331.20000000000005,334.20000000000005,25.0,0,None
16,Vessel 3,16,Evac Area 2 Marina,Safe Area 2 Harbor,334.20000000000005,346.20000000000005,346.20000000000005,349.20000000000005,25.0,12,Evac Area 2
17,Vessel 3,17,Safe Area 2 Harbor,Evac Area 2 Marina,349.20000000000005,361.20000000000005,361.20000000000005,364.20000000000005,25.0,0,None
18,Vessel 3,18,Evac Area 2 Marina,Safe Area 2 Harbor,364.20000000000005,376.20000000000005,376.20000000000005,379.20000000000005,25.0,12,Evac Area 2
19,Vessel 3,19,Safe Area 2 Harbor,Evac Area 2 Marina,379.20000000000005,391.20000000000005,391.20000000000005,394.20000000000005,25.0,0,None
20,Vessel 3,20,Evac Area 2 Marina,Safe Area 2 Harbor,394.20000000000005,406.20000000000005,406.20000000000005,409.20000000000005,25.0,12,Evac Area 2
1,Vessel 4,1,Safe Area 3 Marina,Evac Area 4 Dock,42.8,60.8,60.8,65.8,25.0,0,None
2,Vessel 4,2,Evac Area 4 Dock,Safe Area 3 Marina,65.8,83.8,83.8,88.8,25.0,38,Evac Area 4
3,Vessel 4,3,Safe Area 3 Marina,Evac Area 4 Dock,88.8,106.8,106.8,111.8,25.0,0,None
4,Vessel 4,4,Evac Area 4 Dock,Safe Area 3 Marina,111.8,129.8,129.8,134.8,25.0,38,Evac Area 4
5,Vessel 4,5,Safe Area 3 Marina,Evac Area 4 Dock,134.8,152.8,152.8,157.8,25.0,0,None
6,Vessel 4,6,Evac Area 4 Dock,Safe Area 3 Marina,157.8,175.8,175.8,180.8,25.0,32,Evac Area 4
7,Vessel 4,7,Safe Area 3 Marina,Evac Area 4 Dock,180.8,198.8,198.8,203.8,25.0,0,None
8,Vessel 4,8,Evac Area 4 Dock,Safe Area 3 Marina,203.8,221.8,221.8,226.8,25.0,38,Evac Area 4
9,Vessel 4,9,Safe Area 3 Marina,Evac Area 4 Dock,226.8,244.8,244.8,249.8,25.0,0,None
10,Vessel 4,10,Evac Area 4 Dock,Safe Area 3 Marina,249.8,267.8,267.8,272.8,25.0,38,Evac Area 4
11,Vessel 4,11,Safe Area 3 Marina,Evac Area 4 Dock,272.8,290.8,290.8,295.8,25.0,0,None
12,Vessel 4,12,Evac Area 4 Dock,Safe Area 3 Marina,295.8,313.8,313.8,318.8,25.0,38,Evac Area 4
13,Vessel 4,13,Safe Area 3 Marina,Evac Area 4 Dock,318.8,336.8,336.8,341.8,25.0,0,None
14,Vessel 4,14,Evac Area 4 Dock,Safe Area 2 Harbor,341.8,360.04,360.04,365.04,25.0,38,Evac Area 4
15,Vessel 4,15,Safe Area 2 Harbor,Evac Area 4 Dock,365.04,383.28000000000003,383.28000000000003,388.28000000000003,25.0,0,None
16,Vessel 4,16,Evac Area 4 Dock,Safe Area 2 Harbor,388.28000000000003,406.52000000000004,406.52000000000004,411.52000000000004,25.0,38,Evac Area 4
1,Vessel 5,1,Safe Area 3 Marina,Evac Area 4 Dock,81.66666666666667,106.66666666666667,106.66666666666667,116.66666666666667,18.0,0,None
2,Vessel 5,2,Evac Area 4 Dock,Safe Area 3 Marina,116.66666666666667,141.66666666666669,141.66666666666669,151.66666666666669,18.0,120,Evac Area 4
3,Vessel 5,3,Safe Area 3 Marina,Evac Area 4 Dock,151.66666666666669,176.66666666666669,176.66666666666669,186.66666666666669,18.0,0,None
4,Vessel 5,4,Evac Area 4 Dock,Safe Area 3 Marina,186.66666666666669,211.66666666666669,211.66666666666669,221.66666666666669,18.0,120,Evac Area 4
5,Vessel 5,5,Safe Area 3 Marina,Evac Area 4 Dock,221.66666666666669,246.66666666666669,246.66666666666669,256.6666666666667,18.0,0,None
6,Vessel 5,6,Evac Area 4 Dock,Safe Area 3 Marina,256.6666666666667,281.6666666666667,281.6666666666667,291.6666666666667,18.0,120,Evac Area 4
7,Vessel 5,7,Safe Area 3 Marina,Evac Area 4 Dock,291.6666666666667,316.6666666666667,316.6666666666667,326.6666666666667,18.0,0,None
8,Vessel 5,8,Evac Area 4 Dock,Safe Area 2 Harbor,326.6666666666667,352.0,352.0,362.0,18.0,120,Evac Area 4
9,Vessel 5,9,Safe Area 2 Harbor,Evac Area 2 Marina,362.0,378.6666666666667,378.6666666666667,388.6666666666667,18.0,0,None
10,Vessel 5,10,Evac Area 2 Marina,Safe Area 2 Harbor,388.6666666666667,405.33333333333337,405.33333333333337,415.33333333333337,18.0,120,Evac Area 2
1,Vessel 6,1,Safe Area 3 Marina,Evac Area 4 Beach,58.8,76.8,76.8,79.8,25.0,0,None
2,Vessel 6,2,Evac Area 4 Beach,Safe Area 2 Harbor,79.8,98.03999999999999,98.03999999999999,101.03999999999999,25.0,12,Evac Area 4
3,Vessel 6,3,Safe Area 2 Harbor,Evac Area 2 Marina,101.03999999999999,113.03999999999999,113.03999999999999,116.03999999999999,25.0,0,None
4,Vessel 6,4,Evac Area 2 Marina,Safe Area 2 Harbor,116.03999999999999,128.04,128.04,131.04,25.0,12,Evac Area 2
5,Vessel 6,5,Safe Area 2 Harbor,Evac Area 4 Dock,131.04,149.27999999999997,149.27999999999997,152.27999999999997,25.0,0,None
6,Vessel 6,6,Evac Area 4 Dock,Safe Area 2 Harbor,152.27999999999997,170.51999999999998,170.51999999999998,173.51999999999998,25.0,12,Evac Area 4
7,Vessel 6,7,Safe Area 2 Harbor,Evac Area 2 Marina,173.51999999999998,185.51999999999998,185.51999999999998,188.51999999999998,25.0,0,None
8,Vessel 6,8,Evac Area 2 Marina,Safe Area 2 Harbor,188.51999999999998,200.51999999999998,200.51999999999998,203.51999999999998,25.0,12,Evac Area 2
9,Vessel 6,9,Safe Area 2 Harbor,Evac Area 4 Beach,203.51999999999998,221.76,221.76,224.76,25.0,0,None
10,Vessel 6,10,Evac Area 4 Beach,Safe Area 3 Marina,224.76,242.76,242.76,245.76,25.0,12,Evac Area 4
11,Vessel 6,11,Safe Area 3 Marina,Evac Area 4 Beach,245.76,263.76,263.76,266.76,25.0,0,None
12,Vessel 6,12,Evac Area 4 Beach,Safe Area 3 Marina,266.76,284.76,284.76,287.76,25.0,12,Evac Area 4
13,Vessel 6,13,Safe Area 3 Marina,Evac Area 4 Beach,287.76,305.76,305.76,308.76,25.0,0,None
14,Vessel 6,14,Evac Area 4 Beach,Safe Area 3 Marina,308.76,326.76,326.76,329.76,25.0,12,Evac Area 4
15,Vessel 6,15,Safe Area 3 Marina,Evac Area 4 Dock,329.76,347.76,347.76,350.76,25.0,0,None
16,Vessel 6,16,Evac Area 4 Dock,Safe Area 2 Harbor,350.76,369.0,369.0,372.0,25.0,12,Evac Area 4
17,Vessel 6,17,Safe Area 2 Harbor,Evac Area 2 Marina,372.0,384.0,384.0,387.0,25.0,0,None
18,Vessel 6,18,Evac Area 2 Marina,Safe Area 2 Harbor,387.0,399.0,399.0,402.0,25.0,12,Evac Area 2
