segment_id,resource_id,route_segment_id,origin,destination,route_start_time,route_end_time,load_start_time,load_end_time,resource_speed,evacuees,evacuated_location,post_run_correction
1,Vessel 1,1,Safe Area 1 Terminal,Evac Area 1 Ferry Terminal,10.0,24.0,24.0,34.0,12.0,0,None,
2,Vessel 1,2,Evac Area 1 Ferry Terminal,Safe Area 1 Terminal,34.0,48.0,48.0,58.0,12.0,148,Evac Area 1,
1,Vessel 2,1,Safe Area 2 Harbor,Evac Area 4 Dock,10.0,28.24000000000001,28.24000000000001,31.24000000000001,25.0,0,None,
2,Vessel 2,2,Evac Area 4 Dock,Safe Area 3 Marina,31.24000000000001,49.24000000000001,49.24000000000001,52.24000000000001,25.0,12,Evac Area 4,
3,Vessel 2,3,Safe Area 3 Marina,Evac Area 4 Beach,52.24000000000001,70.24000000000001,70.24000000000001,73.24000000000001,25.0,0,None,
4,Vessel 2,4,Evac Area 4 Beach,Safe Area 3 Marina,73.24000000000001,91.24000000000001,91.24000000000001,94.24000000000001,25.0,12,Evac Area 4,
5,Vessel 2,5,Safe Area 3 Marina,Evac Area 4 Dock,94.24000000000001,112.24000000000001,112.24000000000001,115.24000000000001,25.0,0,None,
6,Vessel 2,6,Evac Area 4 Dock,Safe Area 3 Marina,115.24000000000001,133.24,133.24,136.24,25.0,12,Evac Area 4,
7,Vessel 2,7,Safe Area 3 Marina,Evac Area 4 Dock,136.24,154.24,154.24,157.24,25.0,0,None,
8,Vessel 2,8,Evac Area 4 Dock,Safe Area 3 Marina,157.24,175.24,175.24,178.24,25.0,12,Evac Area 4,
9,Vessel 2,9,Safe Area 3 Marina,Evac Area 2 Marina,178.24,195.04,195.04,198.04,25.0,0,None,
10,Vessel 2,10,Evac Area 2 Marina,Safe Area 1 Terminal,198.04,222.04,222.04,225.04,25.0,12,Evac Area 2,
11,Vessel 2,11,Safe Area 1 Terminal,Evac Area 2 Marina,225.04,249.04,249.04,252.04,25.0,0,None,
12,Vessel 2,12,Evac Area 2 Marina,Safe Area 2 Harbor,252.04,264.04,264.04,267.04,25.0,12,Evac Area 2,
13,Vessel 2,13,Safe Area 2 Harbor,Evac Area 2 Marina,267.04,279.04,279.04,282.04,25.0,0,None,
14,Vessel 2,14,Evac Area 2 Marina,Safe Area 2 Harbor,282.04,294.04,294.04,297.04,25.0,12,Evac Area 2,
15,Vessel 2,15,Safe Area 2 Harbor,Evac Area 2 Marina,297.04,309.04,309.04,312.04,25.0,0,None,
16,Vessel 2,16,Evac Area 2 Marina,Safe Area 2 Harbor,312.04,324.04,324.04,327.04,25.0,12,Evac Area 2,
17,Vessel 2,17,Safe Area 2 Harbor,Evac Area 4 Beach,327.04,345.28000000000003,345.28000000000003,348.28000000000003,25.0,0,None,
18,Vessel 2,18,Evac Area 4 Beach,Safe Area 3 Marina,348.28000000000003,366.28,366.28,369.28,25.0,12,Evac Area 4,
1,Vessel 3,1,Safe Area 3 Marina,Evac Area 4 Dock,60.0,78.0,78.0,81.0,25.0,0,None,
2,Vessel 3,2,Evac Area 4 Dock,Safe Area 3 Marina,81.0,99.0,99.0,102.0,25.0,12,Evac Area 4,
3,Vessel 3,3,Safe Area 3 Marina,Evac Area 4 Dock,102.0,120.0,120.0,123.0,25.0,0,None,
4,Vessel 3,4,Evac Area 4 Dock,Safe Area 3 Marina,123.0,141.0,141.0,144.0,25.0,12,Evac Area 4,
5,Vessel 3,5,Safe Area 3 Marina,Evac Area 4 Beach,144.0,162.0,162.0,165.0,25.0,0,None,
6,Vessel 3,6,Evac Area 4 Beach,Safe Area 2 Harbor,165.0,183.24,183.24,186.24,25.0,12,Evac Area 4,
7,Vessel 3,7,Safe Area 2 Harbor,Evac Area 4 Dock,186.24,204.48,204.48,207.48,25.0,0,None,
8,Vessel 3,8,Evac Area 4 Dock,Safe Area 2 Harbor,207.48,225.72000000000003,225.72000000000003,228.72000000000003,25.0,12,Evac Area 4,
9,Vessel 3,9,Safe Area 2 Harbor,Evac Area 2 Marina,228.72000000000003,240.72000000000003,240.72000000000003,243.72000000000003,25.0,0,None,
10,Vessel 3,10,Evac Area 2 Marina,Safe Area 2 Harbor,243.72000000000003,255.72000000000003,255.72000000000003,258.72,25.0,12,Evac Area 2,
11,Vessel 3,11,Safe Area 2 Harbor,Evac Area 4 Beach,258.72,276.96000000000004,276.96000000000004,279.96000000000004,25.0,0,None,
12,Vessel 3,12,Evac Area 4 Beach,Safe Area 2 Harbor,279.96000000000004,298.20000000000005,298.20000000000005,301.20000000000005,25.0,12,Evac Area 4,
13,Vessel 3,13,Safe Area 2 Harbor,Evac Area 4 Dock,301.20000000000005,319.44000000000005,319.44000000000005,322.44000000000005,25.0,0,None,
14,Vessel 3,14,Evac Area 4 Dock,Safe Area 2 Harbor,322.44000000000005,340.68000000000006,340.68000000000006,343.68000000000006,25.0,12,Evac Area 4,
15,Vessel 3,15,Safe Area 2 Harbor,Evac Area 4 Beach,343.68000000000006,361.9200000000001,361.9200000000001,364.9200000000001,25.0,0,None,
16,Vessel 3,16,Evac Area 4 Beach,Safe Area 2 Harbor,364.9200000000001,383.1600000000001,383.1600000000001,386.1600000000001,25.0,12,Evac Area 4,
17,Vessel 3,17,Safe Area 2 Harbor,Evac Area 2 Marina,386.1600000000001,398.1600000000001,398.1600000000001,401.1600000000001,25.0,0,None,
18,Vessel 3,18,Evac Area 2 Marina,Safe Area 1 Terminal,401.1600000000001,425.1600000000001,425.1600000000001,428.1600000000001,25.0,6,Evac Area 2,
1,Vessel 4,1,Safe Area 1 Terminal,Evac Area 3 Dock,10.0,22.0,22.0,27.0,25.0,0,None,
2,Vessel 4,2,Evac Area 3 Dock,Safe Area 3 Marina,27.0,37.80000000000001,37.80000000000001,42.80000000000001,25.0,38,Evac Area 3,
3,Vessel 4,3,Safe Area 3 Marina,Evac Area 4 Dock,42.80000000000001,60.80000000000001,60.80000000000001,65.80000000000001,25.0,0,None,
4,Vessel 4,4,Evac Area 4 Dock,Safe Area 2 Harbor,65.80000000000001,84.04000000000002,84.04000000000002,89.04000000000002,25.0,38,Evac Area 4,
5,Vessel 4,5,Safe Area 2 Harbor,Evac Area 2 Marina,89.04000000000002,101.04000000000002,101.04000000000002,106.04000000000002,25.0,0,None,
6,Vessel 4,6,Evac Area 2 Marina,Safe Area 2 Harbor,106.04000000000002,118.04000000000002,118.04000000000002,123.04000000000002,25.0,38,Evac Area 2,
7,Vessel 4,7,Safe Area 2 Harbor,Evac Area 2 Marina,123.04000000000002,135.04000000000002,135.04000000000002,140.04000000000002,25.0,0,None,
8,Vessel 4,8,Evac Area 2 Marina,Safe Area 2 Harbor,140.04000000000002,152.04000000000002,152.04000000000002,157.04000000000002,25.0,38,Evac Area 2,
9,Vessel 4,9,Safe Area 2 Harbor,Evac Area 2 Marina,157.04000000000002,169.04000000000002,169.04000000000002,174.04,25.0,0,None,
10,Vessel 4,10,Evac Area 2 Marina,Safe Area 2 Harbor,174.04,186.04,186.04,191.04,25.0,38,Evac Area 2,
11,Vessel 4,11,Safe Area 2 Harbor,Evac Area 2 Marina,191.04,203.04,203.04,208.04,25.0,0,None,
12,Vessel 4,12,Evac Area 2 Marina,Safe Area 2 Harbor,208.04,220.04,220.04,225.04,25.0,38,Evac Area 2,
13,Vessel 4,13,Safe Area 2 Harbor,Evac Area 2 Marina,225.04,237.04,237.04,242.04,25.0,0,None,
14,Vessel 4,14,Evac Area 2 Marina,Safe Area 2 Harbor,242.04,254.04,254.04,259.04,25.0,38,Evac Area 2,
15,Vessel 4,15,Safe Area 2 Harbor,Evac Area 2 Marina,259.04,271.04,271.04,276.04,25.0,0,None,
16,Vessel 4,16,Evac Area 2 Marina,Safe Area 2 Harbor,276.04,288.04,288.04,293.04,25.0,38,Evac Area 2,
17,Vessel 4,17,Safe Area 2 Harbor,Evac Area 2 Marina,293.04,305.04,305.04,310.04,25.0,0,None,
18,Vessel 4,18,Evac Area 2 Marina,Safe Area 2 Harbor,310.04,322.04,322.04,327.04,25.0,38,Evac Area 2,
19,Vessel 4,19,Safe Area 2 Harbor,Evac Area 2 Marina,327.04,339.04,339.04,344.04,25.0,0,None,
20,Vessel 4,20,Evac Area 2 Marina,Safe Area 2 Harbor,344.04,356.04,356.04,361.04,25.0,38,Evac Area 2,
21,Vessel 4,21,Safe Area 2 Harbor,Evac Area 2 Marina,361.04,373.04,373.04,378.04,25.0,0,None,
22,Vessel 4,22,Evac Area 2 Marina,Safe Area 2 Harbor,378.04,390.04,390.04,395.04,25.0,38,Evac Area 2,
23,Vessel 4,23,Safe Area 2 Harbor,Evac Area 2 Marina,395.04,407.04,407.04,412.04,25.0,0,None,
24,Vessel 4,24,Evac Area 2 Marina,Safe Area 2 Harbor,412.04,424.04,424.04,429.04,25.0,38,Evac Area 2,
1,Vessel 5,1,Safe Area 1 Terminal,Evac Area 3 Dock,30.0,46.666666666666686,46.666666666666686,56.666666666666686,18.0,0,None,
2,Vessel 5,2,Evac Area 3 Dock,Safe Area 3 Marina,56.666666666666686,71.66666666666669,71.66666666666669,81.66666666666669,18.0,120,Evac Area 3,
3,Vessel 5,3,Safe Area 3 Marina,Evac Area 4 Dock,81.66666666666669,106.66666666666669,106.66666666666669,116.66666666666669,18.0,0,None,
4,Vessel 5,4,Evac Area 4 Dock,Safe Area 2 Harbor,116.66666666666669,142.0,142.0,152.0,18.0,111,Evac Area 4,
5,Vessel 5,5,Safe Area 2 Harbor,Evac Area 2 Marina,152.0,168.66666666666669,168.66666666666669,178.66666666666666,18.0,0,None,
6,Vessel 5,6,Evac Area 2 Marina,Safe Area 2 Harbor,178.66666666666666,195.3333333333333,195.3333333333333,205.3333333333333,18.0,120,Evac Area 2,
7,Vessel 5,7,Safe Area 2 Harbor,Evac Area 2 Marina,205.3333333333333,222.0,222.0,232.0,18.0,0,None,
8,Vessel 5,8,Evac Area 2 Marina,Safe Area 2 Harbor,232.0,248.66666666666663,248.66666666666663,258.66666666666663,18.0,120,Evac Area 2,
9,Vessel 5,9,Safe Area 2 Harbor,Evac Area 2 Marina,258.66666666666663,275.3333333333333,275.3333333333333,285.3333333333333,18.0,0,None,
10,Vessel 5,10,Evac Area 2 Marina,Safe Area 2 Harbor,285.3333333333333,302.0,302.0,312.0,18.0,120,Evac Area 2,
11,Vessel 5,11,Safe Area 2 Harbor,Evac Area 2 Marina,312.0,328.6666666666667,328.6666666666667,338.6666666666667,18.0,0,None,
12,Vessel 5,12,Evac Area 2 Marina,Safe Area 2 Harbor,338.6666666666667,355.33333333333337,355.33333333333337,365.33333333333337,18.0,120,Evac Area 2,
13,Vessel 5,13,Safe Area 2 Harbor,Evac Area 2 Marina,365.33333333333337,382.00000000000006,382.00000000000006,392.00000000000006,18.0,0,None,
14,Vessel 5,14,Evac Area 2 Marina,Safe Area 2 Harbor,392.00000000000006,408.66666666666674,408.66666666666674,418.66666666666674,18.0,120,Evac Area 2,
1,Vessel 6,1,Safe Area 1 Terminal,Evac Area 4 Dock,30.0,51.60000000000002,51.60000000000002,54.60000000000002,25.0,0,None,
2,Vessel 6,2,Evac Area 4 Dock,Safe Area 2 Harbor,54.60000000000002,72.83999999999997,72.83999999999997,75.83999999999997,25.0,12,Evac Area 4,
3,Vessel 6,3,Safe Area 2 Harbor,Evac Area 4 Beach,75.83999999999997,94.07999999999998,94.07999999999998,97.07999999999998,25.0,0,None,
4,Vessel 6,4,Evac Area 4 Beach,Safe Area 3 Marina,97.07999999999998,115.07999999999998,115.07999999999998,118.07999999999998,25.0,12,Evac Area 4,
5,Vessel 6,5,Safe Area 3 Marina,Evac Area 4 Dock,118.07999999999998,136.07999999999998,136.07999999999998,139.07999999999998,25.0,0,None,
6,Vessel 6,6,Evac Area 4 Dock,Safe Area 2 Harbor,139.07999999999998,157.32,157.32,160.32,25.0,12,Evac Area 4,
7,Vessel 6,7,Safe Area 2 Harbor,Evac Area 2 Marina,160.32,172.32,172.32,175.32,25.0,0,None,
8,Vessel 6,8,Evac Area 2 Marina,Safe Area 2 Harbor,175.32,187.32,187.32,190.32,25.0,12,Evac Area 2,
9,Vessel 6,9,Safe Area 2 Harbor,Evac Area 4 Beach,190.32,208.56,208.56,211.56,25.0,0,None,
10,Vessel 6,10,Evac Area 4 Beach,Safe Area 3 Marina,211.56,229.56,229.56,232.56,25.0,12,Evac Area 4,
11,Vessel 6,11,Safe Area 3 Marina,Evac Area 4 Dock,232.56,250.56,250.56,253.56,25.0,0,None,
12,Vessel 6,12,Evac Area 4 Dock,Safe Area 2 Harbor,253.56,271.8,271.8,274.8,25.0,12,Evac Area 4,
13,Vessel 6,13,Safe Area 2 Harbor,Evac Area 2 Marina,274.8,286.8,286.8,289.8,25.0,0,None,
14,Vessel 6,14,Evac Area 2 Marina,Safe Area 2 Harbor,289.8,301.8,301.8,304.8,25.0,12,Evac Area 2,
15,Vessel 6,15,Safe Area 2 Harbor,Evac Area 4 Dock,304.8,323.04,323.04,326.04,25.0,0,None,
16,Vessel 6,16,Evac Area 4 Dock,Safe Area 2 Harbor,326.04,344.28000000000003,344.28000000000003,347.28000000000003,25.0,12,Evac Area 4,
17,Vessel 6,17,Safe Area 2 Harbor,Evac Area 4 Dock,347.28000000000003,365.52,365.52,368.52,25.0,0,None,
18,Vessel 6,18,Evac Area 4 Dock,Safe Area 3 Marina,368.52,386.52,386.52,389.52,25.0,12,Evac Area 4,
1,Vessel 1,1,Safe Area 1 Terminal,Evac Area 1 Ferry Terminal,429.04,443.04,443.04,453.04,12.0,0,None,yes
2,Vessel 1,2,Evac Area 1 Ferry Terminal,Safe Area 1 Terminal,453.04,467.04,467.04,477.04,12.0,45,Evac Area 1,yes
1,Vessel 2,1,Safe Area 3 Marina,Evac Area 3 Dock,429.04,439.84000000000003,439.84000000000003,442.84000000000003,25.0,0,None,yes
2,Vessel 2,2,Evac Area 3 Dock,Safe Area 3 Marina,442.84000000000003,453.64000000000004,453.64000000000004,456.64000000000004,25.0,12,Evac Area 3,yes
3,Vessel 2,3,Safe Area 3 Marina,Evac Area 4 Beach,456.64000000000004,474.64,474.64,477.64,25.0,0,None,yes
4,Vessel 2,4,Evac Area 4 Beach,Safe Area 3 Marina,477.64,495.64,495.64,498.64,25.0,12,Evac Area 4,yes
5,Vessel 2,5,Safe Area 3 Marina,Evac Area 4 Dock,498.64,516.64,516.64,519.64,25.0,0,None,yes
6,Vessel 2,6,Evac Area 4 Dock,Safe Area 3 Marina,519.64,537.64,537.64,540.64,25.0,12,Evac Area 4,yes
1,Vessel 3,1,Safe Area 1 Terminal,Evac Area 3 Dock,429.04,441.04,441.04,444.04,25.0,0,None,yes
2,Vessel 3,2,Evac Area 3 Dock,Safe Area 3 Marina,444.04,454.84000000000003,454.84000000000003,457.84000000000003,25.0,12,Evac Area 3,yes
3,Vessel 3,3,Safe Area 3 Marina,Evac Area 3 Dock,457.84000000000003,468.64,468.64,471.64,25.0,0,None,yes
4,Vessel 3,4,Evac Area 3 Dock,Safe Area 3 Marina,471.64,482.44,482.44,485.44,25.0,12,Evac Area 3,yes
5,Vessel 3,5,Safe Area 3 Marina,Evac Area 3 Dock,485.44,496.24,496.24,499.24,25.0,0,None,yes
6,Vessel 3,6,Evac Area 3 Dock,Safe Area 3 Marina,499.24,510.04,510.04,513.04,25.0,12,Evac Area 3,yes
1,Vessel 4,1,Safe Area 2 Harbor,Evac Area 4 Dock,429.04,447.28000000000003,447.28000000000003,452.28000000000003,25.0,0,None,yes
2,Vessel 4,2,Evac Area 4 Dock,Safe Area 3 Marina,452.28000000000003,470.28000000000003,470.28000000000003,475.28000000000003,25.0,38,Evac Area 4,yes
3,Vessel 4,3,Safe Area 3 Marina,Evac Area 4 Dock,475.28000000000003,493.28000000000003,493.28000000000003,498.28000000000003,25.0,0,None,yes
4,Vessel 4,4,Evac Area 4 Dock,Safe Area 3 Marina,498.28000000000003,516.28,516.28,521.28,25.0,38,Evac Area 4,yes
1,Vessel 5,1,Safe Area 2 Harbor,Evac Area 4 Dock,429.04,454.37333333333333,454.37333333333333,464.37333333333333,18.0,0,None,yes
2,Vessel 5,2,Evac Area 4 Dock,Safe Area 1 Terminal,464.37333333333333,494.37333333333333,494.37333333333333,504.37333333333333,18.0,115,Evac Area 4,yes
1,Vessel 6,1,Safe Area 3 Marina,Evac Area 4 Beach,429.04,447.04,447.04,450.04,25.0,0,None,yes
2,Vessel 6,2,Evac Area 4 Beach,Safe Area 3 Marina,450.04,468.04,468.04,471.04,25.0,12,Evac Area 4,yes
3,Vessel 6,3,Safe Area 3 Marina,Evac Area 4 Dock,471.04,489.04,489.04,492.04,25.0,0,None,yes
4,Vessel 6,4,Evac Area 4 Dock,Safe Area 3 Marina,492.04,510.04,510.04,513.04,25.0,12,Evac Area 4,yes
5,Vessel 6,5,Safe Area 3 Marina,Evac Area 3 Dock,513.04,523.84,523.84,526.84,25.0,0,None,yes
6,Vessel 6,6,Evac Area 3 Dock,Safe Area 3 Marina,526.84,537.64,537.64,540.64,25.0,7,Evac Area 3,yes
