segment_id,resource_id,route_segment_id,origin,destination,route_start_time,route_end_time,load_start_time,load_end_time,resource_speed,evacuees,evacuated_location
1,Vessel 1,1,Safe Area 1 Terminal,Evac Area 1 Ferry Terminal,10.0,24.0,24.0,34.0,12.0,0,None
2,Vessel 1,2,Evac Area 1 Ferry Terminal,Safe Area 1 Terminal,34.0,48.0,48.0,58.0,12.0,110,Evac Area 1
1,Vessel 2,1,Safe Area 2 Harbor,Evac Area 2 Marina,10.0,22.0,22.0,25.0,25.0,0,None
2,Vessel 2,2,Evac Area 2 Marina,Safe Area 2 Harbor,25.0,37.0,37.0,40.0,25.0,12,Evac Area 2
3,Vessel 2,3,Safe Area 2 Harbor,Evac Area 2 Marina,40.0,52.0,52.0,55.0,25.0,0,None
4,Vessel 2,4,Evac Area 2 Marina,Safe Area 2 Harbor,55.0,67.0,67.0,70.0,25.0,12,Evac Area 2
1,Vessel 2,1,Safe Area 2 Harbor,Evac Area 4 Dock,70.0,88.24,88.24,91.24,25.0,0,None
2,Vessel 2,2,Evac Area 4 Dock,Safe Area 2 Harbor,91.24,109.48,109.48,112.48,25.0,12,Evac Area 4
3,Vessel 2,3,Safe Area 2 Harbor,Evac Area 4 Beach,112.48,130.72,130.72,133.72,25.0,0,None
4,Vessel 2,4,Evac Area 4 Beach,Safe Area 3 Marina,133.72,151.72,151.72,154.72,25.0,12,Evac Area 4
1,Vessel 3,1,Safe Area 3 Marina,Evac Area 2 Marina,60.0,76.8,76.8,79.8,25.0,0,None
2,Vessel 3,2,Evac Area 2 Marina,Safe Area 2 Harbor,79.8,91.8,91.8,94.8,25.0,12,Evac Area 2
1,Vessel 3,1,Safe Area 2 Harbor,Evac Area 4 Dock,94.8,113.04,113.04,116.04,25.0,0,None
2,Vessel 3,2,Evac Area 4 Dock,Safe Area 3 Marina,116.04,134.04,134.04,137.04,25.0,12,Evac Area 4
1,Vessel 4,1,Safe Area 1 Terminal,Evac Area 2 Marina,10.0,34.0,34.0,39.0,25.0,0,None
2,Vessel 4,2,Evac Area 2 Marina,Safe Area 2 Harbor,39.0,51.0,51.0,56.0,25.0,38,Evac Area 2
3,Vessel 4,3,Safe Area 2 Harbor,Evac Area 2 Marina,56.0,68.0,68.0,73.0,25.0,0,None
4,Vessel 4,4,Evac Area 2 Marina,Safe Area 2 Harbor,73.0,85.0,85.0,90.0,25.0,38,Evac Area 2
1,Vessel 4,1,Safe Area 2 Harbor,Evac Area 4 Dock,90.0,108.24,108.24,113.24,25.0,0,None
2,Vessel 4,2,Evac Area 4 Dock,Safe Area 3 Marina,113.24,131.24,131.24,136.24,25.0,38,Evac Area 4
1,Vessel 5,1,Safe Area 1 Terminal,Evac Area 3 Dock,30.0,46.66666666666667,46.66666666666667,56.66666666666667,18.0,0,None
2,Vessel 5,2,Evac Area 3 Dock,Safe Area 3 Marina,56.66666666666667,71.66666666666667,71.66666666666667,81.66666666666667,18.0,109,Evac Area 3
1,Vessel 5,1,Safe Area 3 Marina,Evac Area 4 Dock,81.66666666666667,106.66666666666669,106.66666666666669,116.66666666666669,18.0,0,None
2,Vessel 5,2,Evac Area 4 Dock,Safe Area 3 Marina,116.66666666666669,141.66666666666669,141.66666666666669,151.66666666666669,18.0,120,Evac Area 4
1,Vessel 6,1,Safe Area 1 Terminal,Evac Area 4 Beach,30.0,51.599999999999994,51.599999999999994,54.599999999999994,25.0,0,None
2,Vessel 6,2,Evac Area 4 Beach,Safe Area 3 Marina,54.599999999999994,72.6,72.6,75.6,25.0,12,Evac Area 4
1,Vessel 6,1,Safe Area 3 Marina,Evac Area 4 Dock,75.6,93.6,93.6,96.6,25.0,0,None
2,Vessel 6,2,Evac Area 4 Dock,Safe Area 2 Harbor,96.6,114.84,114.84,117.84,25.0,12,Evac Area 4
3,Vessel 6,3,Safe Area 2 Harbor,Evac Area 2 Marina,117.84,129.83999999999995,129.83999999999995,132.83999999999995,25.0,0,None
4,Vessel 6,4,Evac Area 2 Marina,Safe Area 2 Harbor,132.83999999999995,144.83999999999995,144.83999999999995,147.83999999999995,25.0,12,Evac Area 2
1,Vessel 1,1,Safe Area 1 Terminal,Evac Area 1 Ferry Terminal,120.0,134.0,134.0,144.0,12.0,0,None
2,Vessel 1,2,Evac Area 1 Ferry Terminal,Safe Area 1 Terminal,144.0,158.0,158.0,168.0,12.0,84,Evac Area 1
1,Vessel 2,1,Safe Area 3 Marina,Evac Area 4 Beach,154.72,172.72,172.72,175.72,25.0,0,None
2,Vessel 2,2,Evac Area 4 Beach,Safe Area 2 Harbor,175.72,193.95999999999998,193.95999999999998,196.95999999999998,25.0,12,Evac Area 4
3,Vessel 2,3,Safe Area 2 Harbor,Evac Area 2 Marina,196.95999999999998,208.95999999999998,208.95999999999998,211.95999999999998,25.0,0,None
4,Vessel 2,4,Evac Area 2 Marina,Safe Area 2 Harbor,211.95999999999998,223.95999999999998,223.95999999999998,226.95999999999998,25.0,12,Evac Area 2
5,Vessel 2,5,Safe Area 2 Harbor,Evac Area 2 Marina,226.95999999999998,238.95999999999998,238.95999999999998,241.95999999999998,25.0,0,None
6,Vessel 2,6,Evac Area 2 Marina,Safe Area 2 Harbor,241.95999999999998,253.95999999999998,253.95999999999998,256.96,25.0,12,Evac Area 2
7,Vessel 2,7,Safe Area 2 Harbor,Evac Area 2 Marina,256.96,268.96,268.96,271.96,25.0,0,None
8,Vessel 2,8,Evac Area 2 Marina,Safe Area 2 Harbor,271.96,283.96,283.96,286.96,25.0,12,Evac Area 2
9,Vessel 2,9,Safe Area 2 Harbor,Evac Area 2 Marina,286.96,298.96,298.96,301.96,25.0,0,None
10,Vessel 2,10,Evac Area 2 Marina,Safe Area 2 Harbor,301.96,313.96,313.96,316.96,25.0,12,Evac Area 2
11,Vessel 2,11,Safe Area 2 Harbor,Evac Area 2 Marina,316.96,328.96,328.96,331.96,25.0,0,None
12,Vessel 2,12,Evac Area 2 Marina,Safe Area 2 Harbor,331.96,343.96,343.96,346.96,25.0,12,Evac Area 2
1,Vessel 3,1,Safe Area 3 Marina,Evac Area 4 Dock,137.04,155.04,155.04,158.04,25.0,0,None
2,Vessel 3,2,Evac Area 4 Dock,Safe Area 2 Harbor,158.04,176.27999999999997,176.27999999999997,179.27999999999997,25.0,12,Evac Area 4
3,Vessel 3,3,Safe Area 2 Harbor,Evac Area 2 Marina,179.27999999999997,191.27999999999997,191.27999999999997,194.27999999999997,25.0,0,None
4,Vessel 3,4,Evac Area 2 Marina,Safe Area 2 Harbor,194.27999999999997,206.27999999999997,206.27999999999997,209.27999999999997,25.0,12,Evac Area 2
5,Vessel 3,5,Safe Area 2 Harbor,Evac Area 2 Marina,209.27999999999997,221.27999999999997,221.27999999999997,224.27999999999997,25.0,0,None
6,Vessel 3,6,Evac Area 2 Marina,Safe Area 2 Harbor,224.27999999999997,236.27999999999997,236.27999999999997,239.27999999999997,25.0,12,Evac Area 2
7,Vessel 3,7,Safe Area 2 Harbor,Evac Area 2 Marina,239.27999999999997,251.27999999999997,251.27999999999997,254.27999999999997,25.0,0,None
8,Vessel 3,8,Evac Area 2 Marina,Safe Area 2 Harbor,254.27999999999997,266.28,266.28,269.28,25.0,12,Evac Area 2
9,Vessel 3,9,Safe Area 2 Harbor,Evac Area 2 Marina,269.28,281.28,281.28,284.28,25.0,0,None
10,Vessel 3,10,Evac Area 2 Marina,Safe Area 2 Harbor,284.28,296.28,296.28,299.28,25.0,12,Evac Area 2
11,Vessel 3,11,Safe Area 2 Harbor,Evac Area 2 Marina,299.28,311.28,311.28,314.28,25.0,0,None
12,Vessel 3,12,Evac Area 2 Marina,Safe Area 2 Harbor,314.28,326.28,326.28,329.28,25.0,12,Evac Area 2
1,Vessel 4,1,Safe Area 3 Marina,Evac Area 4 Dock,136.24,154.24,154.24,159.24,25.0,0,None
2,Vessel 4,2,Evac Area 4 Dock,Safe Area 3 Marina,159.24,177.24,177.24,182.24,25.0,38,Evac Area 4
3,Vessel 4,3,Safe Area 3 Marina,Evac Area 4 Dock,182.24,200.24,200.24,205.24,25.0,0,None
4,Vessel 4,4,Evac Area 4 Dock,Safe Area 2 Harbor,205.24,223.48000000000002,223.48000000000002,228.48000000000002,25.0,28,Evac Area 4
5,Vessel 4,5,Safe Area 2 Harbor,Evac Area 2 Marina,228.48000000000002,240.48000000000002,240.48000000000002,245.48000000000002,25.0,0,None
6,Vessel 4,6,Evac Area 2 Marina,Safe Area 2 Harbor,245.48000000000002,257.48,257.48,262.48,25.0,38,Evac Area 2
7,Vessel 4,7,Safe Area 2 Harbor,Evac Area 2 Marina,262.48,274.48,274.48,279.48,25.0,0,None
8,Vessel 4,8,Evac Area 2 Marina,Safe Area 2 Harbor,279.48,291.48,291.48,296.48,25.0,38,Evac Area 2
9,Vessel 4,9,Safe Area 2 Harbor,Evac Area 2 Marina,296.48,308.48,308.48,313.48,25.0,0,None
10,Vessel 4,10,Evac Area 2 Marina,Safe Area 2 Harbor,313.48,325.48,325.48,330.48,25.0,38,Evac Area 2
11,Vessel 4,11,Safe Area 2 Harbor,Evac Area 2 Marina,330.48,342.48,342.48,347.48,25.0,0,None
12,Vessel 4,12,Evac Area 2 Marina,Safe Area 2 Harbor,347.48,359.48,359.48,364.48,25.0,38,Evac Area 2
1,Vessel 5,1,Safe Area 3 Marina,Evac Area 2 Marina,151.66666666666669,175.0,175.0,185.0,18.0,0,None
2,Vessel 5,2,Evac Area 2 Marina,Safe Area 2 Harbor,185.0,201.66666666666669,201.66666666666669,211.66666666666669,18.0,120,Evac Area 2
3,Vessel 5,3,Safe Area 2 Harbor,Evac Area 2 Marina,211.66666666666669,228.33333333333337,228.33333333333337,238.33333333333337,18.0,0,None
4,Vessel 5,4,Evac Area 2 Marina,Safe Area 2 Harbor,238.33333333333337,255.00000000000003,255.00000000000003,265.0,18.0,120,Evac Area 2
5,Vessel 5,5,Safe Area 2 Harbor,Evac Area 2 Marina,265.0,281.6666666666667,281.6666666666667,291.6666666666667,18.0,0,None
6,Vessel 5,6,Evac Area 2 Marina,Safe Area 2 Harbor,291.6666666666667,308.33333333333337,308.33333333333337,318.33333333333337,18.0,120,Evac Area 2
7,Vessel 5,7,Safe Area 2 Harbor,Evac Area 2 Marina,318.33333333333337,335.0,335.0,345.0,18.0,0,None
8,Vessel 5,8,Evac Area 2 Marina,Safe Area 2 Harbor,345.0,361.66666666666663,361.66666666666663,371.66666666666663,18.0,120,Evac Area 2
1,Vessel 6,1,Safe Area 2 Harbor,Evac Area 2 Marina,147.83999999999995,159.83999999999995,159.83999999999995,162.83999999999995,25.0,0,None
2,Vessel 6,2,Evac Area 2 Marina,Safe Area 2 Harbor,162.83999999999995,174.83999999999995,174.83999999999995,177.83999999999995,25.0,12,Evac Area 2
3,Vessel 6,3,Safe Area 2 Harbor,Evac Area 2 Marina,177.83999999999995,189.83999999999995,189.83999999999995,192.83999999999995,25.0,0,None
4,Vessel 6,4,Evac Area 2 Marina,Safe Area 2 Harbor,192.83999999999995,204.83999999999995,204.83999999999995,207.83999999999995,25.0,12,Evac Area 2
5,Vessel 6,5,Safe Area 2 Harbor,Evac Area 2 Marina,207.83999999999995,219.83999999999995,219.83999999999995,222.83999999999995,25.0,0,None
6,Vessel 6,6,Evac Area 2 Marina,Safe Area 2 Harbor,222.83999999999995,234.83999999999995,234.83999999999995,237.83999999999995,25.0,12,Evac Area 2
7,Vessel 6,7,Safe Area 2 Harbor,Evac Area 2 Marina,237.83999999999995,249.83999999999995,249.83999999999995,252.83999999999995,25.0,0,None
8,Vessel 6,8,Evac Area 2 Marina,Safe Area 2 Harbor,252.83999999999995,264.8399999999999,264.8399999999999,267.8399999999999,25.0,12,Evac Area 2
9,Vessel 6,9,Safe Area 2 Harbor,Evac Area 2 Marina,267.8399999999999,279.8399999999999,279.8399999999999,282.8399999999999,25.0,0,None
10,Vessel 6,10,Evac Area 2 Marina,Safe Area 2 Harbor,282.8399999999999,294.8399999999999,294.8399999999999,297.8399999999999,25.0,12,Evac Area 2
11,Vessel 6,11,Safe Area 2 Harbor,Evac Area 2 Marina,297.8399999999999,309.8399999999999,309.8399999999999,312.8399999999999,25.0,0,None
12,Vessel 6,12,Evac Area 2 Marina,Safe Area 2 Harbor,312.8399999999999,324.8399999999999,324.8399999999999,327.8399999999999,25.0,12,Evac Area 2
13,Vessel 6,13,Safe Area 2 Harbor,Evac Area 2 Marina,327.8399999999999,339.8399999999999,339.8399999999999,342.8399999999999,25.0,0,None
14,Vessel 6,14,Evac Area 2 Marina,Safe Area 2 Harbor,342.8399999999999,354.8399999999999,354.8399999999999,357.8399999999999,25.0,5,Evac Area 2
