segment_id,resource_id,route_segment_id,origin,destination,route_start_time,route_end_time,load_start_time,load_end_time,resource_speed,evacuees,evacuated_location
1,Vessel 1,1,Safe Area 1 Terminal,Evac Area 1 Ferry Terminal,10.0,24.0,24.0,34.0,12.0,0,None
2,Vessel 1,2,Evac Area 1 Ferry Terminal,Safe Area 1 Terminal,34.0,48.0,48.0,58.0,12.0,39,Evac Area 1
1,Vessel 2,1,Safe Area 2 Harbor,Evac Area 4 Beach,10.0,28.24,28.24,31.24,25.0,0,None
2,Vessel 2,2,Evac Area 4 Beach,Safe Area 2 Harbor,31.24,49.48,49.48,52.48,25.0,12,Evac Area 4
1,Vessel 4,1,Safe Area 1 Terminal,Evac Area 4 Dock,10.0,31.6,31.6,36.6,25.0,0,None
2,Vessel 4,2,Evac Area 4 Dock,Safe Area 2 Harbor,36.6,54.83999999999999,54.83999999999999,59.83999999999999,25.0,38,Evac Area 4
1,Vessel 1,1,Safe Area 1 Terminal,Evac Area 1 Ferry Terminal,58.0,72.0,72.0,82.0,12.0,0,None
2,Vessel 1,2,Evac Area 1 Ferry Terminal,Safe Area 1 Terminal,82.0,96.0,96.0,106.0,12.0,302,Evac Area 1
1,Vessel 2,1,Safe Area 2 Harbor,Evac Area 2 Marina,52.48,64.47999999999999,64.47999999999999,67.47999999999999,25.0,0,None
2,Vessel 2,2,Evac Area 2 Marina,Safe Area 2 Harbor,67.47999999999999,79.47999999999999,79.47999999999999,82.47999999999999,25.0,12,Evac Area 2
3,Vessel 2,3,Safe Area 2 Harbor,Evac Area 2 Marina,82.47999999999999,94.47999999999999,94.47999999999999,97.47999999999999,25.0,0,None
4,Vessel 2,4,Evac Area 2 Marina,Safe Area 2 Harbor,97.47999999999999,109.47999999999999,109.47999999999999,112.47999999999999,25.0,12,Evac Area 2
5,Vessel 2,5,Safe Area 2 Harbor,Evac Area 2 Marina,112.47999999999999,124.47999999999999,124.47999999999999,127.47999999999999,25.0,0,None
6,Vessel 2,6,Evac Area 2 Marina,Safe Area 2 Harbor,127.47999999999999,139.48,139.48,142.48,25.0,12,Evac Area 2
7,Vessel 2,7,Safe Area 2 Harbor,Evac Area 2 Marina,142.48,154.48,154.48,157.48,25.0,0,None
8,Vessel 2,8,Evac Area 2 Marina,Safe Area 2 Harbor,157.48,169.48,169.48,172.48,25.0,12,Evac Area 2
9,Vessel 2,9,Safe Area 2 Harbor,Evac Area 2 Marina,172.48,184.48,184.48,187.48,25.0,0,None
10,Vessel 2,10,Evac Area 2 Marina,Safe Area 2 Harbor,187.48,199.48,199.48,202.48,25.0,12,Evac Area 2
11,Vessel 2,11,Safe Area 2 Harbor,Evac Area 2 Marina,202.48,214.48,214.48,217.48,25.0,0,None
12,Vessel 2,12,Evac Area 2 Marina,Safe Area 2 Harbor,217.48,229.48,229.48,232.48,25.0,12,Evac Area 2
13,Vessel 2,13,Safe Area 2 Harbor,Evac Area 2 Marina,232.48,244.48,244.48,247.48,25.0,0,None
14,Vessel 2,14,Evac Area 2 Marina,Safe Area 2 Harbor,247.48,259.48,259.48,262.48,25.0,12,Evac Area 2
15,Vessel 2,15,Safe Area 2 Harbor,Evac Area 2 Marina,262.48,274.48,274.48,277.48,25.0,0,None
16,Vessel 2,16,Evac Area 2 Marina,Safe Area 2 Harbor,277.48,289.48,289.48,292.48,25.0,12,Evac Area 2
17,Vessel 2,17,Safe Area 2 Harbor,Evac Area 4 Beach,292.48,310.72,310.72,313.72,25.0,0,None
18,Vessel 2,18,Evac Area 4 Beach,Safe Area 3 Marina,313.72,331.72,331.72,334.72,25.0,10,Evac Area 4
19,Vessel 2,19,Safe Area 3 Marina,Evac Area 3 Dock,334.72,345.52000000000004,345.52000000000004,348.52000000000004,25.0,0,None
20,Vessel 2,20,Evac Area 3 Dock,Safe Area 3 Marina,348.52000000000004,359.32000000000005,359.32000000000005,362.32000000000005,25.0,8,Evac Area 3
1,Vessel 3,1,Safe Area 3 Marina,Evac Area 4 Dock,60.0,78.0,78.0,81.0,25.0,0,None
2,Vessel 3,2,Evac Area 4 Dock,Safe Area 3 Marina,81.0,99.0,99.0,102.0,25.0,12,Evac Area 4
3,Vessel 3,3,Safe Area 3 Marina,Evac Area 2 Marina,102.0,118.8,118.8,121.8,25.0,0,None
4,Vessel 3,4,Evac Area 2 Marina,Safe Area 2 Harbor,121.8,133.8,133.8,136.8,25.0,12,Evac Area 2
5,Vessel 3,5,Safe Area 2 Harbor,Evac Area 2 Marina,136.8,148.8,148.8,151.8,25.0,0,None
6,Vessel 3,6,Evac Area 2 Marina,Safe Area 2 Harbor,151.8,163.8,163.8,166.8,25.0,12,Evac Area 2
7,Vessel 3,7,Safe Area 2 Harbor,Evac Area 2 Marina,166.8,178.8,178.8,181.8,25.0,0,None
8,Vessel 3,8,Evac Area 2 Marina,Safe Area 2 Harbor,181.8,193.8,193.8,196.8,25.0,12,Evac Area 2
9,Vessel 3,9,Safe Area 2 Harbor,Evac Area 2 Marina,196.8,208.8,208.8,211.8,25.0,0,None
10,Vessel 3,10,Evac Area 2 Marina,Safe Area 2 Harbor,211.8,223.8,223.8,226.8,25.0,12,Evac Area 2
11,Vessel 3,11,Safe Area 2 Harbor,Evac Area 2 Marina,226.8,238.8,238.8,241.8,25.0,0,None
12,Vessel 3,12,Evac Area 2 Marina,Safe Area 2 Harbor,241.8,253.8,253.8,256.8,25.0,12,Evac Area 2
13,Vessel 3,13,Safe Area 2 Harbor,Evac Area 2 Marina,256.8,268.8,268.8,271.8,25.0,0,None
14,Vessel 3,14,Evac Area 2 Marina,Safe Area 2 Harbor,271.8,283.8,283.8,286.8,25.0,12,Evac Area 2
15,Vessel 3,15,Safe Area 2 Harbor,Evac Area 2 Marina,286.8,298.8,298.8,301.8,25.0,0,None
16,Vessel 3,16,Evac Area 2 Marina,Safe Area 2 Harbor,301.8,313.8,313.8,316.8,25.0,12,Evac Area 2
17,Vessel 3,17,Safe Area 2 Harbor,Evac Area 4 Beach,316.8,335.04,335.04,338.04,25.0,0,None
18,Vessel 3,18,Evac Area 4 Beach,Safe Area 2 Harbor,338.04,356.28000000000003,356.28000000000003,359.28000000000003,25.0,12,Evac Area 4
1,Vessel 4,1,Safe Area 2 Harbor,Evac Area 2 Marina,59.83999999999999,71.83999999999999,71.83999999999999,76.83999999999999,25.0,0,None
2,Vessel 4,2,Evac Area 2 Marina,Safe Area 3 Marina,76.83999999999999,93.63999999999999,93.63999999999999,98.63999999999999,25.0,38,Evac Area 2
3,Vessel 4,3,Safe Area 3 Marina,Evac Area 4 Dock,98.63999999999999,116.63999999999999,116.63999999999999,121.63999999999999,25.0,0,None
4,Vessel 4,4,Evac Area 4 Dock,Safe Area 2 Harbor,121.63999999999999,139.88,139.88,144.88,25.0,38,Evac Area 4
5,Vessel 4,5,Safe Area 2 Harbor,Evac Area 2 Marina,144.88,156.88,156.88,161.88,25.0,0,None
6,Vessel 4,6,Evac Area 2 Marina,Safe Area 2 Harbor,161.88,173.88,173.88,178.88,25.0,38,Evac Area 2
7,Vessel 4,7,Safe Area 2 Harbor,Evac Area 2 Marina,178.88,190.88,190.88,195.88,25.0,0,None
8,Vessel 4,8,Evac Area 2 Marina,Safe Area 2 Harbor,195.88,207.88,207.88,212.88,25.0,38,Evac Area 2
9,Vessel 4,9,Safe Area 2 Harbor,Evac Area 2 Marina,212.88,224.88,224.88,229.88,25.0,0,None
10,Vessel 4,10,Evac Area 2 Marina,Safe Area 2 Harbor,229.88,241.88,241.88,246.88,25.0,38,Evac Area 2
11,Vessel 4,11,Safe Area 2 Harbor,Evac Area 4 Dock,246.88,265.12,265.12,270.12,25.0,0,None
12,Vessel 4,12,Evac Area 4 Dock,Safe Area 2 Harbor,270.12,288.36,288.36,293.36,25.0,38,Evac Area 4
13,Vessel 4,13,Safe Area 2 Harbor,Evac Area 2 Marina,293.36,305.36,305.36,310.36,25.0,0,None
14,Vessel 4,14,Evac Area 2 Marina,Safe Area 2 Harbor,310.36,322.36,322.36,327.36,25.0,38,Evac Area 2
15,Vessel 4,15,Safe Area 2 Harbor,Evac Area 2 Marina,327.36,339.36,339.36,344.36,25.0,0,None
16,Vessel 4,16,Evac Area 2 Marina,Safe Area 2 Harbor,344.36,356.36,356.36,361.36,25.0,38,Evac Area 2
1,Vessel 5,1,Safe Area 1 Terminal,Evac Area 4 Dock,30.0,60.0,60.0,70.0,18.0,0,None
2,Vessel 5,2,Evac Area 4 Dock,Safe Area 2 Harbor,70.0,95.33333333333333,95.33333333333333,105.33333333333333,18.0,120,Evac Area 4
3,Vessel 5,3,Safe Area 2 Harbor,Evac Area 2 Marina,105.33333333333333,122.0,122.0,132.0,18.0,0,None
4,Vessel 5,4,Evac Area 2 Marina,Safe Area 2 Harbor,132.0,148.66666666666666,148.66666666666666,158.66666666666666,18.0,120,Evac Area 2
5,Vessel 5,5,Safe Area 2 Harbor,Evac Area 2 Marina,158.66666666666666,175.33333333333331,175.33333333333331,185.33333333333331,18.0,0,None
6,Vessel 5,6,Evac Area 2 Marina,Safe Area 2 Harbor,185.33333333333331,201.99999999999997,201.99999999999997,211.99999999999997,18.0,120,Evac Area 2
7,Vessel 5,7,Safe Area 2 Harbor,Evac Area 2 Marina,211.99999999999997,228.66666666666663,228.66666666666663,238.66666666666663,18.0,0,None
8,Vessel 5,8,Evac Area 2 Marina,Safe Area 2 Harbor,238.66666666666663,255.3333333333333,255.3333333333333,265.33333333333326,18.0,120,Evac Area 2
9,Vessel 5,9,Safe Area 2 Harbor,Evac Area 2 Marina,265.33333333333326,281.99999999999994,281.99999999999994,291.99999999999994,18.0,0,None
10,Vessel 5,10,Evac Area 2 Marina,Safe Area 2 Harbor,291.99999999999994,308.66666666666663,308.66666666666663,318.66666666666663,18.0,120,Evac Area 2
1,Vessel 6,1,Safe Area 1 Terminal,Evac Area 3 Dock,30.0,42.0,42.0,45.0,25.0,0,None
2,Vessel 6,2,Evac Area 3 Dock,Safe Area 3 Marina,45.0,55.8,55.8,58.8,25.0,12,Evac Area 3
3,Vessel 6,3,Safe Area 3 Marina,Evac Area 3 Dock,58.8,69.6,69.6,72.6,25.0,0,None
4,Vessel 6,4,Evac Area 3 Dock,Safe Area 3 Marina,72.6,83.39999999999999,83.39999999999999,86.39999999999999,25.0,5,Evac Area 3
5,Vessel 6,5,Safe Area 3 Marina,Evac Area 2 Marina,86.39999999999999,103.19999999999999,103.19999999999999,106.19999999999999,25.0,0,None
6,Vessel 6,6,Evac Area 2 Marina,Safe Area 2 Harbor,106.19999999999999,118.19999999999999,118.19999999999999,121.19999999999999,25.0,12,Evac Area 2
7,Vessel 6,7,Safe Area 2 Harbor,Evac Area 2 Marina,121.19999999999999,133.2,133.2,136.2,25.0,0,None
8,Vessel 6,8,Evac Area 2 Marina,Safe Area 2 Harbor,136.2,148.2,148.2,151.2,25.0,12,Evac Area 2
9,Vessel 6,9,Safe Area 2 Harbor,Evac Area 2 Marina,151.2,163.2,163.2,166.2,25.0,0,None
10,Vessel 6,10,Evac Area 2 Marina,Safe Area 2 Harbor,166.2,178.2,178.2,181.2,25.0,12,Evac Area 2
11,Vessel 6,11,Safe Area 2 Harbor,Evac Area 2 Marina,181.2,193.2,193.2,196.2,25.0,0,None
12,Vessel 6,12,Evac Area 2 Marina,Safe Area 2 Harbor,196.2,208.2,208.2,211.2,25.0,12,Evac Area 2
13,Vessel 6,13,Safe Area 2 Harbor,Evac Area 2 Marina,211.2,223.2,223.2,226.2,25.0,0,None
14,Vessel 6,14,Evac Area 2 Marina,Safe Area 2 Harbor,226.2,238.2,238.2,241.2,25.0,12,Evac Area 2
15,Vessel 6,15,Safe Area 2 Harbor,Evac Area 2 Marina,241.2,253.2,253.2,256.2,25.0,0,None
16,Vessel 6,16,Evac Area 2 Marina,Safe Area 2 Harbor,256.2,268.2,268.2,271.2,25.0,12,Evac Area 2
17,Vessel 6,17,Safe Area 2 Harbor,Evac Area 2 Marina,271.2,283.2,283.2,286.2,25.0,0,None
18,Vessel 6,18,Evac Area 2 Marina,Safe Area 2 Harbor,286.2,298.2,298.2,301.2,25.0,12,Evac Area 2
19,Vessel 6,19,Safe Area 2 Harbor,Evac Area 2 Marina,301.2,313.2,313.2,316.2,25.0,0,None
20,Vessel 6,20,Evac Area 2 Marina,Safe Area 2 Harbor,316.2,328.2,328.2,331.2,25.0,12,Evac Area 2
21,Vessel 6,21,Safe Area 2 Harbor,Evac Area 2 Marina,331.2,343.2,343.2,346.2,25.0,0,None
22,Vessel 6,22,Evac Area 2 Marina,Safe Area 2 Harbor,346.2,358.2,358.2,361.2,25.0,10,Evac Area 2
