segment_id,resource_id,route_segment_id,origin,destination,route_start_time,route_end_time,load_start_time,load_end_time,resource_speed,evacuees,evacuated_location
1,Vessel 1,1,Safe Area 1 Terminal,Evac Area 1 Ferry Terminal,10.0,24.0,24.0,34.0,12.0,0,None
2,Vessel 1,2,Evac Area 1 Ferry Terminal,Safe Area 1 Terminal,34.0,48.0,48.0,58.0,12.0,39,Evac Area 1
1,Vessel 2,1,Safe Area 2 Harbor,Evac Area 4 Beach,10.0,28.24,28.24,31.24,25.0,0,None
2,Vessel 2,2,Evac Area 4 Beach,Safe Area 2 Harbor,31.24,49.48,49.48,52.48,25.0,12,Evac Area 4
1,Vessel 4,1,Safe Area 1 Terminal,Evac Area 4 Dock,10.0,31.6,31.6,36.6,25.0,0,None
2,Vessel 4,2,Evac Area 4 Dock,Safe Area 2 Harbor,36.6,54.83999999999999,54.83999999999999,59.83999999999999,25.0,38,Evac Area 4
1,Vessel 5,1,Safe Area 1 Terminal,Evac Area 4 Dock,30.0,60.0,60.0,70.0,18.0,0,None
2,Vessel 5,2,Evac Area 4 Dock,Safe Area 2 Harbor,70.0,95.33333333333331,95.33333333333331,105.33333333333331,18.0,120,Evac Area 4
1,Vessel 6,1,Safe Area 1 Terminal,Evac Area 3 Dock,30.0,42.0,42.0,45.0,25.0,0,None
2,Vessel 6,2,Evac Area 3 Dock,Safe Area 3 Marina,45.0,55.8,55.8,58.8,25.0,12,Evac Area 3
1,Vessel 1,1,Safe Area 1 Terminal,Evac Area 1 Ferry Terminal,58.0,72.0,72.0,82.0,12.0,0,None
2,Vessel 1,2,Evac Area 1 Ferry Terminal,Safe Area 1 Terminal,82.0,96.0,96.0,106.0,12.0,35,Evac Area 1
3,Vessel 1,3,Safe Area 1 Terminal,Evac Area 1 Ferry Terminal,106.0,120.0,120.0,130.0,12.0,0,None
4,Vessel 1,4,Evac Area 1 Ferry Terminal,Safe Area 1 Terminal,130.0,144.0,144.0,154.0,12.0,457,Evac Area 1
1,Vessel 2,1,Safe Area 2 Harbor,Evac Area 2 Marina,52.48,64.47999999999999,64.47999999999999,67.47999999999999,25.0,0,None
2,Vessel 2,2,Evac Area 2 Marina,Safe Area 2 Harbor,67.47999999999999,79.47999999999999,79.47999999999999,82.47999999999999,25.0,12,Evac Area 2
3,Vessel 2,3,Safe Area 2 Harbor,Evac Area 2 Marina,82.47999999999999,94.47999999999999,94.47999999999999,97.47999999999999,25.0,0,None
4,Vessel 2,4,Evac Area 2 Marina,Safe Area 2 Harbor,97.47999999999999,109.47999999999999,109.47999999999999,112.47999999999999,25.0,12,Evac Area 2
5,Vessel 2,5,Safe Area 2 Harbor,Evac Area 2 Marina,112.47999999999999,124.47999999999999,124.47999999999999,127.47999999999999,25.0,0,None
6,Vessel 2,6,Evac Area 2 Marina,Safe Area 2 Harbor,127.47999999999999,139.48,139.48,142.48,25.0,12,Evac Area 2
7,Vessel 2,7,Safe Area 2 Harbor,Evac Area 2 Marina,142.48,154.48,154.48,157.48,25.0,0,None
8,Vessel 2,8,Evac Area 2 Marina,Safe Area 2 Harbor,157.48,169.48,169.48,172.48,25.0,12,Evac Area 2
9,Vessel 2,9,Safe Area 2 Harbor,Evac Area 2 Marina,172.48,184.48,184.48,187.48,25.0,0,None
10,Vessel 2,10,Evac Area 2 Marina,Safe Area 2 Harbor,187.48,199.48,199.48,202.48,25.0,12,Evac Area 2
11,Vessel 2,11,Safe Area 2 Harbor,Evac Area 2 Marina,202.48,214.48,214.48,217.48,25.0,0,None
12,Vessel 2,12,Evac Area 2 Marina,Safe Area 2 Harbor,217.48,229.48,229.48,232.48,25.0,12,Evac Area 2
13,Vessel 2,13,Safe Area 2 Harbor,Evac Area 2 Marina,232.48,244.48,244.48,247.48,25.0,0,None
14,Vessel 2,14,Evac Area 2 Marina,Safe Area 2 Harbor,247.48,259.48,259.48,262.48,25.0,12,Evac Area 2
15,Vessel 2,15,Safe Area 2 Harbor,Evac Area 2 Marina,262.48,274.48,274.48,277.48,25.0,0,None
16,Vessel 2,16,Evac Area 2 Marina,Safe Area 2 Harbor,277.48,289.48,289.48,292.48,25.0,1,Evac Area 2
1,Vessel 3,1,Safe Area 3 Marina,Evac Area 3 Dock,60.0,70.8,70.8,73.8,25.0,0,None
2,Vessel 3,2,Evac Area 3 Dock,Safe Area 3 Marina,73.8,84.6,84.6,87.6,25.0,12,Evac Area 3
3,Vessel 3,3,Safe Area 3 Marina,Evac Area 4 Dock,87.6,105.6,105.6,108.6,25.0,0,None
4,Vessel 3,4,Evac Area 4 Dock,Safe Area 2 Harbor,108.6,126.83999999999999,126.83999999999999,129.83999999999997,25.0,12,Evac Area 4
5,Vessel 3,5,Safe Area 2 Harbor,Evac Area 2 Marina,129.83999999999997,141.83999999999997,141.83999999999997,144.83999999999997,25.0,0,None
6,Vessel 3,6,Evac Area 2 Marina,Safe Area 2 Harbor,144.83999999999997,156.83999999999997,156.83999999999997,159.83999999999997,25.0,12,Evac Area 2
7,Vessel 3,7,Safe Area 2 Harbor,Evac Area 2 Marina,159.83999999999997,171.83999999999997,171.83999999999997,174.83999999999997,25.0,0,None
8,Vessel 3,8,Evac Area 2 Marina,Safe Area 2 Harbor,174.83999999999997,186.83999999999997,186.83999999999997,189.83999999999997,25.0,12,Evac Area 2
9,Vessel 3,9,Safe Area 2 Harbor,Evac Area 2 Marina,189.83999999999997,201.83999999999997,201.83999999999997,204.83999999999997,25.0,0,None
10,Vessel 3,10,Evac Area 2 Marina,Safe Area 2 Harbor,204.83999999999997,216.83999999999997,216.83999999999997,219.83999999999997,25.0,12,Evac Area 2
11,Vessel 3,11,Safe Area 2 Harbor,Evac Area 2 Marina,219.83999999999997,231.83999999999997,231.83999999999997,234.83999999999997,25.0,0,None
12,Vessel 3,12,Evac Area 2 Marina,Safe Area 2 Harbor,234.83999999999997,246.83999999999997,246.83999999999997,249.83999999999997,25.0,12,Evac Area 2
13,Vessel 3,13,Safe Area 2 Harbor,Evac Area 2 Marina,249.83999999999997,261.84,261.84,264.84,25.0,0,None
14,Vessel 3,14,Evac Area 2 Marina,Safe Area 2 Harbor,264.84,276.84,276.84,279.84,25.0,12,Evac Area 2
1,Vessel 4,1,Safe Area 2 Harbor,Evac Area 2 Marina,59.83999999999999,71.83999999999999,71.83999999999999,76.83999999999999,25.0,0,None
2,Vessel 4,2,Evac Area 2 Marina,Safe Area 2 Harbor,76.83999999999999,88.83999999999999,88.83999999999999,93.83999999999999,25.0,38,Evac Area 2
3,Vessel 4,3,Safe Area 2 Harbor,Evac Area 2 Marina,93.83999999999999,105.83999999999999,105.83999999999999,110.83999999999999,25.0,0,None
4,Vessel 4,4,Evac Area 2 Marina,Safe Area 2 Harbor,110.83999999999999,122.83999999999999,122.83999999999999,127.83999999999999,25.0,38,Evac Area 2
5,Vessel 4,5,Safe Area 2 Harbor,Evac Area 2 Marina,127.83999999999999,139.83999999999997,139.83999999999997,144.83999999999997,25.0,0,None
6,Vessel 4,6,Evac Area 2 Marina,Safe Area 2 Harbor,144.83999999999997,156.83999999999997,156.83999999999997,161.83999999999997,25.0,38,Evac Area 2
7,Vessel 4,7,Safe Area 2 Harbor,Evac Area 2 Marina,161.83999999999997,173.83999999999997,173.83999999999997,178.83999999999997,25.0,0,None
8,Vessel 4,8,Evac Area 2 Marina,Safe Area 2 Harbor,178.83999999999997,190.83999999999997,190.83999999999997,195.83999999999997,25.0,38,Evac Area 2
9,Vessel 4,9,Safe Area 2 Harbor,Evac Area 4 Dock,195.83999999999997,214.07999999999998,214.07999999999998,219.07999999999998,25.0,0,None
10,Vessel 4,10,Evac Area 4 Dock,Safe Area 3 Marina,219.07999999999998,237.07999999999998,237.07999999999998,242.07999999999998,25.0,38,Evac Area 4
11,Vessel 4,11,Safe Area 3 Marina,Evac Area 4 Dock,242.07999999999998,260.08,260.08,265.08,25.0,0,None
12,Vessel 4,12,Evac Area 4 Dock,Safe Area 3 Marina,265.08,283.08,283.08,288.08,25.0,38,Evac Area 4
1,Vessel 5,1,Safe Area 2 Harbor,Evac Area 2 Marina,105.33333333333331,121.99999999999999,121.99999999999999,132.0,18.0,0,None
2,Vessel 5,2,Evac Area 2 Marina,Safe Area 2 Harbor,132.0,148.66666666666666,148.66666666666666,158.66666666666666,18.0,120,Evac Area 2
3,Vessel 5,3,Safe Area 2 Harbor,Evac Area 2 Marina,158.66666666666666,175.33333333333331,175.33333333333331,185.33333333333331,18.0,0,None
4,Vessel 5,4,Evac Area 2 Marina,Safe Area 3 Marina,185.33333333333331,208.66666666666666,208.66666666666666,218.66666666666666,18.0,120,Evac Area 2
5,Vessel 5,5,Safe Area 3 Marina,Evac Area 2 Marina,218.66666666666666,242.0,242.0,252.0,18.0,0,None
6,Vessel 5,6,Evac Area 2 Marina,Safe Area 2 Harbor,252.0,268.66666666666663,268.66666666666663,278.66666666666663,18.0,120,Evac Area 2
1,Vessel 6,1,Safe Area 3 Marina,Evac Area 3 Dock,58.8,69.6,69.6,72.6,25.0,0,None
2,Vessel 6,2,Evac Area 3 Dock,Safe Area 3 Marina,72.6,83.39999999999999,83.39999999999999,86.39999999999999,25.0,8,Evac Area 3
3,Vessel 6,3,Safe Area 3 Marina,Evac Area 4 Beach,86.39999999999999,104.39999999999999,104.39999999999999,107.39999999999999,25.0,0,None
4,Vessel 6,4,Evac Area 4 Beach,Safe Area 2 Harbor,107.39999999999999,125.63999999999999,125.63999999999999,128.64,25.0,12,Evac Area 4
5,Vessel 6,5,Safe Area 2 Harbor,Evac Area 2 Marina,128.64,140.64,140.64,143.64,25.0,0,None
6,Vessel 6,6,Evac Area 2 Marina,Safe Area 2 Harbor,143.64,155.64,155.64,158.64,25.0,12,Evac Area 2
7,Vessel 6,7,Safe Area 2 Harbor,Evac Area 2 Marina,158.64,170.64,170.64,173.64,25.0,0,None
8,Vessel 6,8,Evac Area 2 Marina,Safe Area 2 Harbor,173.64,185.64,185.64,188.64,25.0,12,Evac Area 2
9,Vessel 6,9,Safe Area 2 Harbor,Evac Area 2 Marina,188.64,200.64,200.64,203.64,25.0,0,None
10,Vessel 6,10,Evac Area 2 Marina,Safe Area 2 Harbor,203.64,215.64,215.64,218.64,25.0,12,Evac Area 2
11,Vessel 6,11,Safe Area 2 Harbor,Evac Area 2 Marina,218.64,230.64,230.64,233.64,25.0,0,None
12,Vessel 6,12,Evac Area 2 Marina,Safe Area 2 Harbor,233.64,245.64,245.64,248.64,25.0,12,Evac Area 2
13,Vessel 6,13,Safe Area 2 Harbor,Evac Area 2 Marina,248.64,260.64,260.64,263.64,25.0,0,None
14,Vessel 6,14,Evac Area 2 Marina,Safe Area 2 Harbor,263.64,275.64,275.64,278.64,25.0,12,Evac Area 2
