segment_id,resource_id,route_segment_id,origin,destination,route_start_time,route_end_time,load_start_time,load_end_time,resource_speed,evacuees,evacuated_location
1,Vessel 1,1,Safe Area 1 Terminal,Evac Area 1 Ferry Terminal,10.0,24.0,24.0,34.0,12.0,0,None
2,Vessel 1,2,Evac Area 1 Ferry Terminal,Safe Area 1 Terminal,34.0,48.0,48.0,58.0,12.0,39,Evac Area 1
1,Vessel 1,1,Safe Area 1 Terminal,Evac Area 1 Ferry Terminal,58.0,72.0,72.0,82.0,12.0,0,None
2,Vessel 1,2,Evac Area 1 Ferry Terminal,Safe Area 1 Terminal,82.0,96.0,96.0,106.0,12.0,35,Evac Area 1
1,Vessel 2,1,Safe Area 2 Harbor,Evac Area 4 Beach,10.0,28.24,28.24,31.24,25.0,0,None
2,Vessel 2,2,Evac Area 4 Beach,Safe Area 2 Harbor,31.24,49.48,49.48,52.48,25.0,12,Evac Area 4
1,Vessel 2,1,Safe Area 2 Harbor,Evac Area 2 Marina,52.48,64.47999999999999,64.47999999999999,67.47999999999999,25.0,0,None
2,Vessel 2,2,Evac Area 2 Marina,Safe Area 2 Harbor,67.47999999999999,79.47999999999999,79.47999999999999,82.47999999999999,25.0,12,Evac Area 2
1,Vessel 3,1,Safe Area 3 Marina,Evac Area 3 Dock,60.0,70.8,70.8,73.8,25.0,0,None
2,Vessel 3,2,Evac Area 3 Dock,Safe Area 3 Marina,73.8,84.6,84.6,87.6,25.0,12,Evac Area 3
1,Vessel 4,1,Safe Area 1 Terminal,Evac Area 4 Dock,10.0,31.6,31.6,36.6,25.0,0,None
2,Vessel 4,2,Evac Area 4 Dock,Safe Area 2 Harbor,36.6,54.83999999999999,54.83999999999999,59.83999999999999,25.0,38,Evac Area 4
1,Vessel 4,1,Safe Area 2 Harbor,Evac Area 2 Marina,59.83999999999999,71.83999999999999,71.83999999999999,76.83999999999999,25.0,0,None
2,Vessel 4,2,Evac Area 2 Marina,Safe Area 2 Harbor,76.83999999999999,88.83999999999999,88.83999999999999,93.84,25.0,38,Evac Area 2
1,Vessel 5,1,Safe Area 1 Terminal,Evac Area 4 Dock,30.0,60.0,60.0,70.0,18.0,0,None
2,Vessel 5,2,Evac Area 4 Dock,Safe Area 2 Harbor,70.0,95.33333333333331,95.33333333333331,105.33333333333331,18.0,120,Evac Area 4
1,Vessel 6,1,Safe Area 1 Terminal,Evac Area 3 Dock,30.0,42.0,42.0,45.0,25.0,0,None
2,Vessel 6,2,Evac Area 3 Dock,Safe Area 3 Marina,45.0,55.8,55.8,58.8,25.0,12,Evac Area 3
1,Vessel 6,1,Safe Area 3 Marina,Evac Area 3 Dock,58.8,69.6,69.6,72.6,25.0,0,None
2,Vessel 6,2,Evac Area 3 Dock,Safe Area 3 Marina,72.6,83.39999999999999,83.39999999999999,86.39999999999999,25.0,8,Evac Area 3
1,Vessel 1,1,Safe Area 1 Terminal,Evac Area 1 Ferry Terminal,106.0,120.0,120.0,130.0,12.0,0,None
2,Vessel 1,2,Evac Area 1 Ferry Terminal,Safe Area 1 Terminal,130.0,144.0,144.0,154.0,12.0,312,Evac Area 1
1,Vessel 2,1,Safe Area 2 Harbor,Evac Area 2 Marina,82.47999999999999,94.47999999999999,94.47999999999999,97.47999999999999,25.0,0,None
2,Vessel 2,2,Evac Area 2 Marina,Safe Area 2 Harbor,97.47999999999999,109.47999999999999,109.47999999999999,112.47999999999999,25.0,12,Evac Area 2
3,Vessel 2,3,Safe Area 2 Harbor,Evac Area 2 Marina,112.47999999999999,124.47999999999999,124.47999999999999,127.47999999999999,25.0,0,None
4,Vessel 2,4,Evac Area 2 Marina,Safe Area 2 Harbor,127.47999999999999,139.48,139.48,142.48,25.0,12,Evac Area 2
5,Vessel 2,5,Safe Area 2 Harbor,Evac Area 2 Marina,142.48,154.48,154.48,157.48,25.0,0,None
6,Vessel 2,6,Evac Area 2 Marina,Safe Area 2 Harbor,157.48,169.48,169.48,172.48,25.0,12,Evac Area 2
7,Vessel 2,7,Safe Area 2 Harbor,Evac Area 2 Marina,172.48,184.48,184.48,187.48,25.0,0,None
8,Vessel 2,8,Evac Area 2 Marina,Safe Area 2 Harbor,187.48,199.48,199.48,202.48,25.0,12,Evac Area 2
9,Vessel 2,9,Safe Area 2 Harbor,Evac Area 4 Dock,202.48,220.72,220.72,223.72,25.0,0,None
10,Vessel 2,10,Evac Area 4 Dock,Safe Area 2 Harbor,223.72,241.96,241.96,244.96,25.0,12,Evac Area 4
11,Vessel 2,11,Safe Area 2 Harbor,Evac Area 4 Beach,244.96,263.20000000000005,263.20000000000005,266.20000000000005,25.0,0,None
12,Vessel 2,12,Evac Area 4 Beach,Safe Area 3 Marina,266.20000000000005,284.20000000000005,284.20000000000005,287.20000000000005,25.0,12,Evac Area 4
13,Vessel 2,13,Safe Area 3 Marina,Evac Area 4 Beach,287.20000000000005,305.20000000000005,305.20000000000005,308.20000000000005,25.0,0,None
14,Vessel 2,14,Evac Area 4 Beach,Safe Area 2 Harbor,308.20000000000005,326.44,326.44,329.44,25.0,8,Evac Area 4
1,Vessel 3,1,Safe Area 3 Marina,Evac Area 4 Dock,87.6,105.6,105.6,108.6,25.0,0,None
2,Vessel 3,2,Evac Area 4 Dock,Safe Area 3 Marina,108.6,126.6,126.6,129.6,25.0,10,Evac Area 4
3,Vessel 3,3,Safe Area 3 Marina,Evac Area 4 Beach,129.6,147.6,147.6,150.6,25.0,0,None
4,Vessel 3,4,Evac Area 4 Beach,Safe Area 2 Harbor,150.6,168.83999999999997,168.83999999999997,171.83999999999997,25.0,12,Evac Area 4
5,Vessel 3,5,Safe Area 2 Harbor,Evac Area 2 Marina,171.83999999999997,183.83999999999997,183.83999999999997,186.83999999999997,25.0,0,None
6,Vessel 3,6,Evac Area 2 Marina,Safe Area 2 Harbor,186.83999999999997,198.83999999999997,198.83999999999997,201.83999999999997,25.0,12,Evac Area 2
7,Vessel 3,7,Safe Area 2 Harbor,Evac Area 2 Marina,201.83999999999997,213.83999999999997,213.83999999999997,216.83999999999997,25.0,0,None
8,Vessel 3,8,Evac Area 2 Marina,Safe Area 2 Harbor,216.83999999999997,228.83999999999997,228.83999999999997,231.83999999999997,25.0,12,Evac Area 2
9,Vessel 3,9,Safe Area 2 Harbor,Evac Area 2 Marina,231.83999999999997,243.83999999999997,243.83999999999997,246.83999999999997,25.0,0,None
10,Vessel 3,10,Evac Area 2 Marina,Safe Area 2 Harbor,246.83999999999997,258.84,258.84,261.84,25.0,12,Evac Area 2
11,Vessel 3,11,Safe Area 2 Harbor,Evac Area 2 Marina,261.84,273.84,273.84,276.84,25.0,0,None
12,Vessel 3,12,Evac Area 2 Marina,Safe Area 2 Harbor,276.84,288.84,288.84,291.84,25.0,12,Evac Area 2
13,Vessel 3,13,Safe Area 2 Harbor,Evac Area 2 Marina,291.84,303.84,303.84,306.84,25.0,0,None
14,Vessel 3,14,Evac Area 2 Marina,Safe Area 2 Harbor,306.84,318.84,318.84,321.84,25.0,12,Evac Area 2
1,Vessel 4,1,Safe Area 2 Harbor,Evac Area 2 Marina,93.84,105.84,105.84,110.84,25.0,0,None
2,Vessel 4,2,Evac Area 2 Marina,Safe Area 2 Harbor,110.84,122.84,122.84,127.84,25.0,38,Evac Area 2
3,Vessel 4,3,Safe Area 2 Harbor,Evac Area 2 Marina,127.84,139.84,139.84,144.84,25.0,0,None
4,Vessel 4,4,Evac Area 2 Marina,Safe Area 2 Harbor,144.84,156.84,156.84,161.84,25.0,32,Evac Area 2
5,Vessel 4,5,Safe Area 2 Harbor,Evac Area 2 Marina,161.84,173.84,173.84,178.84,25.0,0,None
6,Vessel 4,6,Evac Area 2 Marina,Safe Area 2 Harbor,178.84,190.84,190.84,195.84,25.0,38,Evac Area 2
7,Vessel 4,7,Safe Area 2 Harbor,Evac Area 4 Dock,195.84,214.08,214.08,219.08,25.0,0,None
8,Vessel 4,8,Evac Area 4 Dock,Safe Area 3 Marina,219.08,237.08,237.08,242.08,25.0,38,Evac Area 4
9,Vessel 4,9,Safe Area 3 Marina,Evac Area 4 Dock,242.08,260.08000000000004,260.08000000000004,265.08000000000004,25.0,0,None
10,Vessel 4,10,Evac Area 4 Dock,Safe Area 2 Harbor,265.08000000000004,283.32000000000005,283.32000000000005,288.32000000000005,25.0,38,Evac Area 4
11,Vessel 4,11,Safe Area 2 Harbor,Evac Area 2 Marina,288.32000000000005,300.32000000000005,300.32000000000005,305.32000000000005,25.0,0,None
12,Vessel 4,12,Evac Area 2 Marina,Safe Area 2 Harbor,305.32000000000005,317.32000000000005,317.32000000000005,322.32000000000005,25.0,38,Evac Area 2
1,Vessel 5,1,Safe Area 2 Harbor,Evac Area 2 Marina,105.33333333333331,121.99999999999999,121.99999999999999,132.0,18.0,0,None
2,Vessel 5,2,Evac Area 2 Marina,Safe Area 2 Harbor,132.0,148.66666666666666,148.66666666666666,158.66666666666666,18.0,120,Evac Area 2
3,Vessel 5,3,Safe Area 2 Harbor,Evac Area 2 Marina,158.66666666666666,175.33333333333331,175.33333333333331,185.33333333333331,18.0,0,None
4,Vessel 5,4,Evac Area 2 Marina,Safe Area 2 Harbor,185.33333333333331,202.0,202.0,212.0,18.0,120,Evac Area 2
5,Vessel 5,5,Safe Area 2 Harbor,Evac Area 2 Marina,212.0,228.66666666666666,228.66666666666666,238.66666666666666,18.0,0,None
6,Vessel 5,6,Evac Area 2 Marina,Safe Area 2 Harbor,238.66666666666666,255.33333333333331,255.33333333333331,265.3333333333333,18.0,120,Evac Area 2
7,Vessel 5,7,Safe Area 2 Harbor,Evac Area 2 Marina,265.3333333333333,282.0,282.0,292.0,18.0,0,None
8,Vessel 5,8,Evac Area 2 Marina,Safe Area 2 Harbor,292.0,308.66666666666663,308.66666666666663,318.66666666666663,18.0,120,Evac Area 2
1,Vessel 6,1,Safe Area 3 Marina,Evac Area 2 Marina,86.39999999999999,103.19999999999999,103.19999999999999,106.19999999999999,25.0,0,None
2,Vessel 6,2,Evac Area 2 Marina,Safe Area 2 Harbor,106.19999999999999,118.19999999999999,118.19999999999999,121.19999999999999,25.0,12,Evac Area 2
3,Vessel 6,3,Safe Area 2 Harbor,Evac Area 2 Marina,121.19999999999999,133.2,133.2,136.2,25.0,0,None
4,Vessel 6,4,Evac Area 2 Marina,Safe Area 2 Harbor,136.2,148.2,148.2,151.2,25.0,12,Evac Area 2
5,Vessel 6,5,Safe Area 2 Harbor,Evac Area 2 Marina,151.2,163.2,163.2,166.2,25.0,0,None
6,Vessel 6,6,Evac Area 2 Marina,Safe Area 2 Harbor,166.2,178.2,178.2,181.2,25.0,12,Evac Area 2
7,Vessel 6,7,Safe Area 2 Harbor,Evac Area 2 Marina,181.2,193.2,193.2,196.2,25.0,0,None
8,Vessel 6,8,Evac Area 2 Marina,Safe Area 2 Harbor,196.2,208.2,208.2,211.2,25.0,12,Evac Area 2
9,Vessel 6,9,Safe Area 2 Harbor,Evac Area 2 Marina,211.2,223.2,223.2,226.2,25.0,0,None
10,Vessel 6,10,Evac Area 2 Marina,Safe Area 2 Harbor,226.2,238.2,238.2,241.2,25.0,12,Evac Area 2
11,Vessel 6,11,Safe Area 2 Harbor,Evac Area 2 Marina,241.2,253.2,253.2,256.2,25.0,0,None
12,Vessel 6,12,Evac Area 2 Marina,Safe Area 2 Harbor,256.2,268.2,268.2,271.2,25.0,12,Evac Area 2
13,Vessel 6,13,Safe Area 2 Harbor,Evac Area 2 Marina,271.2,283.2,283.2,286.2,25.0,0,None
14,Vessel 6,14,Evac Area 2 Marina,Safe Area 2 Harbor,286.2,298.2,298.2,301.2,25.0,12,Evac Area 2
15,Vessel 6,15,Safe Area 2 Harbor,Evac Area 2 Marina,301.2,313.2,313.2,316.2,25.0,0,None
16,Vessel 6,16,Evac Area 2 Marina,Safe Area 2 Harbor,316.2,328.2,328.2,331.2,25.0,12,Evac Area 2
