segment_id,resource_id,route_segment_id,origin,destination,route_start_time,route_end_time,load_start_time,load_end_time,resource_speed,evacuees,evacuated_location
1,Vessel 1,1,Safe Area 1 Terminal,Evac Area 1 Ferry Terminal,10.0,24.0,24.0,34.0,12.0,0,None
2,Vessel 1,2,Evac Area 1 Ferry Terminal,Safe Area 1 Terminal,34.0,48.0,48.0,58.0,12.0,1,Evac Area 1
1,Vessel 2,1,Safe Area 2 Harbor,Evac Area 2 Marina,10.0,22.0,22.0,25.0,25.0,0,None
2,Vessel 2,2,Evac Area 2 Marina,Safe Area 2 Harbor,25.0,37.0,37.0,40.0,25.0,10,Evac Area 2
1,Vessel 4,1,Safe Area 1 Terminal,Evac Area 4 Dock,10.0,31.6,31.6,36.6,25.0,0,None
2,Vessel 4,2,Evac Area 4 Dock,Safe Area 3 Marina,36.6,54.6,54.6,59.6,25.0,38,Evac Area 4
1,Vessel 5,1,Safe Area 1 Terminal,Evac Area 4 Dock,30.0,60.0,60.0,70.0,18.0,0,None
2,Vessel 5,2,Evac Area 4 Dock,Safe Area 2 Harbor,70.0,95.33333333333331,95.33333333333331,105.33333333333331,18.0,120,Evac Area 4
1,Vessel 6,1,Safe Area 1 Terminal,Evac Area 3 Dock,30.0,42.0,42.0,45.0,25.0,0,None
2,Vessel 6,2,Evac Area 3 Dock,Safe Area 3 Marina,45.0,55.8,55.8,58.8,25.0,12,Evac Area 3
1,Vessel 2,1,Safe Area 2 Harbor,Evac Area 2 Marina,40.0,52.0,52.0,55.0,25.0,0,None
2,Vessel 2,2,Evac Area 2 Marina,Safe Area 2 Harbor,55.0,67.0,67.0,70.0,25.0,8,Evac Area 2
3,Vessel 2,3,Safe Area 2 Harbor,Evac Area 2 Marina,70.0,82.0,82.0,85.0,25.0,0,None
4,Vessel 2,4,Evac Area 2 Marina,Safe Area 2 Harbor,85.0,97.0,97.0,100.0,25.0,12,Evac Area 2
5,Vessel 2,5,Safe Area 2 Harbor,Evac Area 4 Beach,100.0,118.24,118.24,121.24,25.0,0,None
6,Vessel 2,6,Evac Area 4 Beach,Safe Area 3 Marina,121.24,139.24,139.24,142.24,25.0,12,Evac Area 4
7,Vessel 2,7,Safe Area 3 Marina,Evac Area 3 Dock,142.24,153.04,153.04,156.04,25.0,0,None
8,Vessel 2,8,Evac Area 3 Dock,Safe Area 3 Marina,156.04,166.84,166.84,169.84,25.0,9,Evac Area 3
9,Vessel 2,9,Safe Area 3 Marina,Evac Area 4 Dock,169.84,187.84,187.84,190.84,25.0,0,None
10,Vessel 2,10,Evac Area 4 Dock,Safe Area 3 Marina,190.84,208.84,208.84,211.84,25.0,12,Evac Area 4
11,Vessel 2,11,Safe Area 3 Marina,Evac Area 4 Dock,211.84,229.84,229.84,232.84,25.0,0,None
12,Vessel 2,12,Evac Area 4 Dock,Safe Area 3 Marina,232.84,250.84,250.84,253.84,25.0,12,Evac Area 4
13,Vessel 2,13,Safe Area 3 Marina,Evac Area 4 Dock,253.84,271.84000000000003,271.84000000000003,274.84000000000003,25.0,0,None
14,Vessel 2,14,Evac Area 4 Dock,Safe Area 3 Marina,274.84000000000003,292.84000000000003,292.84000000000003,295.84000000000003,25.0,12,Evac Area 4
15,Vessel 2,15,Safe Area 3 Marina,Evac Area 4 Beach,295.84000000000003,313.84000000000003,313.84000000000003,316.84000000000003,25.0,0,None
16,Vessel 2,16,Evac Area 4 Beach,Safe Area 3 Marina,316.84000000000003,334.84000000000003,334.84000000000003,337.84000000000003,25.0,12,Evac Area 4
17,Vessel 2,17,Safe Area 3 Marina,Evac Area 4 Beach,337.84000000000003,355.84000000000003,355.84000000000003,358.84000000000003,25.0,0,None
18,Vessel 2,18,Evac Area 4 Beach,Safe Area 3 Marina,358.84000000000003,376.84000000000003,376.84000000000003,379.84000000000003,25.0,12,Evac Area 4
19,Vessel 2,19,Safe Area 3 Marina,Evac Area 4 Dock,379.84000000000003,397.84000000000003,397.84000000000003,400.84000000000003,25.0,0,None
20,Vessel 2,20,Evac Area 4 Dock,Safe Area 3 Marina,400.84000000000003,418.84000000000003,418.84000000000003,421.84000000000003,25.0,12,Evac Area 4
21,Vessel 2,21,Safe Area 3 Marina,Evac Area 4 Beach,421.84000000000003,439.84000000000003,439.84000000000003,442.84000000000003,25.0,0,None
22,Vessel 2,22,Evac Area 4 Beach,Safe Area 3 Marina,442.84000000000003,460.84000000000003,460.84000000000003,463.84000000000003,25.0,12,Evac Area 4
23,Vessel 2,23,Safe Area 3 Marina,Evac Area 3 Dock,463.84000000000003,474.64000000000004,474.64000000000004,477.64000000000004,25.0,0,None
24,Vessel 2,24,Evac Area 3 Dock,Safe Area 3 Marina,477.64000000000004,488.44000000000005,488.44000000000005,491.44000000000005,25.0,12,Evac Area 3
25,Vessel 2,25,Safe Area 3 Marina,Evac Area 4 Dock,491.44000000000005,509.44000000000005,509.44000000000005,512.44,25.0,0,None
26,Vessel 2,26,Evac Area 4 Dock,Safe Area 3 Marina,512.44,530.44,530.44,533.44,25.0,12,Evac Area 4
27,Vessel 2,27,Safe Area 3 Marina,Evac Area 4 Dock,533.44,551.44,551.44,554.44,25.0,0,None
28,Vessel 2,28,Evac Area 4 Dock,Safe Area 3 Marina,554.44,572.44,572.44,575.44,25.0,12,Evac Area 4
29,Vessel 2,29,Safe Area 3 Marina,Evac Area 3 Dock,575.44,586.24,586.24,589.24,25.0,0,None
30,Vessel 2,30,Evac Area 3 Dock,Safe Area 3 Marina,589.24,600.04,600.04,603.04,25.0,12,Evac Area 3
31,Vessel 2,31,Safe Area 3 Marina,Evac Area 3 Dock,603.04,613.8399999999999,613.8399999999999,616.8399999999999,25.0,0,None
32,Vessel 2,32,Evac Area 3 Dock,Safe Area 3 Marina,616.8399999999999,627.6399999999999,627.6399999999999,630.6399999999999,25.0,12,Evac Area 3
33,Vessel 2,33,Safe Area 3 Marina,Evac Area 4 Dock,630.6399999999999,648.6399999999999,648.6399999999999,651.6399999999999,25.0,0,None
34,Vessel 2,34,Evac Area 4 Dock,Safe Area 2 Harbor,651.6399999999999,669.8799999999999,669.8799999999999,672.8799999999999,25.0,12,Evac Area 4
35,Vessel 2,35,Safe Area 2 Harbor,Evac Area 2 Marina,672.8799999999999,684.8799999999999,684.8799999999999,687.8799999999999,25.0,0,None
36,Vessel 2,36,Evac Area 2 Marina,Safe Area 2 Harbor,687.8799999999999,699.8799999999999,699.8799999999999,702.8799999999999,25.0,12,Evac Area 2
1,Vessel 3,1,Safe Area 3 Marina,Evac Area 4 Beach,60.0,78.0,78.0,81.0,25.0,0,None
2,Vessel 3,2,Evac Area 4 Beach,Safe Area 3 Marina,81.0,99.0,99.0,102.0,25.0,12,Evac Area 4
3,Vessel 3,3,Safe Area 3 Marina,Evac Area 4 Dock,102.0,120.0,120.0,123.0,25.0,0,None
4,Vessel 3,4,Evac Area 4 Dock,Safe Area 3 Marina,123.0,141.0,141.0,144.0,25.0,12,Evac Area 4
5,Vessel 3,5,Safe Area 3 Marina,Evac Area 4 Dock,144.0,162.0,162.0,165.0,25.0,0,None
6,Vessel 3,6,Evac Area 4 Dock,Safe Area 3 Marina,165.0,183.0,183.0,186.0,25.0,12,Evac Area 4
7,Vessel 3,7,Safe Area 3 Marina,Evac Area 4 Beach,186.0,204.0,204.0,207.0,25.0,0,None
8,Vessel 3,8,Evac Area 4 Beach,Safe Area 3 Marina,207.0,225.0,225.0,228.0,25.0,12,Evac Area 4
9,Vessel 3,9,Safe Area 3 Marina,Evac Area 4 Beach,228.0,246.0,246.0,249.0,25.0,0,None
10,Vessel 3,10,Evac Area 4 Beach,Safe Area 3 Marina,249.0,267.0,267.0,270.0,25.0,12,Evac Area 4
11,Vessel 3,11,Safe Area 3 Marina,Evac Area 4 Dock,270.0,288.0,288.0,291.0,25.0,0,None
12,Vessel 3,12,Evac Area 4 Dock,Safe Area 3 Marina,291.0,309.0,309.0,312.0,25.0,12,Evac Area 4
13,Vessel 3,13,Safe Area 3 Marina,Evac Area 4 Beach,312.0,330.0,330.0,333.0,25.0,0,None
14,Vessel 3,14,Evac Area 4 Beach,Safe Area 3 Marina,333.0,351.0,351.0,354.0,25.0,12,Evac Area 4
15,Vessel 3,15,Safe Area 3 Marina,Evac Area 4 Dock,354.0,372.0,372.0,375.0,25.0,0,None
16,Vessel 3,16,Evac Area 4 Dock,Safe Area 3 Marina,375.0,393.0,393.0,396.0,25.0,12,Evac Area 4
17,Vessel 3,17,Safe Area 3 Marina,Evac Area 4 Beach,396.0,414.0,414.0,417.0,25.0,0,None
18,Vessel 3,18,Evac Area 4 Beach,Safe Area 3 Marina,417.0,435.0,435.0,438.0,25.0,12,Evac Area 4
19,Vessel 3,19,Safe Area 3 Marina,Evac Area 4 Dock,438.0,456.0,456.0,459.0,25.0,0,None
20,Vessel 3,20,Evac Area 4 Dock,Safe Area 3 Marina,459.0,477.0,477.0,480.0,25.0,12,Evac Area 4
21,Vessel 3,21,Safe Area 3 Marina,Evac Area 4 Dock,480.0,498.0,498.0,501.0,25.0,0,None
22,Vessel 3,22,Evac Area 4 Dock,Safe Area 3 Marina,501.0,519.0,519.0,522.0,25.0,12,Evac Area 4
23,Vessel 3,23,Safe Area 3 Marina,Evac Area 4 Dock,522.0,540.0,540.0,543.0,25.0,0,None
24,Vessel 3,24,Evac Area 4 Dock,Safe Area 3 Marina,543.0,561.0,561.0,564.0,25.0,12,Evac Area 4
25,Vessel 3,25,Safe Area 3 Marina,Evac Area 4 Dock,564.0,582.0,582.0,585.0,25.0,0,None
26,Vessel 3,26,Evac Area 4 Dock,Safe Area 3 Marina,585.0,603.0,603.0,606.0,25.0,12,Evac Area 4
27,Vessel 3,27,Safe Area 3 Marina,Evac Area 4 Beach,606.0,624.0,624.0,627.0,25.0,0,None
28,Vessel 3,28,Evac Area 4 Beach,Safe Area 3 Marina,627.0,645.0,645.0,648.0,25.0,12,Evac Area 4
29,Vessel 3,29,Safe Area 3 Marina,Evac Area 4 Dock,648.0,666.0,666.0,669.0,25.0,0,None
30,Vessel 3,30,Evac Area 4 Dock,Safe Area 3 Marina,669.0,687.0,687.0,690.0,25.0,12,Evac Area 4
1,Vessel 4,1,Safe Area 3 Marina,Evac Area 4 Dock,59.6,77.6,77.6,82.6,25.0,0,None
2,Vessel 4,2,Evac Area 4 Dock,Safe Area 3 Marina,82.6,100.6,100.6,105.6,25.0,38,Evac Area 4
3,Vessel 4,3,Safe Area 3 Marina,Evac Area 4 Dock,105.6,123.6,123.6,128.6,25.0,0,None
4,Vessel 4,4,Evac Area 4 Dock,Safe Area 3 Marina,128.6,146.6,146.6,151.6,25.0,38,Evac Area 4
5,Vessel 4,5,Safe Area 3 Marina,Evac Area 4 Dock,151.6,169.6,169.6,174.6,25.0,0,None
6,Vessel 4,6,Evac Area 4 Dock,Safe Area 3 Marina,174.6,192.6,192.6,197.6,25.0,38,Evac Area 4
7,Vessel 4,7,Safe Area 3 Marina,Evac Area 4 Dock,197.6,215.6,215.6,220.6,25.0,0,None
8,Vessel 4,8,Evac Area 4 Dock,Safe Area 3 Marina,220.6,238.6,238.6,243.6,25.0,38,Evac Area 4
9,Vessel 4,9,Safe Area 3 Marina,Evac Area 4 Dock,243.6,261.6,261.6,266.6,25.0,0,None
10,Vessel 4,10,Evac Area 4 Dock,Safe Area 3 Marina,266.6,284.6,284.6,289.6,25.0,38,Evac Area 4
11,Vessel 4,11,Safe Area 3 Marina,Evac Area 4 Dock,289.6,307.6,307.6,312.6,25.0,0,None
12,Vessel 4,12,Evac Area 4 Dock,Safe Area 3 Marina,312.6,330.6,330.6,335.6,25.0,38,Evac Area 4
13,Vessel 4,13,Safe Area 3 Marina,Evac Area 4 Dock,335.6,353.6,353.6,358.6,25.0,0,None
14,Vessel 4,14,Evac Area 4 Dock,Safe Area 3 Marina,358.6,376.6,376.6,381.6,25.0,38,Evac Area 4
15,Vessel 4,15,Safe Area 3 Marina,Evac Area 4 Dock,381.6,399.6,399.6,404.6,25.0,0,None
16,Vessel 4,16,Evac Area 4 Dock,Safe Area 3 Marina,404.6,422.6,422.6,427.6,25.0,38,Evac Area 4
17,Vessel 4,17,Safe Area 3 Marina,Evac Area 4 Dock,427.6,445.6,445.6,450.6,25.0,0,None
18,Vessel 4,18,Evac Area 4 Dock,Safe Area 3 Marina,450.6,468.6,468.6,473.6,25.0,38,Evac Area 4
19,Vessel 4,19,Safe Area 3 Marina,Evac Area 4 Dock,473.6,491.6,491.6,496.6,25.0,0,None
20,Vessel 4,20,Evac Area 4 Dock,Safe Area 3 Marina,496.6,514.6,514.6,519.6,25.0,38,Evac Area 4
21,Vessel 4,21,Safe Area 3 Marina,Evac Area 4 Dock,519.6,537.6,537.6,542.6,25.0,0,None
22,Vessel 4,22,Evac Area 4 Dock,Safe Area 3 Marina,542.6,560.6,560.6,565.6,25.0,38,Evac Area 4
23,Vessel 4,23,Safe Area 3 Marina,Evac Area 4 Dock,565.6,583.6,583.6,588.6,25.0,0,None
24,Vessel 4,24,Evac Area 4 Dock,Safe Area 3 Marina,588.6,606.6,606.6,611.6,25.0,38,Evac Area 4
25,Vessel 4,25,Safe Area 3 Marina,Evac Area 4 Dock,611.6,629.6,629.6,634.6,25.0,0,None
26,Vessel 4,26,Evac Area 4 Dock,Safe Area 3 Marina,634.6,652.6,652.6,657.6,25.0,38,Evac Area 4
27,Vessel 4,27,Safe Area 3 Marina,Evac Area 4 Dock,657.6,675.6,675.6,680.6,25.0,0,None
28,Vessel 4,28,Evac Area 4 Dock,Safe Area 3 Marina,680.6,698.6,698.6,703.6,25.0,38,Evac Area 4
1,Vessel 5,1,Safe Area 2 Harbor,Evac Area 4 Dock,105.33333333333331,130.66666666666663,130.66666666666663,140.66666666666663,18.0,0,None
2,Vessel 5,2,Evac Area 4 Dock,Safe Area 3 Marina,140.66666666666663,165.66666666666663,165.66666666666663,175.66666666666663,18.0,120,Evac Area 4
3,Vessel 5,3,Safe Area 3 Marina,Evac Area 4 Dock,175.66666666666663,200.66666666666663,200.66666666666663,210.66666666666663,18.0,0,None
4,Vessel 5,4,Evac Area 4 Dock,Safe Area 3 Marina,210.66666666666663,235.66666666666663,235.66666666666663,245.66666666666663,18.0,120,Evac Area 4
5,Vessel 5,5,Safe Area 3 Marina,Evac Area 4 Dock,245.66666666666663,270.66666666666663,270.66666666666663,280.66666666666663,18.0,0,None
6,Vessel 5,6,Evac Area 4 Dock,Safe Area 3 Marina,280.66666666666663,305.66666666666663,305.66666666666663,315.66666666666663,18.0,120,Evac Area 4
7,Vessel 5,7,Safe Area 3 Marina,Evac Area 4 Dock,315.66666666666663,340.66666666666663,340.66666666666663,350.66666666666663,18.0,0,None
8,Vessel 5,8,Evac Area 4 Dock,Safe Area 3 Marina,350.66666666666663,375.66666666666663,375.66666666666663,385.66666666666663,18.0,120,Evac Area 4
9,Vessel 5,9,Safe Area 3 Marina,Evac Area 4 Dock,385.66666666666663,410.66666666666663,410.66666666666663,420.66666666666663,18.0,0,None
10,Vessel 5,10,Evac Area 4 Dock,Safe Area 3 Marina,420.66666666666663,445.66666666666663,445.66666666666663,455.66666666666663,18.0,120,Evac Area 4
11,Vessel 5,11,Safe Area 3 Marina,Evac Area 4 Dock,455.66666666666663,480.66666666666663,480.66666666666663,490.66666666666663,18.0,0,None
12,Vessel 5,12,Evac Area 4 Dock,Safe Area 3 Marina,490.66666666666663,515.6666666666666,515.6666666666666,525.6666666666666,18.0,120,Evac Area 4
13,Vessel 5,13,Safe Area 3 Marina,Evac Area 4 Dock,525.6666666666666,550.6666666666666,550.6666666666666,560.6666666666666,18.0,0,None
14,Vessel 5,14,Evac Area 4 Dock,Safe Area 3 Marina,560.6666666666666,585.6666666666666,585.6666666666666,595.6666666666666,18.0,120,Evac Area 4
15,Vessel 5,15,Safe Area 3 Marina,Evac Area 4 Dock,595.6666666666666,620.6666666666666,620.6666666666666,630.6666666666666,18.0,0,None
16,Vessel 5,16,Evac Area 4 Dock,Safe Area 3 Marina,630.6666666666666,655.6666666666666,655.6666666666666,665.6666666666666,18.0,120,Evac Area 4
1,Vessel 6,1,Safe Area 3 Marina,Evac Area 4 Beach,58.8,76.8,76.8,79.8,25.0,0,None
2,Vessel 6,2,Evac Area 4 Beach,Safe Area 3 Marina,79.8,97.8,97.8,100.8,25.0,12,Evac Area 4
3,Vessel 6,3,Safe Area 3 Marina,Evac Area 4 Beach,100.8,118.8,118.8,121.8,25.0,0,None
4,Vessel 6,4,Evac Area 4 Beach,Safe Area 3 Marina,121.8,139.8,139.8,142.8,25.0,12,Evac Area 4
5,Vessel 6,5,Safe Area 3 Marina,Evac Area 4 Beach,142.8,160.8,160.8,163.8,25.0,0,None
6,Vessel 6,6,Evac Area 4 Beach,Safe Area 3 Marina,163.8,181.8,181.8,184.8,25.0,12,Evac Area 4
7,Vessel 6,7,Safe Area 3 Marina,Evac Area 4 Dock,184.8,202.8,202.8,205.8,25.0,0,None
8,Vessel 6,8,Evac Area 4 Dock,Safe Area 3 Marina,205.8,223.8,223.8,226.8,25.0,12,Evac Area 4
9,Vessel 6,9,Safe Area 3 Marina,Evac Area 4 Beach,226.8,244.8,244.8,247.8,25.0,0,None
10,Vessel 6,10,Evac Area 4 Beach,Safe Area 3 Marina,247.8,265.8,265.8,268.8,25.0,12,Evac Area 4
11,Vessel 6,11,Safe Area 3 Marina,Evac Area 4 Dock,268.8,286.8,286.8,289.8,25.0,0,None
12,Vessel 6,12,Evac Area 4 Dock,Safe Area 3 Marina,289.8,307.8,307.8,310.8,25.0,12,Evac Area 4
13,Vessel 6,13,Safe Area 3 Marina,Evac Area 4 Dock,310.8,328.8,328.8,331.8,25.0,0,None
14,Vessel 6,14,Evac Area 4 Dock,Safe Area 3 Marina,331.8,349.8,349.8,352.8,25.0,12,Evac Area 4
15,Vessel 6,15,Safe Area 3 Marina,Evac Area 4 Dock,352.8,370.8,370.8,373.8,25.0,0,None
16,Vessel 6,16,Evac Area 4 Dock,Safe Area 3 Marina,373.8,391.8,391.8,394.8,25.0,12,Evac Area 4
17,Vessel 6,17,Safe Area 3 Marina,Evac Area 4 Dock,394.8,412.8,412.8,415.8,25.0,0,None
18,Vessel 6,18,Evac Area 4 Dock,Safe Area 3 Marina,415.8,433.8,433.8,436.8,25.0,7,Evac Area 4
19,Vessel 6,19,Safe Area 3 Marina,Evac Area 4 Beach,436.8,454.8,454.8,457.8,25.0,0,None
20,Vessel 6,20,Evac Area 4 Beach,Safe Area 3 Marina,457.8,475.8,475.8,478.8,25.0,12,Evac Area 4
21,Vessel 6,21,Safe Area 3 Marina,Evac Area 4 Dock,478.8,496.8,496.8,499.8,25.0,0,None
22,Vessel 6,22,Evac Area 4 Dock,Safe Area 3 Marina,499.8,517.8,517.8,520.8,25.0,12,Evac Area 4
23,Vessel 6,23,Safe Area 3 Marina,Evac Area 4 Beach,520.8,538.8,538.8,541.8,25.0,0,None
24,Vessel 6,24,Evac Area 4 Beach,Safe Area 3 Marina,541.8,559.8,559.8,562.8,25.0,12,Evac Area 4
25,Vessel 6,25,Safe Area 3 Marina,Evac Area 4 Dock,562.8,580.8,580.8,583.8,25.0,0,None
26,Vessel 6,26,Evac Area 4 Dock,Safe Area 3 Marina,583.8,601.8,601.8,604.8,25.0,12,Evac Area 4
27,Vessel 6,27,Safe Area 3 Marina,Evac Area 4 Beach,604.8,622.8,622.8,625.8,25.0,0,None
28,Vessel 6,28,Evac Area 4 Beach,Safe Area 3 Marina,625.8,643.8,643.8,646.8,25.0,12,Evac Area 4
29,Vessel 6,29,Safe Area 3 Marina,Evac Area 4 Dock,646.8,664.8,664.8,667.8,25.0,0,None
30,Vessel 6,30,Evac Area 4 Dock,Safe Area 3 Marina,667.8,685.8,685.8,688.8,25.0,12,Evac Area 4
