segment_id,resource_id,route_segment_id,origin,destination,route_start_time,route_end_time,load_start_time,load_end_time,resource_speed,evacuees,evacuated_location
1,Vessel 1,1,Safe Area 1 Terminal,Evac Area 1 Ferry Terminal,10.0,24.0,24.0,34.0,12.0,0,None
2,Vessel 1,2,Evac Area 1 Ferry Terminal,Safe Area 1 Terminal,34.0,48.0,48.0,58.0,12.0,83,Evac Area 1
1,Vessel 2,1,Safe Area 2 Harbor,Evac Area 2 Marina,10.0,22.0,22.0,25.0,25.0,0,None
2,Vessel 2,2,Evac Area 2 Marina,Safe Area 2 Harbor,25.0,37.0,37.0,40.0,25.0,12,Evac Area 2
1,Vessel 2,1,Safe Area 2 Harbor,Evac Area 4 Beach,40.0,58.24,58.24,61.24,25.0,0,None
2,Vessel 2,2,Evac Area 4 Beach,Safe Area 3 Marina,61.24,79.24,79.24,82.24,25.0,12,Evac Area 4
1,Vessel 3,1,Safe Area 3 Marina,Evac Area 3 Dock,60.0,70.8,70.8,73.8,25.0,0,None
2,Vessel 3,2,Evac Area 3 Dock,Safe Area 3 Marina,73.8,84.6,84.6,87.6,25.0,12,Evac Area 3
1,Vessel 4,1,Safe Area 1 Terminal,Evac Area 3 Dock,10.0,22.0,22.0,27.0,25.0,0,None
2,Vessel 4,2,Evac Area 3 Dock,Safe Area 3 Marina,27.0,37.8,37.8,42.8,25.0,38,Evac Area 3
1,Vessel 4,1,Safe Area 3 Marina,Evac Area 3 Dock,42.8,53.6,53.6,58.6,25.0,0,None
2,Vessel 4,2,Evac Area 3 Dock,Safe Area 3 Marina,58.6,69.39999999999999,69.39999999999999,74.39999999999999,25.0,38,Evac Area 3
1,Vessel 4,1,Safe Area 3 Marina,Evac Area 2 Marina,74.39999999999999,91.2,91.2,96.2,25.0,0,None
2,Vessel 4,2,Evac Area 2 Marina,Safe Area 2 Harbor,96.2,108.2,108.2,113.2,25.0,38,Evac Area 2
1,Vessel 5,1,Safe Area 1 Terminal,Evac Area 3 Dock,30.0,46.66666666666667,46.66666666666667,56.66666666666667,18.0,0,None
2,Vessel 5,2,Evac Area 3 Dock,Safe Area 3 Marina,56.66666666666667,71.66666666666667,71.66666666666667,81.66666666666667,18.0,120,Evac Area 3
1,Vessel 6,1,Safe Area 1 Terminal,Evac Area 3 Dock,30.0,42.0,42.0,45.0,25.0,0,None
2,Vessel 6,2,Evac Area 3 Dock,Safe Area 3 Marina,45.0,55.8,55.8,58.8,25.0,12,Evac Area 3
1,Vessel 6,1,Safe Area 3 Marina,Evac Area 3 Dock,58.8,69.6,69.6,72.6,25.0,0,None
2,Vessel 6,2,Evac Area 3 Dock,Safe Area 3 Marina,72.6,83.39999999999999,83.39999999999999,86.39999999999999,25.0,12,Evac Area 3
1,Vessel 2,1,Safe Area 3 Marina,Evac Area 4 Beach,82.24,100.24,100.24,103.24,25.0,0,None
2,Vessel 2,2,Evac Area 4 Beach,Safe Area 2 Harbor,103.24,121.47999999999999,121.47999999999999,124.47999999999999,25.0,12,Evac Area 4
3,Vessel 2,3,Safe Area 2 Harbor,Evac Area 2 Marina,124.47999999999999,136.48,136.48,139.48,25.0,0,None
4,Vessel 2,4,Evac Area 2 Marina,Safe Area 2 Harbor,139.48,151.48,151.48,154.48,25.0,8,Evac Area 2
5,Vessel 2,5,Safe Area 2 Harbor,Evac Area 2 Marina,154.48,166.48,166.48,169.48,25.0,0,None
6,Vessel 2,6,Evac Area 2 Marina,Safe Area 2 Harbor,169.48,181.48,181.48,184.48,25.0,12,Evac Area 2
7,Vessel 2,7,Safe Area 2 Harbor,Evac Area 2 Marina,184.48,196.48,196.48,199.48,25.0,0,None
8,Vessel 2,8,Evac Area 2 Marina,Safe Area 2 Harbor,199.48,211.48,211.48,214.48,25.0,12,Evac Area 2
9,Vessel 2,9,Safe Area 2 Harbor,Evac Area 2 Marina,214.48,226.48,226.48,229.48,25.0,0,None
10,Vessel 2,10,Evac Area 2 Marina,Safe Area 2 Harbor,229.48,241.48,241.48,244.48,25.0,12,Evac Area 2
11,Vessel 2,11,Safe Area 2 Harbor,Evac Area 2 Marina,244.48,256.48,256.48,259.48,25.0,0,None
12,Vessel 2,12,Evac Area 2 Marina,Safe Area 2 Harbor,259.48,271.48,271.48,274.48,25.0,12,Evac Area 2
13,Vessel 2,13,Safe Area 2 Harbor,Evac Area 2 Marina,274.48,286.48,286.48,289.48,25.0,0,None
14,Vessel 2,14,Evac Area 2 Marina,Safe Area 2 Harbor,289.48,301.48,301.48,304.48,25.0,12,Evac Area 2
15,Vessel 2,15,Safe Area 2 Harbor,Evac Area 2 Marina,304.48,316.48,316.48,319.48,25.0,0,None
16,Vessel 2,16,Evac Area 2 Marina,Safe Area 2 Harbor,319.48,331.48,331.48,334.48,25.0,12,Evac Area 2
17,Vessel 2,17,Safe Area 2 Harbor,Evac Area 2 Marina,334.48,346.48,346.48,349.48,25.0,0,None
18,Vessel 2,18,Evac Area 2 Marina,Safe Area 2 Harbor,349.48,361.48,361.48,364.48,25.0,12,Evac Area 2
19,Vessel 2,19,Safe Area 2 Harbor,Evac Area 2 Marina,364.48,376.48,376.48,379.48,25.0,0,None
20,Vessel 2,20,Evac Area 2 Marina,Safe Area 2 Harbor,379.48,391.48,391.48,394.48,25.0,12,Evac Area 2
21,Vessel 2,21,Safe Area 2 Harbor,Evac Area 2 Marina,394.48,406.48,406.48,409.48,25.0,0,None
22,Vessel 2,22,Evac Area 2 Marina,Safe Area 2 Harbor,409.48,421.48,421.48,424.48,25.0,12,Evac Area 2
23,Vessel 2,23,Safe Area 2 Harbor,Evac Area 2 Marina,424.48,436.48,436.48,439.48,25.0,0,None
24,Vessel 2,24,Evac Area 2 Marina,Safe Area 2 Harbor,439.48,451.48,451.48,454.48,25.0,12,Evac Area 2
25,Vessel 2,25,Safe Area 2 Harbor,Evac Area 2 Marina,454.48,466.48,466.48,469.48,25.0,0,None
26,Vessel 2,26,Evac Area 2 Marina,Safe Area 2 Harbor,469.48,481.48,481.48,484.48,25.0,12,Evac Area 2
27,Vessel 2,27,Safe Area 2 Harbor,Evac Area 2 Marina,484.48,496.48,496.48,499.48,25.0,0,None
28,Vessel 2,28,Evac Area 2 Marina,Safe Area 2 Harbor,499.48,511.48,511.48,514.48,25.0,12,Evac Area 2
29,Vessel 2,29,Safe Area 2 Harbor,Evac Area 2 Marina,514.48,526.48,526.48,529.48,25.0,0,None
30,Vessel 2,30,Evac Area 2 Marina,Safe Area 2 Harbor,529.48,541.48,541.48,544.48,25.0,12,Evac Area 2
31,Vessel 2,31,Safe Area 2 Harbor,Evac Area 2 Marina,544.48,556.48,556.48,559.48,25.0,0,None
32,Vessel 2,32,Evac Area 2 Marina,Safe Area 2 Harbor,559.48,571.48,571.48,574.48,25.0,12,Evac Area 2
1,Vessel 3,1,Safe Area 3 Marina,Evac Area 4 Dock,87.6,105.6,105.6,108.6,25.0,0,None
2,Vessel 3,2,Evac Area 4 Dock,Safe Area 2 Harbor,108.6,126.83999999999999,126.83999999999999,129.83999999999997,25.0,12,Evac Area 4
3,Vessel 3,3,Safe Area 2 Harbor,Evac Area 2 Marina,129.83999999999997,141.83999999999997,141.83999999999997,144.83999999999997,25.0,0,None
4,Vessel 3,4,Evac Area 2 Marina,Safe Area 2 Harbor,144.83999999999997,156.83999999999997,156.83999999999997,159.83999999999997,25.0,12,Evac Area 2
5,Vessel 3,5,Safe Area 2 Harbor,Evac Area 2 Marina,159.83999999999997,171.83999999999997,171.83999999999997,174.83999999999997,25.0,0,None
6,Vessel 3,6,Evac Area 2 Marina,Safe Area 2 Harbor,174.83999999999997,186.83999999999997,186.83999999999997,189.83999999999997,25.0,12,Evac Area 2
7,Vessel 3,7,Safe Area 2 Harbor,Evac Area 2 Marina,189.83999999999997,201.83999999999997,201.83999999999997,204.83999999999997,25.0,0,None
8,Vessel 3,8,Evac Area 2 Marina,Safe Area 2 Harbor,204.83999999999997,216.83999999999997,216.83999999999997,219.83999999999997,25.0,12,Evac Area 2
9,Vessel 3,9,Safe Area 2 Harbor,Evac Area 2 Marina,219.83999999999997,231.83999999999997,231.83999999999997,234.83999999999997,25.0,0,None
10,Vessel 3,10,Evac Area 2 Marina,Safe Area 2 Harbor,234.83999999999997,246.83999999999997,246.83999999999997,249.83999999999997,25.0,12,Evac Area 2
11,Vessel 3,11,Safe Area 2 Harbor,Evac Area 2 Marina,249.83999999999997,261.84,261.84,264.84,25.0,0,None
12,Vessel 3,12,Evac Area 2 Marina,Safe Area 2 Harbor,264.84,276.84,276.84,279.84,25.0,12,Evac Area 2
13,Vessel 3,13,Safe Area 2 Harbor,Evac Area 2 Marina,279.84,291.84,291.84,294.84,25.0,0,None
14,Vessel 3,14,Evac Area 2 Marina,Safe Area 2 Harbor,294.84,306.84,306.84,309.84,25.0,12,Evac Area 2
15,Vessel 3,15,Safe Area 2 Harbor,Evac Area 2 Marina,309.84,321.84,321.84,324.84,25.0,0,None
16,Vessel 3,16,Evac Area 2 Marina,Safe Area 2 Harbor,324.84,336.84,336.84,339.84,25.0,12,Evac Area 2
17,Vessel 3,17,Safe Area 2 Harbor,Evac Area 2 Marina,339.84,351.84,351.84,354.84,25.0,0,None
18,Vessel 3,18,Evac Area 2 Marina,Safe Area 2 Harbor,354.84,366.84,366.84,369.84,25.0,12,Evac Area 2
19,Vessel 3,19,Safe Area 2 Harbor,Evac Area 2 Marina,369.84,381.84,381.84,384.84,25.0,0,None
20,Vessel 3,20,Evac Area 2 Marina,Safe Area 2 Harbor,384.84,396.84,396.84,399.84,25.0,12,Evac Area 2
21,Vessel 3,21,Safe Area 2 Harbor,Evac Area 4 Beach,399.84,418.08,418.08,421.08,25.0,0,None
22,Vessel 3,22,Evac Area 4 Beach,Safe Area 2 Harbor,421.08,439.32,439.32,442.32,25.0,12,Evac Area 4
23,Vessel 3,23,Safe Area 2 Harbor,Evac Area 2 Marina,442.32,454.32,454.32,457.32,25.0,0,None
24,Vessel 3,24,Evac Area 2 Marina,Safe Area 2 Harbor,457.32,469.32,469.32,472.32,25.0,12,Evac Area 2
25,Vessel 3,25,Safe Area 2 Harbor,Evac Area 2 Marina,472.32,484.32,484.32,487.32,25.0,0,None
26,Vessel 3,26,Evac Area 2 Marina,Safe Area 2 Harbor,487.32,499.32,499.32,502.32,25.0,12,Evac Area 2
27,Vessel 3,27,Safe Area 2 Harbor,Evac Area 2 Marina,502.32,514.3199999999999,514.3199999999999,517.3199999999999,25.0,0,None
28,Vessel 3,28,Evac Area 2 Marina,Safe Area 2 Harbor,517.3199999999999,529.3199999999999,529.3199999999999,532.3199999999999,25.0,12,Evac Area 2
29,Vessel 3,29,Safe Area 2 Harbor,Evac Area 2 Marina,532.3199999999999,544.3199999999999,544.3199999999999,547.3199999999999,25.0,0,None
30,Vessel 3,30,Evac Area 2 Marina,Safe Area 2 Harbor,547.3199999999999,559.3199999999999,559.3199999999999,562.3199999999999,25.0,12,Evac Area 2
1,Vessel 4,1,Safe Area 2 Harbor,Evac Area 4 Dock,113.2,131.44,131.44,136.44,25.0,0,None
2,Vessel 4,2,Evac Area 4 Dock,Safe Area 3 Marina,136.44,154.44,154.44,159.44,25.0,37,Evac Area 4
3,Vessel 4,3,Safe Area 3 Marina,Evac Area 4 Dock,159.44,177.44,177.44,182.44,25.0,0,None
4,Vessel 4,4,Evac Area 4 Dock,Safe Area 3 Marina,182.44,200.44,200.44,205.44,25.0,38,Evac Area 4
5,Vessel 4,5,Safe Area 3 Marina,Evac Area 4 Dock,205.44,223.44,223.44,228.44,25.0,0,None
6,Vessel 4,6,Evac Area 4 Dock,Safe Area 3 Marina,228.44,246.44,246.44,251.44,25.0,38,Evac Area 4
7,Vessel 4,7,Safe Area 3 Marina,Evac Area 4 Dock,251.44,269.44,269.44,274.44,25.0,0,None
8,Vessel 4,8,Evac Area 4 Dock,Safe Area 3 Marina,274.44,292.44,292.44,297.44,25.0,38,Evac Area 4
9,Vessel 4,9,Safe Area 3 Marina,Evac Area 4 Dock,297.44,315.44,315.44,320.44,25.0,0,None
10,Vessel 4,10,Evac Area 4 Dock,Safe Area 3 Marina,320.44,338.44,338.44,343.44,25.0,38,Evac Area 4
11,Vessel 4,11,Safe Area 3 Marina,Evac Area 4 Dock,343.44,361.44,361.44,366.44,25.0,0,None
12,Vessel 4,12,Evac Area 4 Dock,Safe Area 3 Marina,366.44,384.44,384.44,389.44,25.0,38,Evac Area 4
13,Vessel 4,13,Safe Area 3 Marina,Evac Area 4 Dock,389.44,407.44,407.44,412.44,25.0,0,None
14,Vessel 4,14,Evac Area 4 Dock,Safe Area 3 Marina,412.44,430.44,430.44,435.44,25.0,38,Evac Area 4
15,Vessel 4,15,Safe Area 3 Marina,Evac Area 4 Dock,435.44,453.44,453.44,458.44,25.0,0,None
16,Vessel 4,16,Evac Area 4 Dock,Safe Area 3 Marina,458.44,476.44,476.44,481.44,25.0,38,Evac Area 4
17,Vessel 4,17,Safe Area 3 Marina,Evac Area 4 Dock,481.44,499.44,499.44,504.44,25.0,0,None
18,Vessel 4,18,Evac Area 4 Dock,Safe Area 3 Marina,504.44,522.44,522.44,527.44,25.0,38,Evac Area 4
19,Vessel 4,19,Safe Area 3 Marina,Evac Area 4 Dock,527.44,545.44,545.44,550.44,25.0,0,None
20,Vessel 4,20,Evac Area 4 Dock,Safe Area 3 Marina,550.44,568.44,568.44,573.44,25.0,38,Evac Area 4
1,Vessel 5,1,Safe Area 3 Marina,Evac Area 2 Marina,81.66666666666667,105.0,105.0,115.0,18.0,0,None
2,Vessel 5,2,Evac Area 2 Marina,Safe Area 3 Marina,115.0,138.33333333333331,138.33333333333331,148.33333333333331,18.0,120,Evac Area 2
3,Vessel 5,3,Safe Area 3 Marina,Evac Area 3 Dock,148.33333333333331,163.33333333333331,163.33333333333331,173.33333333333331,18.0,0,None
4,Vessel 5,4,Evac Area 3 Dock,Safe Area 3 Marina,173.33333333333331,188.33333333333331,188.33333333333331,198.33333333333331,18.0,120,Evac Area 3
5,Vessel 5,5,Safe Area 3 Marina,Evac Area 3 Dock,198.33333333333331,213.33333333333331,213.33333333333331,223.33333333333331,18.0,0,None
6,Vessel 5,6,Evac Area 3 Dock,Safe Area 3 Marina,223.33333333333331,238.33333333333331,238.33333333333331,248.33333333333331,18.0,120,Evac Area 3
7,Vessel 5,7,Safe Area 3 Marina,Evac Area 3 Dock,248.33333333333331,263.3333333333333,263.3333333333333,273.3333333333333,18.0,0,None
8,Vessel 5,8,Evac Area 3 Dock,Safe Area 3 Marina,273.3333333333333,288.3333333333333,288.3333333333333,298.3333333333333,18.0,120,Evac Area 3
9,Vessel 5,9,Safe Area 3 Marina,Evac Area 3 Dock,298.3333333333333,313.3333333333333,313.3333333333333,323.3333333333333,18.0,0,None
10,Vessel 5,10,Evac Area 3 Dock,Safe Area 3 Marina,323.3333333333333,338.3333333333333,338.3333333333333,348.3333333333333,18.0,120,Evac Area 3
11,Vessel 5,11,Safe Area 3 Marina,Evac Area 3 Dock,348.3333333333333,363.3333333333333,363.3333333333333,373.3333333333333,18.0,0,None
12,Vessel 5,12,Evac Area 3 Dock,Safe Area 3 Marina,373.3333333333333,388.3333333333333,388.3333333333333,398.3333333333333,18.0,120,Evac Area 3
13,Vessel 5,13,Safe Area 3 Marina,Evac Area 4 Dock,398.3333333333333,423.3333333333333,423.3333333333333,433.3333333333333,18.0,0,None
14,Vessel 5,14,Evac Area 4 Dock,Safe Area 3 Marina,433.3333333333333,458.3333333333333,458.3333333333333,468.3333333333333,18.0,120,Evac Area 4
15,Vessel 5,15,Safe Area 3 Marina,Evac Area 3 Dock,468.3333333333333,483.3333333333333,483.3333333333333,493.3333333333333,18.0,0,None
16,Vessel 5,16,Evac Area 3 Dock,Safe Area 3 Marina,493.3333333333333,508.3333333333333,508.3333333333333,518.3333333333333,18.0,120,Evac Area 3
17,Vessel 5,17,Safe Area 3 Marina,Evac Area 3 Dock,518.3333333333333,533.3333333333333,533.3333333333333,543.3333333333333,18.0,0,None
18,Vessel 5,18,Evac Area 3 Dock,Safe Area 3 Marina,543.3333333333333,558.3333333333333,558.3333333333333,568.3333333333333,18.0,95,Evac Area 3
1,Vessel 6,1,Safe Area 3 Marina,Evac Area 4 Dock,86.39999999999999,104.39999999999999,104.39999999999999,107.39999999999999,25.0,0,None
2,Vessel 6,2,Evac Area 4 Dock,Safe Area 2 Harbor,107.39999999999999,125.63999999999999,125.63999999999999,128.64,25.0,12,Evac Area 4
3,Vessel 6,3,Safe Area 2 Harbor,Evac Area 2 Marina,128.64,140.64,140.64,143.64,25.0,0,None
4,Vessel 6,4,Evac Area 2 Marina,Safe Area 2 Harbor,143.64,155.64,155.64,158.64,25.0,12,Evac Area 2
5,Vessel 6,5,Safe Area 2 Harbor,Evac Area 2 Marina,158.64,170.64,170.64,173.64,25.0,0,None
6,Vessel 6,6,Evac Area 2 Marina,Safe Area 2 Harbor,173.64,185.64,185.64,188.64,25.0,12,Evac Area 2
7,Vessel 6,7,Safe Area 2 Harbor,Evac Area 2 Marina,188.64,200.64,200.64,203.64,25.0,0,None
8,Vessel 6,8,Evac Area 2 Marina,Safe Area 2 Harbor,203.64,215.64,215.64,218.64,25.0,12,Evac Area 2
9,Vessel 6,9,Safe Area 2 Harbor,Evac Area 2 Marina,218.64,230.64,230.64,233.64,25.0,0,None
10,Vessel 6,10,Evac Area 2 Marina,Safe Area 2 Harbor,233.64,245.64,245.64,248.64,25.0,12,Evac Area 2
11,Vessel 6,11,Safe Area 2 Harbor,Evac Area 2 Marina,248.64,260.64,260.64,263.64,25.0,0,None
12,Vessel 6,12,Evac Area 2 Marina,Safe Area 2 Harbor,263.64,275.64,275.64,278.64,25.0,12,Evac Area 2
13,Vessel 6,13,Safe Area 2 Harbor,Evac Area 2 Marina,278.64,290.64,290.64,293.64,25.0,0,None
14,Vessel 6,14,Evac Area 2 Marina,Safe Area 2 Harbor,293.64,305.64,305.64,308.64,25.0,12,Evac Area 2
15,Vessel 6,15,Safe Area 2 Harbor,Evac Area 2 Marina,308.64,320.64,320.64,323.64,25.0,0,None
16,Vessel 6,16,Evac Area 2 Marina,Safe Area 2 Harbor,323.64,335.64,335.64,338.64,25.0,12,Evac Area 2
17,Vessel 6,17,Safe Area 2 Harbor,Evac Area 2 Marina,338.64,350.64,350.64,353.64,25.0,0,None
18,Vessel 6,18,Evac Area 2 Marina,Safe Area 2 Harbor,353.64,365.64,365.64,368.64,25.0,12,Evac Area 2
19,Vessel 6,19,Safe Area 2 Harbor,Evac Area 2 Marina,368.64,380.64,380.64,383.64,25.0,0,None
20,Vessel 6,20,Evac Area 2 Marina,Safe Area 2 Harbor,383.64,395.64,395.64,398.64,25.0,12,Evac Area 2
21,Vessel 6,21,Safe Area 2 Harbor,Evac Area 2 Marina,398.64,410.64,410.64,413.64,25.0,0,None
22,Vessel 6,22,Evac Area 2 Marina,Safe Area 2 Harbor,413.64,425.64,425.64,428.64,25.0,12,Evac Area 2
23,Vessel 6,23,Safe Area 2 Harbor,Evac Area 2 Marina,428.64,440.64,440.64,443.64,25.0,0,None
24,Vessel 6,24,Evac Area 2 Marina,Safe Area 2 Harbor,443.64,455.64,455.64,458.64,25.0,12,Evac Area 2
25,Vessel 6,25,Safe Area 2 Harbor,Evac Area 2 Marina,458.64,470.64,470.64,473.64,25.0,0,None
26,Vessel 6,26,Evac Area 2 Marina,Safe Area 2 Harbor,473.64,485.64,485.64,488.64,25.0,12,Evac Area 2
27,Vessel 6,27,Safe Area 2 Harbor,Evac Area 2 Marina,488.64,500.64,500.64,503.64,25.0,0,None
28,Vessel 6,28,Evac Area 2 Marina,Safe Area 2 Harbor,503.64,515.64,515.64,518.64,25.0,12,Evac Area 2
29,Vessel 6,29,Safe Area 2 Harbor,Evac Area 2 Marina,518.64,530.64,530.64,533.64,25.0,0,None
30,Vessel 6,30,Evac Area 2 Marina,Safe Area 2 Harbor,533.64,545.64,545.64,548.64,25.0,12,Evac Area 2
31,Vessel 6,31,Safe Area 2 Harbor,Evac Area 2 Marina,548.64,560.64,560.64,563.64,25.0,0,None
32,Vessel 6,32,Evac Area 2 Marina,Safe Area 2 Harbor,563.64,575.64,575.64,578.64,25.0,12,Evac Area 2
