segment_id,resource_id,route_segment_id,origin,destination,route_start_time,route_end_time,load_start_time,load_end_time,resource_speed,evacuees,evacuated_location,post_run_correction
1,Vessel 1,1,Safe Area 1 Terminal,Evac Area 1 Ferry Terminal,10.0,24.0,24.0,34.0,12.0,0,None,
2,Vessel 1,2,Evac Area 1 Ferry Terminal,Safe Area 1 Terminal,34.0,48.0,48.0,58.0,12.0,158,Evac Area 1,
1,Vessel 2,1,Safe Area 2 Harbor,Evac Area 4 Beach,10.0,28.24000000000001,28.24000000000001,31.24000000000001,25.0,0,None,
2,Vessel 2,2,Evac Area 4 Beach,Safe Area 3 Marina,31.24000000000001,49.24000000000001,49.24000000000001,52.24000000000001,25.0,12,Evac Area 4,
3,Vessel 2,3,Safe Area 3 Marina,Evac Area 4 Dock,52.24000000000001,70.24000000000001,70.24000000000001,73.24000000000001,25.0,0,None,
4,Vessel 2,4,Evac Area 4 Dock,Safe Area 2 Harbor,73.24000000000001,91.48000000000002,91.48000000000002,94.48000000000002,25.0,12,Evac Area 4,
5,Vessel 2,5,Safe Area 2 Harbor,Evac Area 2 Marina,94.48000000000002,106.48000000000002,106.48000000000002,109.48000000000002,25.0,0,None,
6,Vessel 2,6,Evac Area 2 Marina,Safe Area 2 Harbor,109.48000000000002,121.48000000000002,121.48000000000002,124.48000000000002,25.0,12,Evac Area 2,
7,Vessel 2,7,Safe Area 2 Harbor,Evac Area 4 Beach,124.48000000000002,142.72000000000003,142.72000000000003,145.72000000000003,25.0,0,None,
8,Vessel 2,8,Evac Area 4 Beach,Safe Area 2 Harbor,145.72000000000003,163.96000000000004,163.96000000000004,166.96000000000004,25.0,12,Evac Area 4,
9,Vessel 2,9,Safe Area 2 Harbor,Evac Area 4 Dock,166.96000000000004,185.2,185.2,188.2,25.0,0,None,
10,Vessel 2,10,Evac Area 4 Dock,Safe Area 3 Marina,188.2,206.2,206.2,209.2,25.0,12,Evac Area 4,
11,Vessel 2,11,Safe Area 3 Marina,Evac Area 4 Beach,209.2,227.2,227.2,230.2,25.0,0,None,
12,Vessel 2,12,Evac Area 4 Beach,Safe Area 3 Marina,230.2,248.2,248.2,251.2,25.0,12,Evac Area 4,
13,Vessel 2,13,Safe Area 3 Marina,Evac Area 4 Dock,251.2,269.20000000000005,269.20000000000005,272.20000000000005,25.0,0,None,
14,Vessel 2,14,Evac Area 4 Dock,Safe Area 2 Harbor,272.20000000000005,290.44000000000005,290.44000000000005,293.44000000000005,25.0,12,Evac Area 4,
15,Vessel 2,15,Safe Area 2 Harbor,Evac Area 2 Marina,293.44000000000005,305.44000000000005,305.44000000000005,308.44000000000005,25.0,0,None,
16,Vessel 2,16,Evac Area 2 Marina,Safe Area 2 Harbor,308.44000000000005,320.44000000000005,320.44000000000005,323.44000000000005,25.0,12,Evac Area 2,
17,Vessel 2,17,Safe Area 2 Harbor,Evac Area 2 Marina,323.44000000000005,335.44000000000005,335.44000000000005,338.44000000000005,25.0,0,None,
18,Vessel 2,18,Evac Area 2 Marina,Safe Area 2 Harbor,338.44000000000005,350.44000000000005,350.44000000000005,353.44000000000005,25.0,12,Evac Area 2,
19,Vessel 2,19,Safe Area 2 Harbor,Evac Area 2 Marina,353.44000000000005,365.44000000000005,365.44000000000005,368.44000000000005,25.0,0,None,
20,Vessel 2,20,Evac Area 2 Marina,Safe Area 2 Harbor,368.44000000000005,380.44000000000005,380.44000000000005,383.44000000000005,25.0,12,Evac Area 2,
1,Vessel 3,1,Safe Area 3 Marina,Evac Area 4 Dock,60.0,78.0,78.0,81.0,25.0,0,None,
2,Vessel 3,2,Evac Area 4 Dock,Safe Area 3 Marina,81.0,99.0,99.0,102.0,25.0,12,Evac Area 4,
3,Vessel 3,3,Safe Area 3 Marina,Evac Area 4 Beach,102.0,120.0,120.0,123.0,25.0,0,None,
4,Vessel 3,4,Evac Area 4 Beach,Safe Area 2 Harbor,123.0,141.24,141.24,144.24,25.0,12,Evac Area 4,
5,Vessel 3,5,Safe Area 2 Harbor,Evac Area 2 Marina,144.24,156.24,156.24,159.24,25.0,0,None,
6,Vessel 3,6,Evac Area 2 Marina,Safe Area 2 Harbor,159.24,171.24,171.24,174.24,25.0,10,Evac Area 2,
7,Vessel 3,7,Safe Area 2 Harbor,Evac Area 4 Beach,174.24,192.48,192.48,195.48,25.0,0,None,
8,Vessel 3,8,Evac Area 4 Beach,Safe Area 3 Marina,195.48,213.48,213.48,216.48,25.0,12,Evac Area 4,
9,Vessel 3,9,Safe Area 3 Marina,Evac Area 4 Beach,216.48,234.48,234.48,237.48,25.0,0,None,
10,Vessel 3,10,Evac Area 4 Beach,Safe Area 3 Marina,237.48,255.48,255.48,258.48,25.0,12,Evac Area 4,
11,Vessel 3,11,Safe Area 3 Marina,Evac Area 4 Beach,258.48,276.48,276.48,279.48,25.0,0,None,
12,Vessel 3,12,Evac Area 4 Beach,Safe Area 3 Marina,279.48,297.48,297.48,300.48,25.0,12,Evac Area 4,
13,Vessel 3,13,Safe Area 3 Marina,Evac Area 4 Beach,300.48,318.48,318.48,321.48,25.0,0,None,
14,Vessel 3,14,Evac Area 4 Beach,Safe Area 2 Harbor,321.48,339.72,339.72,342.72,25.0,12,Evac Area 4,
15,Vessel 3,15,Safe Area 2 Harbor,Evac Area 4 Beach,342.72,360.96,360.96,363.96,25.0,0,None,
16,Vessel 3,16,Evac Area 4 Beach,Safe Area 3 Marina,363.96,381.96,381.96,384.96,25.0,12,Evac Area 4,
17,Vessel 3,17,Safe Area 3 Marina,Evac Area 4 Dock,384.96,402.96,402.96,405.96,25.0,0,None,
18,Vessel 3,18,Evac Area 4 Dock,Safe Area 3 Marina,405.96,423.96,423.96,426.96,25.0,12,Evac Area 4,
1,Vessel 4,1,Safe Area 1 Terminal,Evac Area 3 Dock,10.0,22.0,22.0,27.0,25.0,0,None,
2,Vessel 4,2,Evac Area 3 Dock,Safe Area 3 Marina,27.0,37.80000000000001,37.80000000000001,42.80000000000001,25.0,28,Evac Area 3,
3,Vessel 4,3,Safe Area 3 Marina,Evac Area 3 Dock,42.80000000000001,53.60000000000002,53.60000000000002,58.60000000000002,25.0,0,None,
4,Vessel 4,4,Evac Area 3 Dock,Safe Area 3 Marina,58.60000000000002,69.39999999999998,69.39999999999998,74.39999999999998,25.0,38,Evac Area 3,
5,Vessel 4,5,Safe Area 3 Marina,Evac Area 4 Dock,74.39999999999998,92.39999999999998,92.39999999999998,97.39999999999998,25.0,0,None,
6,Vessel 4,6,Evac Area 4 Dock,Safe Area 2 Harbor,97.39999999999998,115.63999999999999,115.63999999999999,120.63999999999999,25.0,38,Evac Area 4,
7,Vessel 4,7,Safe Area 2 Harbor,Evac Area 2 Marina,120.63999999999999,132.64,132.64,137.64,25.0,0,None,
8,Vessel 4,8,Evac Area 2 Marina,Safe Area 2 Harbor,137.64,149.64,149.64,154.64,25.0,38,Evac Area 2,
9,Vessel 4,9,Safe Area 2 Harbor,Evac Area 2 Marina,154.64,166.64,166.64,171.64,25.0,0,None,
10,Vessel 4,10,Evac Area 2 Marina,Safe Area 2 Harbor,171.64,183.64,183.64,188.64,25.0,38,Evac Area 2,
11,Vessel 4,11,Safe Area 2 Harbor,Evac Area 2 Marina,188.64,200.64,200.64,205.64,25.0,0,None,
12,Vessel 4,12,Evac Area 2 Marina,Safe Area 2 Harbor,205.64,217.64,217.64,222.64,25.0,38,Evac Area 2,
13,Vessel 4,13,Safe Area 2 Harbor,Evac Area 4 Dock,222.64,240.88,240.88,245.88,25.0,0,None,
14,Vessel 4,14,Evac Area 4 Dock,Safe Area 2 Harbor,245.88,264.12,264.12,269.12,25.0,38,Evac Area 4,
15,Vessel 4,15,Safe Area 2 Harbor,Evac Area 2 Marina,269.12,281.12,281.12,286.12,25.0,0,None,
16,Vessel 4,16,Evac Area 2 Marina,Safe Area 2 Harbor,286.12,298.12,298.12,303.12,25.0,38,Evac Area 2,
17,Vessel 4,17,Safe Area 2 Harbor,Evac Area 2 Marina,303.12,315.12,315.12,320.12,25.0,0,None,
18,Vessel 4,18,Evac Area 2 Marina,Safe Area 2 Harbor,320.12,332.12,332.12,337.12,25.0,38,Evac Area 2,
19,Vessel 4,19,Safe Area 2 Harbor,Evac Area 2 Marina,337.12,349.12,349.12,354.12,25.0,0,None,
20,Vessel 4,20,Evac Area 2 Marina,Safe Area 2 Harbor,354.12,366.12,366.12,371.12,25.0,38,Evac Area 2,
21,Vessel 4,21,Safe Area 2 Harbor,Evac Area 2 Marina,371.12,383.12,383.12,388.12,25.0,0,None,
22,Vessel 4,22,Evac Area 2 Marina,Safe Area 2 Harbor,388.12,400.12,400.12,405.12,25.0,38,Evac Area 2,
23,Vessel 4,23,Safe Area 2 Harbor,Evac Area 2 Marina,405.12,417.12,417.12,422.12,25.0,0,None,
24,Vessel 4,24,Evac Area 2 Marina,Safe Area 2 Harbor,422.12,434.12,434.12,439.12,25.0,38,Evac Area 2,
1,Vessel 5,1,Safe Area 1 Terminal,Evac Area 3 Dock,30.0,46.666666666666686,46.666666666666686,56.666666666666686,18.0,0,None,
2,Vessel 5,2,Evac Area 3 Dock,Safe Area 3 Marina,56.666666666666686,71.66666666666669,71.66666666666669,81.66666666666669,18.0,120,Evac Area 3,
3,Vessel 5,3,Safe Area 3 Marina,Evac Area 4 Dock,81.66666666666669,106.66666666666669,106.66666666666669,116.66666666666669,18.0,0,None,
4,Vessel 5,4,Evac Area 4 Dock,Safe Area 2 Harbor,116.66666666666669,142.0,142.0,152.0,18.0,120,Evac Area 4,
5,Vessel 5,5,Safe Area 2 Harbor,Evac Area 2 Marina,152.0,168.66666666666663,168.66666666666663,178.66666666666663,18.0,0,None,
6,Vessel 5,6,Evac Area 2 Marina,Safe Area 2 Harbor,178.66666666666663,195.3333333333333,195.3333333333333,205.3333333333333,18.0,120,Evac Area 2,
7,Vessel 5,7,Safe Area 2 Harbor,Evac Area 2 Marina,205.3333333333333,222.0,222.0,232.0,18.0,0,None,
8,Vessel 5,8,Evac Area 2 Marina,Safe Area 3 Marina,232.0,255.3333333333333,255.3333333333333,265.3333333333333,18.0,120,Evac Area 2,
9,Vessel 5,9,Safe Area 3 Marina,Evac Area 4 Dock,265.3333333333333,290.3333333333333,290.3333333333333,300.3333333333333,18.0,0,None,
10,Vessel 5,10,Evac Area 4 Dock,Safe Area 2 Harbor,300.3333333333333,325.66666666666663,325.66666666666663,335.66666666666663,18.0,120,Evac Area 4,
11,Vessel 5,11,Safe Area 2 Harbor,Evac Area 2 Marina,335.66666666666663,352.3333333333333,352.3333333333333,362.3333333333333,18.0,0,None,
12,Vessel 5,12,Evac Area 2 Marina,Safe Area 2 Harbor,362.3333333333333,379.0,379.0,389.0,18.0,120,Evac Area 2,
13,Vessel 5,13,Safe Area 2 Harbor,Evac Area 2 Marina,389.0,405.6666666666667,405.6666666666667,415.6666666666667,18.0,0,None,
14,Vessel 5,14,Evac Area 2 Marina,Safe Area 2 Harbor,415.6666666666667,432.33333333333337,432.33333333333337,442.33333333333337,18.0,120,Evac Area 2,
1,Vessel 6,1,Safe Area 1 Terminal,Evac Area 4 Dock,30.0,51.60000000000002,51.60000000000002,54.60000000000002,25.0,0,None,
2,Vessel 6,2,Evac Area 4 Dock,Safe Area 2 Harbor,54.60000000000002,72.83999999999997,72.83999999999997,75.83999999999997,25.0,12,Evac Area 4,
3,Vessel 6,3,Safe Area 2 Harbor,Evac Area 2 Marina,75.83999999999997,87.83999999999997,87.83999999999997,90.84000000000003,25.0,0,None,
4,Vessel 6,4,Evac Area 2 Marina,Safe Area 2 Harbor,90.84000000000003,102.84000000000003,102.84000000000003,105.84000000000003,25.0,12,Evac Area 2,
5,Vessel 6,5,Safe Area 2 Harbor,Evac Area 4 Dock,105.84000000000003,124.07999999999998,124.07999999999998,127.07999999999998,25.0,0,None,
6,Vessel 6,6,Evac Area 4 Dock,Safe Area 3 Marina,127.07999999999998,145.07999999999998,145.07999999999998,148.07999999999998,25.0,12,Evac Area 4,
7,Vessel 6,7,Safe Area 3 Marina,Evac Area 4 Dock,148.07999999999998,166.07999999999998,166.07999999999998,169.07999999999998,25.0,0,None,
8,Vessel 6,8,Evac Area 4 Dock,Safe Area 3 Marina,169.07999999999998,187.08,187.08,190.08,25.0,12,Evac Area 4,
9,Vessel 6,9,Safe Area 3 Marina,Evac Area 4 Dock,190.08,208.08,208.08,211.08,25.0,0,None,
10,Vessel 6,10,Evac Area 4 Dock,Safe Area 3 Marina,211.08,229.08,229.08,232.08,25.0,12,Evac Area 4,
11,Vessel 6,11,Safe Area 3 Marina,Evac Area 4 Dock,232.08,250.08,250.08,253.08,25.0,0,None,
12,Vessel 6,12,Evac Area 4 Dock,Safe Area 3 Marina,253.08,271.08,271.08,274.08,25.0,12,Evac Area 4,
13,Vessel 6,13,Safe Area 3 Marina,Evac Area 4 Beach,274.08,292.08,292.08,295.08,25.0,0,None,
14,Vessel 6,14,Evac Area 4 Beach,Safe Area 3 Marina,295.08,313.08,313.08,316.08,25.0,12,Evac Area 4,
15,Vessel 6,15,Safe Area 3 Marina,Evac Area 4 Dock,316.08,334.08,334.08,337.08,25.0,0,None,
16,Vessel 6,16,Evac Area 4 Dock,Safe Area 3 Marina,337.08,355.08,355.08,358.08,25.0,11,Evac Area 4,
17,Vessel 6,17,Safe Area 3 Marina,Evac Area 4 Beach,358.08,376.08,376.08,379.08,25.0,0,None,
18,Vessel 6,18,Evac Area 4 Beach,Safe Area 3 Marina,379.08,397.08,397.08,400.08,25.0,12,Evac Area 4,
19,Vessel 6,19,Safe Area 3 Marina,Evac Area 4 Dock,400.08,418.08,418.08,421.08,25.0,0,None,
20,Vessel 6,20,Evac Area 4 Dock,Safe Area 2 Harbor,421.08,439.32,439.32,442.32,25.0,12,Evac Area 4,
1,Vessel 1,1,Safe Area 1 Terminal,Evac Area 1 Ferry Terminal,442.33333333333337,456.33333333333337,456.33333333333337,466.33333333333337,12.0,0,None,yes
2,Vessel 1,2,Evac Area 1 Ferry Terminal,Safe Area 1 Terminal,466.33333333333337,480.33333333333337,480.33333333333337,490.33333333333337,12.0,35,Evac Area 1,yes
1,Vessel 2,1,Safe Area 2 Harbor,Evac Area 4 Beach,442.33333333333337,460.5733333333334,460.5733333333334,463.5733333333334,25.0,0,None,yes
2,Vessel 2,2,Evac Area 4 Beach,Safe Area 2 Harbor,463.5733333333334,481.8133333333334,481.8133333333334,484.8133333333334,25.0,1,Evac Area 4,yes
1,Vessel 3,1,Safe Area 3 Marina,Evac Area 4 Dock,442.33333333333337,460.33333333333337,460.33333333333337,463.33333333333337,25.0,0,None,yes
2,Vessel 3,2,Evac Area 4 Dock,Safe Area 3 Marina,463.33333333333337,481.33333333333337,481.33333333333337,484.33333333333337,25.0,12,Evac Area 4,yes
1,Vessel 4,1,Safe Area 2 Harbor,Evac Area 3 Dock,442.33333333333337,461.53333333333336,461.53333333333336,466.53333333333336,25.0,0,None,yes
2,Vessel 4,2,Evac Area 3 Dock,Safe Area 3 Marina,466.53333333333336,477.33333333333337,477.33333333333337,482.33333333333337,25.0,27,Evac Area 3,yes
1,Vessel 5,1,Safe Area 2 Harbor,Evac Area 2 Marina,442.33333333333337,459.00000000000006,459.00000000000006,469.00000000000006,18.0,0,None,yes
2,Vessel 5,2,Evac Area 2 Marina,Safe Area 2 Harbor,469.00000000000006,485.6666666666667,485.6666666666667,495.6666666666667,18.0,78,Evac Area 2,yes
1,Vessel 6,1,Safe Area 2 Harbor,Evac Area 4 Beach,442.33333333333337,460.5733333333334,460.5733333333334,463.5733333333334,25.0,0,None,yes
2,Vessel 6,2,Evac Area 4 Beach,Safe Area 3 Marina,463.5733333333334,481.5733333333334,481.5733333333334,484.5733333333334,25.0,12,Evac Area 4,yes
