segment_id,resource_id,route_segment_id,origin,destination,route_start_time,route_end_time,load_start_time,load_end_time,resource_speed,evacuees,evacuated_location
1,Vessel 1,1,Safe Area 1 Terminal,Evac Area 1 Ferry Terminal,10.0,24.0,24.0,34.0,12.0,0,None
2,Vessel 1,2,Evac Area 1 Ferry Terminal,Safe Area 1 Terminal,34.0,48.0,48.0,58.0,12.0,59,Evac Area 1
1,Vessel 1,1,Safe Area 1 Terminal,Evac Area 1 Ferry Terminal,58.0,72.0,72.0,82.0,12.0,0,None
2,Vessel 1,2,Evac Area 1 Ferry Terminal,Safe Area 1 Terminal,82.0,96.0,96.0,106.0,12.0,12,Evac Area 1
1,Vessel 1,1,Safe Area 1 Terminal,Evac Area 1 Ferry Terminal,106.0,120.0,120.0,130.0,12.0,0,None
2,Vessel 1,2,Evac Area 1 Ferry Terminal,Safe Area 1 Terminal,130.0,144.0,144.0,154.0,12.0,23,Evac Area 1
1,Vessel 2,1,Safe Area 2 Harbor,Evac Area 4 Beach,10.0,28.24000000000001,28.24000000000001,31.24000000000001,25.0,0,None
2,Vessel 2,2,Evac Area 4 Beach,Safe Area 3 Marina,31.24000000000001,49.24000000000001,49.24000000000001,52.24000000000001,25.0,12,Evac Area 4
1,Vessel 2,1,Safe Area 3 Marina,Evac Area 4 Beach,52.24000000000001,70.24000000000001,70.24000000000001,73.24000000000001,25.0,0,None
2,Vessel 2,2,Evac Area 4 Beach,Safe Area 3 Marina,73.24000000000001,91.24,91.24,94.24,25.0,12,Evac Area 4
1,Vessel 2,1,Safe Area 3 Marina,Evac Area 3 Dock,94.24,105.04,105.04,108.04,25.0,0,None
2,Vessel 2,2,Evac Area 3 Dock,Safe Area 3 Marina,108.04,118.84,118.84,121.84,25.0,12,Evac Area 3
1,Vessel 2,1,Safe Area 3 Marina,Evac Area 4 Dock,121.84,139.84,139.84,142.84,25.0,0,None
2,Vessel 2,2,Evac Area 4 Dock,Safe Area 3 Marina,142.84,160.84,160.84,163.84,25.0,12,Evac Area 4
1,Vessel 2,1,Safe Area 3 Marina,Evac Area 3 Dock,163.84,174.64,174.64,177.64,25.0,0,None
2,Vessel 2,2,Evac Area 3 Dock,Safe Area 1 Terminal,177.64,189.64,189.64,192.64,25.0,12,Evac Area 3
1,Vessel 2,1,Safe Area 1 Terminal,Evac Area 2 Marina,192.64,216.64,216.64,219.64,25.0,0,None
2,Vessel 2,2,Evac Area 2 Marina,Safe Area 2 Harbor,219.64,231.64,231.64,234.64,25.0,12,Evac Area 2
1,Vessel 3,1,Safe Area 3 Marina,Evac Area 3 Dock,60.0,70.80000000000001,70.80000000000001,73.80000000000001,25.0,0,None
2,Vessel 3,2,Evac Area 3 Dock,Safe Area 3 Marina,73.80000000000001,84.6,84.6,87.6,25.0,12,Evac Area 3
1,Vessel 3,1,Safe Area 3 Marina,Evac Area 3 Dock,87.6,98.4,98.4,101.4,25.0,0,None
2,Vessel 3,2,Evac Area 3 Dock,Safe Area 3 Marina,101.4,112.2,112.2,115.2,25.0,12,Evac Area 3
1,Vessel 3,1,Safe Area 3 Marina,Evac Area 4 Beach,115.2,133.2,133.2,136.2,25.0,0,None
2,Vessel 3,2,Evac Area 4 Beach,Safe Area 2 Harbor,136.2,154.44,154.44,157.44,25.0,12,Evac Area 4
1,Vessel 3,1,Safe Area 2 Harbor,Evac Area 2 Marina,157.44,169.44,169.44,172.44,25.0,0,None
2,Vessel 3,2,Evac Area 2 Marina,Safe Area 2 Harbor,172.44,184.44,184.44,187.44,25.0,12,Evac Area 2
1,Vessel 3,1,Safe Area 2 Harbor,Evac Area 2 Marina,187.44,199.44,199.44,202.44,25.0,0,None
2,Vessel 3,2,Evac Area 2 Marina,Safe Area 2 Harbor,202.44,214.44,214.44,217.44,25.0,12,Evac Area 2
1,Vessel 4,1,Safe Area 1 Terminal,Evac Area 3 Dock,10.0,22.0,22.0,27.0,25.0,0,None
2,Vessel 4,2,Evac Area 3 Dock,Safe Area 3 Marina,27.0,37.80000000000001,37.80000000000001,42.80000000000001,25.0,38,Evac Area 3
1,Vessel 4,1,Safe Area 3 Marina,Evac Area 3 Dock,42.80000000000001,53.599999999999994,53.599999999999994,58.599999999999994,25.0,0,None
2,Vessel 4,2,Evac Area 3 Dock,Safe Area 3 Marina,58.599999999999994,69.39999999999998,69.39999999999998,74.39999999999998,25.0,38,Evac Area 3
1,Vessel 4,1,Safe Area 3 Marina,Evac Area 3 Dock,74.39999999999998,85.19999999999999,85.19999999999999,90.2,25.0,0,None
2,Vessel 4,2,Evac Area 3 Dock,Safe Area 3 Marina,90.2,101.0,101.0,106.0,25.0,38,Evac Area 3
1,Vessel 4,1,Safe Area 3 Marina,Evac Area 3 Dock,106.0,116.8,116.8,121.8,25.0,0,None
2,Vessel 4,2,Evac Area 3 Dock,Safe Area 3 Marina,121.8,132.6,132.6,137.6,25.0,38,Evac Area 3
1,Vessel 4,1,Safe Area 3 Marina,Evac Area 3 Dock,137.6,148.4,148.4,153.39999999999998,25.0,0,None
2,Vessel 4,2,Evac Area 3 Dock,Safe Area 3 Marina,153.39999999999998,164.2,164.2,169.2,25.0,38,Evac Area 3
1,Vessel 4,1,Safe Area 3 Marina,Evac Area 3 Dock,169.2,180.0,180.0,185.0,25.0,0,None
2,Vessel 4,2,Evac Area 3 Dock,Safe Area 3 Marina,185.0,195.8,195.8,200.8,25.0,28,Evac Area 3
1,Vessel 4,1,Safe Area 3 Marina,Evac Area 2 Marina,200.8,217.6,217.6,222.6,25.0,0,None
2,Vessel 4,2,Evac Area 2 Marina,Safe Area 2 Harbor,222.6,234.6,234.6,239.6,25.0,37,Evac Area 2
1,Vessel 5,1,Safe Area 1 Terminal,Evac Area 3 Dock,30.0,46.666666666666686,46.666666666666686,56.666666666666686,18.0,0,None
2,Vessel 5,2,Evac Area 3 Dock,Safe Area 3 Marina,56.666666666666686,71.66666666666669,71.66666666666669,81.66666666666669,18.0,120,Evac Area 3
1,Vessel 5,1,Safe Area 3 Marina,Evac Area 4 Dock,81.66666666666669,106.66666666666669,106.66666666666669,116.66666666666669,18.0,0,None
2,Vessel 5,2,Evac Area 4 Dock,Safe Area 3 Marina,116.66666666666669,141.66666666666669,141.66666666666669,151.66666666666669,18.0,120,Evac Area 4
1,Vessel 5,1,Safe Area 3 Marina,Evac Area 4 Dock,151.66666666666669,176.66666666666669,176.66666666666669,186.66666666666669,18.0,0,None
2,Vessel 5,2,Evac Area 4 Dock,Safe Area 3 Marina,186.66666666666669,211.66666666666669,211.66666666666669,221.66666666666669,18.0,120,Evac Area 4
1,Vessel 6,1,Safe Area 1 Terminal,Evac Area 3 Dock,30.0,42.0,42.0,45.0,25.0,0,None
2,Vessel 6,2,Evac Area 3 Dock,Safe Area 3 Marina,45.0,55.80000000000001,55.80000000000001,58.80000000000001,25.0,12,Evac Area 3
1,Vessel 6,1,Safe Area 3 Marina,Evac Area 4 Dock,58.80000000000001,76.80000000000001,76.80000000000001,79.80000000000001,25.0,0,None
2,Vessel 6,2,Evac Area 4 Dock,Safe Area 3 Marina,79.80000000000001,97.8,97.8,100.8,25.0,10,Evac Area 4
1,Vessel 6,1,Safe Area 3 Marina,Evac Area 3 Dock,100.8,111.6,111.6,114.6,25.0,0,None
2,Vessel 6,2,Evac Area 3 Dock,Safe Area 3 Marina,114.6,125.4,125.4,128.39999999999998,25.0,12,Evac Area 3
1,Vessel 6,1,Safe Area 3 Marina,Evac Area 4 Beach,128.39999999999998,146.39999999999998,146.39999999999998,149.39999999999998,25.0,0,None
2,Vessel 6,2,Evac Area 4 Beach,Safe Area 2 Harbor,149.39999999999998,167.64,167.64,170.64,25.0,12,Evac Area 4
1,Vessel 6,1,Safe Area 2 Harbor,Evac Area 2 Marina,170.64,182.64,182.64,185.64,25.0,0,None
2,Vessel 6,2,Evac Area 2 Marina,Safe Area 2 Harbor,185.64,197.64,197.64,200.64,25.0,12,Evac Area 2
1,Vessel 6,1,Safe Area 2 Harbor,Evac Area 4 Beach,200.64,218.88,218.88,221.88,25.0,0,None
2,Vessel 6,2,Evac Area 4 Beach,Safe Area 3 Marina,221.88,239.88,239.88,242.88,25.0,5,Evac Area 4
1,Vessel 2,1,Safe Area 2 Harbor,Evac Area 4 Dock,234.64,252.88,252.88,255.88,25.0,0,None
2,Vessel 2,2,Evac Area 4 Dock,Safe Area 2 Harbor,255.88,274.12,274.12,277.12,25.0,12,Evac Area 4
3,Vessel 2,3,Safe Area 2 Harbor,Evac Area 4 Dock,277.12,295.35999999999996,295.35999999999996,298.35999999999996,25.0,0,None
4,Vessel 2,4,Evac Area 4 Dock,Safe Area 2 Harbor,298.35999999999996,316.59999999999997,316.59999999999997,319.59999999999997,25.0,12,Evac Area 4
5,Vessel 2,5,Safe Area 2 Harbor,Evac Area 4 Beach,319.59999999999997,337.84,337.84,340.84,25.0,0,None
6,Vessel 2,6,Evac Area 4 Beach,Safe Area 2 Harbor,340.84,359.08,359.08,362.08,25.0,12,Evac Area 4
7,Vessel 2,7,Safe Area 2 Harbor,Evac Area 2 Marina,362.08,374.08,374.08,377.08,25.0,0,None
8,Vessel 2,8,Evac Area 2 Marina,Safe Area 2 Harbor,377.08,389.08,389.08,392.08,25.0,12,Evac Area 2
9,Vessel 2,9,Safe Area 2 Harbor,Evac Area 2 Marina,392.08,404.08,404.08,407.08,25.0,0,None
10,Vessel 2,10,Evac Area 2 Marina,Safe Area 2 Harbor,407.08,419.08,419.08,422.08,25.0,12,Evac Area 2
11,Vessel 2,11,Safe Area 2 Harbor,Evac Area 2 Marina,422.08,434.08,434.08,437.08,25.0,0,None
12,Vessel 2,12,Evac Area 2 Marina,Safe Area 2 Harbor,437.08,449.08,449.08,452.08,25.0,12,Evac Area 2
13,Vessel 2,13,Safe Area 2 Harbor,Evac Area 2 Marina,452.08,464.08,464.08,467.08,25.0,0,None
14,Vessel 2,14,Evac Area 2 Marina,Safe Area 2 Harbor,467.08,479.08,479.08,482.08,25.0,12,Evac Area 2
15,Vessel 2,15,Safe Area 2 Harbor,Evac Area 4 Dock,482.08,500.32,500.32,503.32,25.0,0,None
16,Vessel 2,16,Evac Area 4 Dock,Safe Area 3 Marina,503.32,521.3199999999999,521.3199999999999,524.3199999999999,25.0,12,Evac Area 4
1,Vessel 3,1,Safe Area 2 Harbor,Evac Area 4 Beach,217.44,235.68,235.68,238.68,25.0,0,None
2,Vessel 3,2,Evac Area 4 Beach,Safe Area 2 Harbor,238.68,256.92,256.92,259.92,25.0,12,Evac Area 4
3,Vessel 3,3,Safe Area 2 Harbor,Evac Area 2 Marina,259.92,271.92,271.92,274.91999999999996,25.0,0,None
4,Vessel 3,4,Evac Area 2 Marina,Safe Area 2 Harbor,274.91999999999996,286.91999999999996,286.91999999999996,289.91999999999996,25.0,12,Evac Area 2
5,Vessel 3,5,Safe Area 2 Harbor,Evac Area 4 Beach,289.91999999999996,308.15999999999997,308.15999999999997,311.15999999999997,25.0,0,None
6,Vessel 3,6,Evac Area 4 Beach,Safe Area 2 Harbor,311.15999999999997,329.4,329.4,332.4,25.0,12,Evac Area 4
7,Vessel 3,7,Safe Area 2 Harbor,Evac Area 4 Dock,332.4,350.64,350.64,353.64,25.0,0,None
8,Vessel 3,8,Evac Area 4 Dock,Safe Area 2 Harbor,353.64,371.88,371.88,374.88,25.0,12,Evac Area 4
9,Vessel 3,9,Safe Area 2 Harbor,Evac Area 4 Dock,374.88,393.12,393.12,396.12,25.0,0,None
10,Vessel 3,10,Evac Area 4 Dock,Safe Area 2 Harbor,396.12,414.36,414.36,417.36,25.0,12,Evac Area 4
11,Vessel 3,11,Safe Area 2 Harbor,Evac Area 2 Marina,417.36,429.36,429.36,432.36,25.0,0,None
12,Vessel 3,12,Evac Area 2 Marina,Safe Area 2 Harbor,432.36,444.36,444.36,447.36,25.0,4,Evac Area 2
13,Vessel 3,13,Safe Area 2 Harbor,Evac Area 2 Marina,447.36,459.36,459.36,462.36,25.0,0,None
14,Vessel 3,14,Evac Area 2 Marina,Safe Area 2 Harbor,462.36,474.36,474.36,477.36,25.0,12,Evac Area 2
15,Vessel 3,15,Safe Area 2 Harbor,Evac Area 4 Dock,477.36,495.6,495.6,498.6,25.0,0,None
16,Vessel 3,16,Evac Area 4 Dock,Safe Area 3 Marina,498.6,516.6,516.6,519.6,25.0,12,Evac Area 4
17,Vessel 3,17,Safe Area 3 Marina,Evac Area 4 Dock,519.6,537.6,537.6,540.6,25.0,0,None
18,Vessel 3,18,Evac Area 4 Dock,Safe Area 3 Marina,540.6,558.6,558.6,561.6,25.0,12,Evac Area 4
1,Vessel 4,1,Safe Area 2 Harbor,Evac Area 2 Marina,239.6,251.6,251.6,256.6,25.0,0,None
2,Vessel 4,2,Evac Area 2 Marina,Safe Area 2 Harbor,256.6,268.6,268.6,273.6,25.0,38,Evac Area 2
3,Vessel 4,3,Safe Area 2 Harbor,Evac Area 2 Marina,273.6,285.6,285.6,290.6,25.0,0,None
4,Vessel 4,4,Evac Area 2 Marina,Safe Area 2 Harbor,290.6,302.6,302.6,307.6,25.0,38,Evac Area 2
5,Vessel 4,5,Safe Area 2 Harbor,Evac Area 2 Marina,307.6,319.6,319.6,324.6,25.0,0,None
6,Vessel 4,6,Evac Area 2 Marina,Safe Area 2 Harbor,324.6,336.6,336.6,341.6,25.0,38,Evac Area 2
7,Vessel 4,7,Safe Area 2 Harbor,Evac Area 2 Marina,341.6,353.6,353.6,358.6,25.0,0,None
8,Vessel 4,8,Evac Area 2 Marina,Safe Area 2 Harbor,358.6,370.6,370.6,375.6,25.0,38,Evac Area 2
9,Vessel 4,9,Safe Area 2 Harbor,Evac Area 2 Marina,375.6,387.6,387.6,392.6,25.0,0,None
10,Vessel 4,10,Evac Area 2 Marina,Safe Area 2 Harbor,392.6,404.6,404.6,409.6,25.0,38,Evac Area 2
11,Vessel 4,11,Safe Area 2 Harbor,Evac Area 2 Marina,409.6,421.6,421.6,426.6,25.0,0,None
12,Vessel 4,12,Evac Area 2 Marina,Safe Area 2 Harbor,426.6,438.6,438.6,443.6,25.0,38,Evac Area 2
13,Vessel 4,13,Safe Area 2 Harbor,Evac Area 4 Dock,443.6,461.84000000000003,461.84000000000003,466.84000000000003,25.0,0,None
14,Vessel 4,14,Evac Area 4 Dock,Safe Area 3 Marina,466.84000000000003,484.84000000000003,484.84000000000003,489.84000000000003,25.0,38,Evac Area 4
15,Vessel 4,15,Safe Area 3 Marina,Evac Area 4 Dock,489.84000000000003,507.84000000000003,507.84000000000003,512.84,25.0,0,None
16,Vessel 4,16,Evac Area 4 Dock,Safe Area 3 Marina,512.84,530.84,530.84,535.84,25.0,38,Evac Area 4
17,Vessel 4,17,Safe Area 3 Marina,Evac Area 3 Dock,535.84,546.6400000000001,546.6400000000001,551.6400000000001,25.0,0,None
18,Vessel 4,18,Evac Area 3 Dock,Safe Area 3 Marina,551.6400000000001,562.44,562.44,567.44,25.0,38,Evac Area 3
1,Vessel 5,1,Safe Area 3 Marina,Evac Area 3 Dock,221.66666666666669,236.66666666666669,236.66666666666669,246.66666666666669,18.0,0,None
2,Vessel 5,2,Evac Area 3 Dock,Safe Area 3 Marina,246.66666666666669,261.6666666666667,261.6666666666667,271.6666666666667,18.0,120,Evac Area 3
3,Vessel 5,3,Safe Area 3 Marina,Evac Area 3 Dock,271.6666666666667,286.6666666666667,286.6666666666667,296.6666666666667,18.0,0,None
4,Vessel 5,4,Evac Area 3 Dock,Safe Area 3 Marina,296.6666666666667,311.6666666666667,311.6666666666667,321.6666666666667,18.0,120,Evac Area 3
5,Vessel 5,5,Safe Area 3 Marina,Evac Area 3 Dock,321.6666666666667,336.6666666666667,336.6666666666667,346.6666666666667,18.0,0,None
6,Vessel 5,6,Evac Area 3 Dock,Safe Area 3 Marina,346.6666666666667,361.6666666666667,361.6666666666667,371.6666666666667,18.0,120,Evac Area 3
7,Vessel 5,7,Safe Area 3 Marina,Evac Area 3 Dock,371.6666666666667,386.6666666666667,386.6666666666667,396.6666666666667,18.0,0,None
8,Vessel 5,8,Evac Area 3 Dock,Safe Area 3 Marina,396.6666666666667,411.6666666666667,411.6666666666667,421.6666666666667,18.0,120,Evac Area 3
9,Vessel 5,9,Safe Area 3 Marina,Evac Area 3 Dock,421.6666666666667,436.6666666666667,436.6666666666667,446.6666666666667,18.0,0,None
10,Vessel 5,10,Evac Area 3 Dock,Safe Area 3 Marina,446.6666666666667,461.6666666666667,461.6666666666667,471.6666666666667,18.0,120,Evac Area 3
11,Vessel 5,11,Safe Area 3 Marina,Evac Area 3 Dock,471.6666666666667,486.6666666666667,486.6666666666667,496.6666666666667,18.0,0,None
12,Vessel 5,12,Evac Area 3 Dock,Safe Area 3 Marina,496.6666666666667,511.6666666666667,511.6666666666667,521.6666666666667,18.0,120,Evac Area 3
13,Vessel 5,13,Safe Area 3 Marina,Evac Area 3 Dock,521.6666666666667,536.6666666666667,536.6666666666667,546.6666666666667,18.0,0,None
14,Vessel 5,14,Evac Area 3 Dock,Safe Area 3 Marina,546.6666666666667,561.6666666666667,561.6666666666667,571.6666666666667,18.0,120,Evac Area 3
1,Vessel 6,1,Safe Area 3 Marina,Evac Area 4 Dock,242.88,260.88,260.88,263.88,25.0,0,None
2,Vessel 6,2,Evac Area 4 Dock,Safe Area 3 Marina,263.88,281.88,281.88,284.88,25.0,12,Evac Area 4
3,Vessel 6,3,Safe Area 3 Marina,Evac Area 4 Dock,284.88,302.88,302.88,305.88,25.0,0,None
4,Vessel 6,4,Evac Area 4 Dock,Safe Area 3 Marina,305.88,323.88,323.88,326.88,25.0,12,Evac Area 4
5,Vessel 6,5,Safe Area 3 Marina,Evac Area 3 Dock,326.88,337.68,337.68,340.68,25.0,0,None
6,Vessel 6,6,Evac Area 3 Dock,Safe Area 1 Terminal,340.68,352.68,352.68,355.68,25.0,12,Evac Area 3
7,Vessel 6,7,Safe Area 1 Terminal,Evac Area 3 Dock,355.68,367.68,367.68,370.68,25.0,0,None
8,Vessel 6,8,Evac Area 3 Dock,Safe Area 3 Marina,370.68,381.48,381.48,384.48,25.0,10,Evac Area 3
9,Vessel 6,9,Safe Area 3 Marina,Evac Area 4 Dock,384.48,402.48,402.48,405.48,25.0,0,None
10,Vessel 6,10,Evac Area 4 Dock,Safe Area 3 Marina,405.48,423.48,423.48,426.48,25.0,12,Evac Area 4
11,Vessel 6,11,Safe Area 3 Marina,Evac Area 4 Dock,426.48,444.48,444.48,447.48,25.0,0,None
12,Vessel 6,12,Evac Area 4 Dock,Safe Area 3 Marina,447.48,465.48,465.48,468.48,25.0,12,Evac Area 4
13,Vessel 6,13,Safe Area 3 Marina,Evac Area 3 Dock,468.48,479.28000000000003,479.28000000000003,482.28000000000003,25.0,0,None
14,Vessel 6,14,Evac Area 3 Dock,Safe Area 3 Marina,482.28000000000003,493.08000000000004,493.08000000000004,496.08000000000004,25.0,12,Evac Area 3
15,Vessel 6,15,Safe Area 3 Marina,Evac Area 4 Beach,496.08000000000004,514.08,514.08,517.08,25.0,0,None
16,Vessel 6,16,Evac Area 4 Beach,Safe Area 3 Marina,517.08,535.08,535.08,538.08,25.0,8,Evac Area 4
17,Vessel 6,17,Safe Area 3 Marina,Evac Area 3 Dock,538.08,548.8800000000001,548.8800000000001,551.8800000000001,25.0,0,None
18,Vessel 6,18,Evac Area 3 Dock,Safe Area 3 Marina,551.8800000000001,562.6800000000001,562.6800000000001,565.6800000000001,25.0,12,Evac Area 3
