segment_id,resource_id,route_segment_id,origin,destination,route_start_time,route_end_time,load_start_time,load_end_time,resource_speed,evacuees,evacuated_location
1,Vessel 1,1,Safe Area 1 Terminal,Evac Area 1 Ferry Terminal,10.0,24.0,24.0,34.0,12.0,0,None
2,Vessel 1,2,Evac Area 1 Ferry Terminal,Safe Area 1 Terminal,34.0,48.0,48.0,58.0,12.0,457,Evac Area 1
3,Vessel 1,3,Safe Area 1 Terminal,Evac Area 1 Ferry Terminal,58.0,72.0,72.0,82.0,12.0,0,None
4,Vessel 1,4,Evac Area 1 Ferry Terminal,Safe Area 1 Terminal,82.0,96.0,96.0,106.0,12.0,249,Evac Area 1
1,Vessel 2,1,Safe Area 2 Harbor,Evac Area 2 Marina,10.0,22.0,22.0,25.0,25.0,0,None
2,Vessel 2,2,Evac Area 2 Marina,Safe Area 2 Harbor,25.0,37.0,37.0,40.0,25.0,12,Evac Area 2
3,Vessel 2,3,Safe Area 2 Harbor,Evac Area 4 Dock,40.0,58.239999999999995,58.239999999999995,61.239999999999995,25.0,0,None
4,Vessel 2,4,Evac Area 4 Dock,Safe Area 3 Marina,61.239999999999995,79.24,79.24,82.24,25.0,12,Evac Area 4
5,Vessel 2,5,Safe Area 3 Marina,Evac Area 3 Dock,82.24,93.03999999999999,93.03999999999999,96.03999999999999,25.0,0,None
6,Vessel 2,6,Evac Area 3 Dock,Safe Area 3 Marina,96.03999999999999,106.83999999999999,106.83999999999999,109.83999999999999,25.0,12,Evac Area 3
7,Vessel 2,7,Safe Area 3 Marina,Evac Area 4 Dock,109.83999999999999,127.83999999999999,127.83999999999999,130.83999999999997,25.0,0,None
8,Vessel 2,8,Evac Area 4 Dock,Safe Area 3 Marina,130.83999999999997,148.83999999999997,148.83999999999997,151.83999999999997,25.0,12,Evac Area 4
9,Vessel 2,9,Safe Area 3 Marina,Evac Area 4 Dock,151.83999999999997,169.83999999999997,169.83999999999997,172.83999999999997,25.0,0,None
10,Vessel 2,10,Evac Area 4 Dock,Safe Area 3 Marina,172.83999999999997,190.83999999999997,190.83999999999997,193.83999999999997,25.0,12,Evac Area 4
11,Vessel 2,11,Safe Area 3 Marina,Evac Area 4 Beach,193.83999999999997,211.83999999999997,211.83999999999997,214.83999999999997,25.0,0,None
12,Vessel 2,12,Evac Area 4 Beach,Safe Area 3 Marina,214.83999999999997,232.83999999999997,232.83999999999997,235.83999999999997,25.0,12,Evac Area 4
13,Vessel 2,13,Safe Area 3 Marina,Evac Area 3 Dock,235.83999999999997,246.64,246.64,249.64,25.0,0,None
14,Vessel 2,14,Evac Area 3 Dock,Safe Area 3 Marina,249.64,260.44,260.44,263.44,25.0,12,Evac Area 3
15,Vessel 2,15,Safe Area 3 Marina,Evac Area 3 Dock,263.44,274.24,274.24,277.24,25.0,0,None
16,Vessel 2,16,Evac Area 3 Dock,Safe Area 3 Marina,277.24,288.04,288.04,291.04,25.0,12,Evac Area 3
17,Vessel 2,17,Safe Area 3 Marina,Evac Area 3 Dock,291.04,301.84000000000003,301.84000000000003,304.84000000000003,25.0,0,None
18,Vessel 2,18,Evac Area 3 Dock,Safe Area 3 Marina,304.84000000000003,315.64000000000004,315.64000000000004,318.64000000000004,25.0,12,Evac Area 3
1,Vessel 3,1,Safe Area 3 Marina,Evac Area 4 Dock,60.0,78.0,78.0,81.0,25.0,0,None
2,Vessel 3,2,Evac Area 4 Dock,Safe Area 2 Harbor,81.0,99.24,99.24,102.24,25.0,12,Evac Area 4
3,Vessel 3,3,Safe Area 2 Harbor,Evac Area 2 Marina,102.24,114.24,114.24,117.24,25.0,0,None
4,Vessel 3,4,Evac Area 2 Marina,Safe Area 2 Harbor,117.24,129.24,129.24,132.24,25.0,12,Evac Area 2
5,Vessel 3,5,Safe Area 2 Harbor,Evac Area 2 Marina,132.24,144.24,144.24,147.24,25.0,0,None
6,Vessel 3,6,Evac Area 2 Marina,Safe Area 2 Harbor,147.24,159.24,159.24,162.24,25.0,12,Evac Area 2
7,Vessel 3,7,Safe Area 2 Harbor,Evac Area 2 Marina,162.24,174.24,174.24,177.24,25.0,0,None
8,Vessel 3,8,Evac Area 2 Marina,Safe Area 2 Harbor,177.24,189.24,189.24,192.24,25.0,12,Evac Area 2
9,Vessel 3,9,Safe Area 2 Harbor,Evac Area 2 Marina,192.24,204.24,204.24,207.24,25.0,0,None
10,Vessel 3,10,Evac Area 2 Marina,Safe Area 2 Harbor,207.24,219.24,219.24,222.24,25.0,12,Evac Area 2
11,Vessel 3,11,Safe Area 2 Harbor,Evac Area 2 Marina,222.24,234.24,234.24,237.24,25.0,0,None
12,Vessel 3,12,Evac Area 2 Marina,Safe Area 2 Harbor,237.24,249.24,249.24,252.24,25.0,12,Evac Area 2
13,Vessel 3,13,Safe Area 2 Harbor,Evac Area 2 Marina,252.24,264.24,264.24,267.24,25.0,0,None
14,Vessel 3,14,Evac Area 2 Marina,Safe Area 2 Harbor,267.24,279.24,279.24,282.24,25.0,12,Evac Area 2
15,Vessel 3,15,Safe Area 2 Harbor,Evac Area 2 Marina,282.24,294.24,294.24,297.24,25.0,0,None
16,Vessel 3,16,Evac Area 2 Marina,Safe Area 2 Harbor,297.24,309.24,309.24,312.24,25.0,2,Evac Area 2
1,Vessel 4,1,Safe Area 1 Terminal,Evac Area 3 Dock,10.0,22.0,22.0,27.0,25.0,0,None
2,Vessel 4,2,Evac Area 3 Dock,Safe Area 3 Marina,27.0,37.8,37.8,42.8,25.0,38,Evac Area 3
3,Vessel 4,3,Safe Area 3 Marina,Evac Area 4 Dock,42.8,60.8,60.8,65.8,25.0,0,None
4,Vessel 4,4,Evac Area 4 Dock,Safe Area 3 Marina,65.8,83.8,83.8,88.8,25.0,38,Evac Area 4
5,Vessel 4,5,Safe Area 3 Marina,Evac Area 3 Dock,88.8,99.6,99.6,104.6,25.0,0,None
6,Vessel 4,6,Evac Area 3 Dock,Safe Area 3 Marina,104.6,115.39999999999999,115.39999999999999,120.39999999999999,25.0,36,Evac Area 3
7,Vessel 4,7,Safe Area 3 Marina,Evac Area 4 Dock,120.39999999999999,138.39999999999998,138.39999999999998,143.39999999999998,25.0,0,None
8,Vessel 4,8,Evac Area 4 Dock,Safe Area 3 Marina,143.39999999999998,161.39999999999998,161.39999999999998,166.39999999999998,25.0,38,Evac Area 4
9,Vessel 4,9,Safe Area 3 Marina,Evac Area 3 Dock,166.39999999999998,177.2,177.2,182.2,25.0,0,None
10,Vessel 4,10,Evac Area 3 Dock,Safe Area 3 Marina,182.2,193.0,193.0,198.0,25.0,38,Evac Area 3
11,Vessel 4,11,Safe Area 3 Marina,Evac Area 3 Dock,198.0,208.8,208.8,213.8,25.0,0,None
12,Vessel 4,12,Evac Area 3 Dock,Safe Area 3 Marina,213.8,224.60000000000002,224.60000000000002,229.60000000000002,25.0,38,Evac Area 3
13,Vessel 4,13,Safe Area 3 Marina,Evac Area 3 Dock,229.60000000000002,240.40000000000003,240.40000000000003,245.40000000000003,25.0,0,None
14,Vessel 4,14,Evac Area 3 Dock,Safe Area 3 Marina,245.40000000000003,256.20000000000005,256.20000000000005,261.20000000000005,25.0,38,Evac Area 3
15,Vessel 4,15,Safe Area 3 Marina,Evac Area 3 Dock,261.20000000000005,272.00000000000006,272.00000000000006,277.00000000000006,25.0,0,None
16,Vessel 4,16,Evac Area 3 Dock,Safe Area 3 Marina,277.00000000000006,287.80000000000007,287.80000000000007,292.80000000000007,25.0,38,Evac Area 3
17,Vessel 4,17,Safe Area 3 Marina,Evac Area 3 Dock,292.80000000000007,303.6000000000001,303.6000000000001,308.6000000000001,25.0,0,None
18,Vessel 4,18,Evac Area 3 Dock,Safe Area 3 Marina,308.6000000000001,319.4000000000001,319.4000000000001,324.4000000000001,25.0,38,Evac Area 3
1,Vessel 5,1,Safe Area 1 Terminal,Evac Area 3 Dock,30.0,46.66666666666667,46.66666666666667,56.66666666666667,18.0,0,None
2,Vessel 5,2,Evac Area 3 Dock,Safe Area 1 Terminal,56.66666666666667,73.33333333333334,73.33333333333334,83.33333333333334,18.0,120,Evac Area 3
3,Vessel 5,3,Safe Area 1 Terminal,Evac Area 3 Dock,83.33333333333334,100.00000000000001,100.00000000000001,110.00000000000001,18.0,0,None
4,Vessel 5,4,Evac Area 3 Dock,Safe Area 1 Terminal,110.00000000000001,126.66666666666669,126.66666666666669,136.66666666666669,18.0,120,Evac Area 3
5,Vessel 5,5,Safe Area 1 Terminal,Evac Area 3 Dock,136.66666666666669,153.33333333333334,153.33333333333334,163.33333333333334,18.0,0,None
6,Vessel 5,6,Evac Area 3 Dock,Safe Area 3 Marina,163.33333333333334,178.33333333333334,178.33333333333334,188.33333333333334,18.0,120,Evac Area 3
7,Vessel 5,7,Safe Area 3 Marina,Evac Area 4 Dock,188.33333333333334,213.33333333333334,213.33333333333334,223.33333333333334,18.0,0,None
8,Vessel 5,8,Evac Area 4 Dock,Safe Area 2 Harbor,223.33333333333334,248.66666666666669,248.66666666666669,258.6666666666667,18.0,120,Evac Area 4
9,Vessel 5,9,Safe Area 2 Harbor,Evac Area 2 Marina,258.6666666666667,275.33333333333337,275.33333333333337,285.33333333333337,18.0,0,None
10,Vessel 5,10,Evac Area 2 Marina,Safe Area 2 Harbor,285.33333333333337,302.00000000000006,302.00000000000006,312.00000000000006,18.0,120,Evac Area 2
1,Vessel 6,1,Safe Area 1 Terminal,Evac Area 3 Dock,30.0,42.0,42.0,45.0,25.0,0,None
2,Vessel 6,2,Evac Area 3 Dock,Safe Area 3 Marina,45.0,55.8,55.8,58.8,25.0,12,Evac Area 3
3,Vessel 6,3,Safe Area 3 Marina,Evac Area 3 Dock,58.8,69.6,69.6,72.6,25.0,0,None
4,Vessel 6,4,Evac Area 3 Dock,Safe Area 3 Marina,72.6,83.39999999999999,83.39999999999999,86.39999999999999,25.0,12,Evac Area 3
5,Vessel 6,5,Safe Area 3 Marina,Evac Area 4 Beach,86.39999999999999,104.39999999999999,104.39999999999999,107.39999999999999,25.0,0,None
6,Vessel 6,6,Evac Area 4 Beach,Safe Area 3 Marina,107.39999999999999,125.39999999999999,125.39999999999999,128.39999999999998,25.0,12,Evac Area 4
7,Vessel 6,7,Safe Area 3 Marina,Evac Area 3 Dock,128.39999999999998,139.2,139.2,142.2,25.0,0,None
8,Vessel 6,8,Evac Area 3 Dock,Safe Area 3 Marina,142.2,153.0,153.0,156.0,25.0,12,Evac Area 3
9,Vessel 6,9,Safe Area 3 Marina,Evac Area 4 Beach,156.0,174.0,174.0,177.0,25.0,0,None
10,Vessel 6,10,Evac Area 4 Beach,Safe Area 3 Marina,177.0,195.0,195.0,198.0,25.0,9,Evac Area 4
11,Vessel 6,11,Safe Area 3 Marina,Evac Area 3 Dock,198.0,208.8,208.8,211.8,25.0,0,None
12,Vessel 6,12,Evac Area 3 Dock,Safe Area 3 Marina,211.8,222.60000000000002,222.60000000000002,225.60000000000002,25.0,12,Evac Area 3
13,Vessel 6,13,Safe Area 3 Marina,Evac Area 3 Dock,225.60000000000002,236.40000000000003,236.40000000000003,239.40000000000003,25.0,0,None
14,Vessel 6,14,Evac Area 3 Dock,Safe Area 3 Marina,239.40000000000003,250.20000000000005,250.20000000000005,253.20000000000005,25.0,12,Evac Area 3
15,Vessel 6,15,Safe Area 3 Marina,Evac Area 3 Dock,253.20000000000005,264.00000000000006,264.00000000000006,267.00000000000006,25.0,0,None
16,Vessel 6,16,Evac Area 3 Dock,Safe Area 3 Marina,267.00000000000006,277.80000000000007,277.80000000000007,280.80000000000007,25.0,12,Evac Area 3
17,Vessel 6,17,Safe Area 3 Marina,Evac Area 4 Beach,280.80000000000007,298.80000000000007,298.80000000000007,301.80000000000007,25.0,0,None
18,Vessel 6,18,Evac Area 4 Beach,Safe Area 3 Marina,301.80000000000007,319.80000000000007,319.80000000000007,322.80000000000007,25.0,12,Evac Area 4
