segment_id,resource_id,route_segment_id,origin,destination,route_start_time,route_end_time,load_start_time,load_end_time,resource_speed,evacuees,evacuated_location
1,Vessel 1,1,Safe Area 1 Terminal,Evac Area 1 Ferry Terminal,10.0,24.0,24.0,34.0,12.0,0,None
2,Vessel 1,2,Evac Area 1 Ferry Terminal,Safe Area 1 Terminal,34.0,48.0,48.0,58.0,12.0,457,Evac Area 1
1,Vessel 2,1,Safe Area 2 Harbor,Evac Area 4 Dock,10.0,28.239999999999995,28.239999999999995,31.239999999999995,25.0,0,None
2,Vessel 2,2,Evac Area 4 Dock,Safe Area 3 Marina,31.239999999999995,49.24,49.24,52.24,25.0,12,Evac Area 4
1,Vessel 2,1,Safe Area 3 Marina,Evac Area 3 Dock,52.24,63.04,63.04,66.03999999999999,25.0,0,None
2,Vessel 2,2,Evac Area 3 Dock,Safe Area 3 Marina,66.03999999999999,76.84,76.84,79.84,25.0,12,Evac Area 3
1,Vessel 2,1,Safe Area 3 Marina,Evac Area 2 Marina,79.84,96.64,96.64,99.64,25.0,0,None
2,Vessel 2,2,Evac Area 2 Marina,Safe Area 2 Harbor,99.64,111.64,111.64,114.64,25.0,12,Evac Area 2
1,Vessel 3,1,Safe Area 3 Marina,Evac Area 4 Dock,60.0,78.0,78.0,81.0,25.0,0,None
2,Vessel 3,2,Evac Area 4 Dock,Safe Area 2 Harbor,81.0,99.24,99.24,102.24,25.0,12,Evac Area 4
1,Vessel 4,1,Safe Area 1 Terminal,Evac Area 3 Dock,10.0,22.0,22.0,27.0,25.0,0,None
2,Vessel 4,2,Evac Area 3 Dock,Safe Area 3 Marina,27.0,37.8,37.8,42.8,25.0,38,Evac Area 3
1,Vessel 4,1,Safe Area 3 Marina,Evac Area 3 Dock,42.8,53.6,53.6,58.6,25.0,0,None
2,Vessel 4,2,Evac Area 3 Dock,Safe Area 3 Marina,58.6,69.39999999999999,69.39999999999999,74.39999999999999,25.0,38,Evac Area 3
1,Vessel 4,1,Safe Area 3 Marina,Evac Area 3 Dock,74.39999999999999,85.19999999999999,85.19999999999999,90.2,25.0,0,None
2,Vessel 4,2,Evac Area 3 Dock,Safe Area 3 Marina,90.2,101.0,101.0,106.0,25.0,38,Evac Area 3
1,Vessel 5,1,Safe Area 1 Terminal,Evac Area 4 Dock,30.0,60.0,60.0,70.0,18.0,0,None
2,Vessel 5,2,Evac Area 4 Dock,Safe Area 2 Harbor,70.0,95.33333333333331,95.33333333333331,105.33333333333331,18.0,113,Evac Area 4
1,Vessel 6,1,Safe Area 1 Terminal,Evac Area 3 Dock,30.0,42.0,42.0,45.0,25.0,0,None
2,Vessel 6,2,Evac Area 3 Dock,Safe Area 3 Marina,45.0,55.8,55.8,58.8,25.0,12,Evac Area 3
1,Vessel 6,1,Safe Area 3 Marina,Evac Area 3 Dock,58.8,69.6,69.6,72.6,25.0,0,None
2,Vessel 6,2,Evac Area 3 Dock,Safe Area 3 Marina,72.6,83.39999999999999,83.39999999999999,86.39999999999999,25.0,12,Evac Area 3
1,Vessel 6,1,Safe Area 3 Marina,Evac Area 3 Dock,86.39999999999999,97.2,97.2,100.2,25.0,0,None
2,Vessel 6,2,Evac Area 3 Dock,Safe Area 3 Marina,100.2,111.0,111.0,114.0,25.0,12,Evac Area 3
1,Vessel 2,1,Safe Area 2 Harbor,Evac Area 2 Marina,114.64,126.64,126.64,129.64,25.0,0,None
2,Vessel 2,2,Evac Area 2 Marina,Safe Area 2 Harbor,129.64,141.64,141.64,144.64,25.0,12,Evac Area 2
3,Vessel 2,3,Safe Area 2 Harbor,Evac Area 2 Marina,144.64,156.64,156.64,159.64,25.0,0,None
4,Vessel 2,4,Evac Area 2 Marina,Safe Area 2 Harbor,159.64,171.64,171.64,174.64,25.0,12,Evac Area 2
5,Vessel 2,5,Safe Area 2 Harbor,Evac Area 2 Marina,174.64,186.64,186.64,189.64,25.0,0,None
6,Vessel 2,6,Evac Area 2 Marina,Safe Area 2 Harbor,189.64,201.64,201.64,204.64,25.0,12,Evac Area 2
7,Vessel 2,7,Safe Area 2 Harbor,Evac Area 2 Marina,204.64,216.64,216.64,219.64,25.0,0,None
8,Vessel 2,8,Evac Area 2 Marina,Safe Area 2 Harbor,219.64,231.64,231.64,234.64,25.0,12,Evac Area 2
9,Vessel 2,9,Safe Area 2 Harbor,Evac Area 2 Marina,234.64,246.64,246.64,249.64,25.0,0,None
10,Vessel 2,10,Evac Area 2 Marina,Safe Area 2 Harbor,249.64,261.64,261.64,264.64,25.0,12,Evac Area 2
11,Vessel 2,11,Safe Area 2 Harbor,Evac Area 2 Marina,264.64,276.64,276.64,279.64,25.0,0,None
12,Vessel 2,12,Evac Area 2 Marina,Safe Area 2 Harbor,279.64,291.64,291.64,294.64,25.0,12,Evac Area 2
1,Vessel 3,1,Safe Area 2 Harbor,Evac Area 2 Marina,102.24,114.24,114.24,117.24,25.0,0,None
2,Vessel 3,2,Evac Area 2 Marina,Safe Area 2 Harbor,117.24,129.24,129.24,132.24,25.0,12,Evac Area 2
3,Vessel 3,3,Safe Area 2 Harbor,Evac Area 4 Beach,132.24,150.48,150.48,153.48,25.0,0,None
4,Vessel 3,4,Evac Area 4 Beach,Safe Area 3 Marina,153.48,171.48,171.48,174.48,25.0,12,Evac Area 4
5,Vessel 3,5,Safe Area 3 Marina,Evac Area 3 Dock,174.48,185.27999999999997,185.27999999999997,188.27999999999997,25.0,0,None
6,Vessel 3,6,Evac Area 3 Dock,Safe Area 3 Marina,188.27999999999997,199.07999999999998,199.07999999999998,202.07999999999998,25.0,12,Evac Area 3
7,Vessel 3,7,Safe Area 3 Marina,Evac Area 3 Dock,202.07999999999998,212.88,212.88,215.88,25.0,0,None
8,Vessel 3,8,Evac Area 3 Dock,Safe Area 3 Marina,215.88,226.67999999999998,226.67999999999998,229.67999999999998,25.0,12,Evac Area 3
9,Vessel 3,9,Safe Area 3 Marina,Evac Area 3 Dock,229.67999999999998,240.48,240.48,243.48,25.0,0,None
10,Vessel 3,10,Evac Area 3 Dock,Safe Area 3 Marina,243.48,254.28,254.28,257.28,25.0,12,Evac Area 3
11,Vessel 3,11,Safe Area 3 Marina,Evac Area 3 Dock,257.28,268.08000000000004,268.08000000000004,271.08000000000004,25.0,0,None
12,Vessel 3,12,Evac Area 3 Dock,Safe Area 3 Marina,271.08000000000004,281.88,281.88,284.88,25.0,8,Evac Area 3
1,Vessel 4,1,Safe Area 3 Marina,Evac Area 3 Dock,106.0,116.8,116.8,121.8,25.0,0,None
2,Vessel 4,2,Evac Area 3 Dock,Safe Area 3 Marina,121.8,132.6,132.6,137.6,25.0,38,Evac Area 3
3,Vessel 4,3,Safe Area 3 Marina,Evac Area 3 Dock,137.6,148.39999999999998,148.39999999999998,153.39999999999998,25.0,0,None
4,Vessel 4,4,Evac Area 3 Dock,Safe Area 3 Marina,153.39999999999998,164.2,164.2,169.2,25.0,38,Evac Area 3
5,Vessel 4,5,Safe Area 3 Marina,Evac Area 3 Dock,169.2,180.0,180.0,185.0,25.0,0,None
6,Vessel 4,6,Evac Area 3 Dock,Safe Area 3 Marina,185.0,195.79999999999998,195.79999999999998,200.79999999999998,25.0,38,Evac Area 3
7,Vessel 4,7,Safe Area 3 Marina,Evac Area 3 Dock,200.79999999999998,211.59999999999997,211.59999999999997,216.59999999999997,25.0,0,None
8,Vessel 4,8,Evac Area 3 Dock,Safe Area 3 Marina,216.59999999999997,227.39999999999998,227.39999999999998,232.39999999999998,25.0,38,Evac Area 3
9,Vessel 4,9,Safe Area 3 Marina,Evac Area 3 Dock,232.39999999999998,243.2,243.2,248.2,25.0,0,None
10,Vessel 4,10,Evac Area 3 Dock,Safe Area 3 Marina,248.2,259.0,259.0,264.0,25.0,38,Evac Area 3
11,Vessel 4,11,Safe Area 3 Marina,Evac Area 3 Dock,264.0,274.8,274.8,279.8,25.0,0,None
12,Vessel 4,12,Evac Area 3 Dock,Safe Area 3 Marina,279.8,290.6,290.6,295.6,25.0,38,Evac Area 3
1,Vessel 5,1,Safe Area 2 Harbor,Evac Area 2 Marina,105.33333333333331,121.99999999999999,121.99999999999999,132.0,18.0,0,None
2,Vessel 5,2,Evac Area 2 Marina,Safe Area 2 Harbor,132.0,148.66666666666666,148.66666666666666,158.66666666666666,18.0,120,Evac Area 2
3,Vessel 5,3,Safe Area 2 Harbor,Evac Area 4 Dock,158.66666666666666,184.0,184.0,194.0,18.0,0,None
4,Vessel 5,4,Evac Area 4 Dock,Safe Area 2 Harbor,194.0,219.33333333333331,219.33333333333331,229.33333333333331,18.0,120,Evac Area 4
5,Vessel 5,5,Safe Area 2 Harbor,Evac Area 2 Marina,229.33333333333331,245.99999999999997,245.99999999999997,255.99999999999997,18.0,0,None
6,Vessel 5,6,Evac Area 2 Marina,Safe Area 2 Harbor,255.99999999999997,272.66666666666663,272.66666666666663,282.66666666666663,18.0,120,Evac Area 2
1,Vessel 6,1,Safe Area 3 Marina,Evac Area 4 Beach,114.0,132.0,132.0,135.0,25.0,0,None
2,Vessel 6,2,Evac Area 4 Beach,Safe Area 2 Harbor,135.0,153.24,153.24,156.24,25.0,5,Evac Area 4
3,Vessel 6,3,Safe Area 2 Harbor,Evac Area 2 Marina,156.24,168.24,168.24,171.24,25.0,0,None
4,Vessel 6,4,Evac Area 2 Marina,Safe Area 2 Harbor,171.24,183.24,183.24,186.24,25.0,12,Evac Area 2
5,Vessel 6,5,Safe Area 2 Harbor,Evac Area 2 Marina,186.24,198.24,198.24,201.24,25.0,0,None
6,Vessel 6,6,Evac Area 2 Marina,Safe Area 2 Harbor,201.24,213.24,213.24,216.24,25.0,12,Evac Area 2
7,Vessel 6,7,Safe Area 2 Harbor,Evac Area 2 Marina,216.24,228.24,228.24,231.24,25.0,0,None
8,Vessel 6,8,Evac Area 2 Marina,Safe Area 2 Harbor,231.24,243.24,243.24,246.24,25.0,6,Evac Area 2
9,Vessel 6,9,Safe Area 2 Harbor,Evac Area 4 Dock,246.24,264.48,264.48,267.48,25.0,0,None
10,Vessel 6,10,Evac Area 4 Dock,Safe Area 3 Marina,267.48,285.48,285.48,288.48,25.0,12,Evac Area 4
