segment_id,resource_id,route_segment_id,origin,destination,route_start_time,route_end_time,load_start_time,load_end_time,resource_speed,evacuees,evacuated_location
1,Vessel 1,1,Safe Area 1 Terminal,Evac Area 1 Ferry Terminal,10.0,24.0,24.0,34.0,12.0,0,None
2,Vessel 1,2,Evac Area 1 Ferry Terminal,Safe Area 1 Terminal,34.0,48.0,48.0,58.0,12.0,367,Evac Area 1
1,Vessel 2,1,Safe Area 2 Harbor,Evac Area 4 Dock,10.0,28.24,28.24,31.24,25.0,0,None
2,Vessel 2,2,Evac Area 4 Dock,Safe Area 3 Marina,31.24,49.24,49.24,52.24,25.0,12,Evac Area 4
1,Vessel 4,1,Safe Area 1 Terminal,Evac Area 3 Dock,10.0,22.0,22.0,27.0,25.0,0,None
2,Vessel 4,2,Evac Area 3 Dock,Safe Area 3 Marina,27.0,37.8,37.8,42.8,25.0,38,Evac Area 3
1,Vessel 4,1,Safe Area 3 Marina,Evac Area 3 Dock,42.8,53.6,53.6,58.6,25.0,0,None
2,Vessel 4,2,Evac Area 3 Dock,Safe Area 3 Marina,58.6,69.39999999999999,69.39999999999999,74.39999999999999,25.0,38,Evac Area 3
1,Vessel 5,1,Safe Area 1 Terminal,Evac Area 3 Dock,30.0,46.66666666666667,46.66666666666667,56.66666666666667,18.0,0,None
2,Vessel 5,2,Evac Area 3 Dock,Safe Area 3 Marina,56.66666666666667,71.66666666666667,71.66666666666667,81.66666666666667,18.0,120,Evac Area 3
1,Vessel 6,1,Safe Area 1 Terminal,Evac Area 3 Dock,30.0,42.0,42.0,45.0,25.0,0,None
2,Vessel 6,2,Evac Area 3 Dock,Safe Area 3 Marina,45.0,55.8,55.8,58.8,25.0,12,Evac Area 3
1,Vessel 2,1,Safe Area 3 Marina,Evac Area 3 Dock,52.24,63.04,63.04,66.03999999999999,25.0,0,None
2,Vessel 2,2,Evac Area 3 Dock,Safe Area 3 Marina,66.03999999999999,76.84,76.84,79.84,25.0,12,Evac Area 3
3,Vessel 2,3,Safe Area 3 Marina,Evac Area 3 Dock,79.84,90.63999999999999,90.63999999999999,93.63999999999999,25.0,0,None
4,Vessel 2,4,Evac Area 3 Dock,Safe Area 3 Marina,93.63999999999999,104.44,104.44,107.44,25.0,12,Evac Area 3
5,Vessel 2,5,Safe Area 3 Marina,Evac Area 3 Dock,107.44,118.24,118.24,121.24,25.0,0,None
6,Vessel 2,6,Evac Area 3 Dock,Safe Area 3 Marina,121.24,132.04,132.04,135.04,25.0,12,Evac Area 3
7,Vessel 2,7,Safe Area 3 Marina,Evac Area 3 Dock,135.04,145.83999999999997,145.83999999999997,148.83999999999997,25.0,0,None
8,Vessel 2,8,Evac Area 3 Dock,Safe Area 3 Marina,148.83999999999997,159.64,159.64,162.64,25.0,12,Evac Area 3
9,Vessel 2,9,Safe Area 3 Marina,Evac Area 3 Dock,162.64,173.44,173.44,176.44,25.0,0,None
10,Vessel 2,10,Evac Area 3 Dock,Safe Area 3 Marina,176.44,187.24,187.24,190.24,25.0,12,Evac Area 3
11,Vessel 2,11,Safe Area 3 Marina,Evac Area 3 Dock,190.24,201.04000000000002,201.04000000000002,204.04000000000002,25.0,0,None
12,Vessel 2,12,Evac Area 3 Dock,Safe Area 3 Marina,204.04000000000002,214.84000000000003,214.84000000000003,217.84000000000003,25.0,12,Evac Area 3
13,Vessel 2,13,Safe Area 3 Marina,Evac Area 3 Dock,217.84000000000003,228.64000000000004,228.64000000000004,231.64000000000004,25.0,0,None
14,Vessel 2,14,Evac Area 3 Dock,Safe Area 3 Marina,231.64000000000004,242.44000000000005,242.44000000000005,245.44000000000005,25.0,12,Evac Area 3
15,Vessel 2,15,Safe Area 3 Marina,Evac Area 3 Dock,245.44000000000005,256.24000000000007,256.24000000000007,259.24000000000007,25.0,0,None
16,Vessel 2,16,Evac Area 3 Dock,Safe Area 3 Marina,259.24000000000007,270.0400000000001,270.0400000000001,273.0400000000001,25.0,12,Evac Area 3
17,Vessel 2,17,Safe Area 3 Marina,Evac Area 3 Dock,273.0400000000001,283.8400000000001,283.8400000000001,286.8400000000001,25.0,0,None
18,Vessel 2,18,Evac Area 3 Dock,Safe Area 3 Marina,286.8400000000001,297.6400000000001,297.6400000000001,300.6400000000001,25.0,12,Evac Area 3
19,Vessel 2,19,Safe Area 3 Marina,Evac Area 3 Dock,300.6400000000001,311.4400000000001,311.4400000000001,314.4400000000001,25.0,0,None
20,Vessel 2,20,Evac Area 3 Dock,Safe Area 3 Marina,314.4400000000001,325.2400000000001,325.2400000000001,328.2400000000001,25.0,12,Evac Area 3
21,Vessel 2,21,Safe Area 3 Marina,Evac Area 3 Dock,328.2400000000001,339.04000000000013,339.04000000000013,342.04000000000013,25.0,0,None
22,Vessel 2,22,Evac Area 3 Dock,Safe Area 3 Marina,342.04000000000013,352.84000000000015,352.84000000000015,355.84000000000015,25.0,12,Evac Area 3
23,Vessel 2,23,Safe Area 3 Marina,Evac Area 3 Dock,355.84000000000015,366.64000000000016,366.64000000000016,369.64000000000016,25.0,0,None
24,Vessel 2,24,Evac Area 3 Dock,Safe Area 1 Terminal,369.64000000000016,381.64000000000016,381.64000000000016,384.64000000000016,25.0,8,Evac Area 3
25,Vessel 2,25,Safe Area 1 Terminal,Evac Area 3 Dock,384.64000000000016,396.64000000000016,396.64000000000016,399.64000000000016,25.0,0,None
26,Vessel 2,26,Evac Area 3 Dock,Safe Area 3 Marina,399.64000000000016,410.44000000000017,410.44000000000017,413.44000000000017,25.0,12,Evac Area 3
27,Vessel 2,27,Safe Area 3 Marina,Evac Area 3 Dock,413.44000000000017,424.2400000000002,424.2400000000002,427.2400000000002,25.0,0,None
28,Vessel 2,28,Evac Area 3 Dock,Safe Area 3 Marina,427.2400000000002,438.0400000000002,438.0400000000002,441.0400000000002,25.0,12,Evac Area 3
29,Vessel 2,29,Safe Area 3 Marina,Evac Area 3 Dock,441.0400000000002,451.8400000000002,451.8400000000002,454.8400000000002,25.0,0,None
30,Vessel 2,30,Evac Area 3 Dock,Safe Area 3 Marina,454.8400000000002,465.6400000000002,465.6400000000002,468.6400000000002,25.0,12,Evac Area 3
31,Vessel 2,31,Safe Area 3 Marina,Evac Area 2 Marina,468.6400000000002,485.4400000000002,485.4400000000002,488.4400000000002,25.0,0,None
32,Vessel 2,32,Evac Area 2 Marina,Safe Area 2 Harbor,488.4400000000002,500.4400000000002,500.4400000000002,503.4400000000002,25.0,12,Evac Area 2
33,Vessel 2,33,Safe Area 2 Harbor,Evac Area 2 Marina,503.4400000000002,515.4400000000003,515.4400000000003,518.4400000000003,25.0,0,None
34,Vessel 2,34,Evac Area 2 Marina,Safe Area 2 Harbor,518.4400000000003,530.4400000000003,530.4400000000003,533.4400000000003,25.0,12,Evac Area 2
1,Vessel 3,1,Safe Area 3 Marina,Evac Area 2 Marina,60.0,76.8,76.8,79.8,25.0,0,None
2,Vessel 3,2,Evac Area 2 Marina,Safe Area 2 Harbor,79.8,91.8,91.8,94.8,25.0,12,Evac Area 2
3,Vessel 3,3,Safe Area 2 Harbor,Evac Area 2 Marina,94.8,106.8,106.8,109.8,25.0,0,None
4,Vessel 3,4,Evac Area 2 Marina,Safe Area 2 Harbor,109.8,121.8,121.8,124.8,25.0,12,Evac Area 2
5,Vessel 3,5,Safe Area 2 Harbor,Evac Area 4 Dock,124.8,143.04,143.04,146.04,25.0,0,None
6,Vessel 3,6,Evac Area 4 Dock,Safe Area 3 Marina,146.04,164.04,164.04,167.04,25.0,12,Evac Area 4
7,Vessel 3,7,Safe Area 3 Marina,Evac Area 4 Dock,167.04,185.04,185.04,188.04,25.0,0,None
8,Vessel 3,8,Evac Area 4 Dock,Safe Area 3 Marina,188.04,206.04,206.04,209.04,25.0,12,Evac Area 4
9,Vessel 3,9,Safe Area 3 Marina,Evac Area 4 Dock,209.04,227.04,227.04,230.04,25.0,0,None
10,Vessel 3,10,Evac Area 4 Dock,Safe Area 3 Marina,230.04,248.04,248.04,251.04,25.0,12,Evac Area 4
11,Vessel 3,11,Safe Area 3 Marina,Evac Area 4 Beach,251.04,269.03999999999996,269.03999999999996,272.03999999999996,25.0,0,None
12,Vessel 3,12,Evac Area 4 Beach,Safe Area 3 Marina,272.03999999999996,290.03999999999996,290.03999999999996,293.03999999999996,25.0,12,Evac Area 4
13,Vessel 3,13,Safe Area 3 Marina,Evac Area 3 Dock,293.03999999999996,303.84,303.84,306.84,25.0,0,None
14,Vessel 3,14,Evac Area 3 Dock,Safe Area 3 Marina,306.84,317.64,317.64,320.64,25.0,12,Evac Area 3
15,Vessel 3,15,Safe Area 3 Marina,Evac Area 3 Dock,320.64,331.44,331.44,334.44,25.0,0,None
16,Vessel 3,16,Evac Area 3 Dock,Safe Area 3 Marina,334.44,345.24,345.24,348.24,25.0,12,Evac Area 3
17,Vessel 3,17,Safe Area 3 Marina,Evac Area 3 Dock,348.24,359.04,359.04,362.04,25.0,0,None
18,Vessel 3,18,Evac Area 3 Dock,Safe Area 3 Marina,362.04,372.84000000000003,372.84000000000003,375.84000000000003,25.0,12,Evac Area 3
19,Vessel 3,19,Safe Area 3 Marina,Evac Area 3 Dock,375.84000000000003,386.64000000000004,386.64000000000004,389.64000000000004,25.0,0,None
20,Vessel 3,20,Evac Area 3 Dock,Safe Area 3 Marina,389.64000000000004,400.44000000000005,400.44000000000005,403.44000000000005,25.0,12,Evac Area 3
21,Vessel 3,21,Safe Area 3 Marina,Evac Area 3 Dock,403.44000000000005,414.24000000000007,414.24000000000007,417.24000000000007,25.0,0,None
22,Vessel 3,22,Evac Area 3 Dock,Safe Area 3 Marina,417.24000000000007,428.0400000000001,428.0400000000001,431.0400000000001,25.0,12,Evac Area 3
23,Vessel 3,23,Safe Area 3 Marina,Evac Area 3 Dock,431.0400000000001,441.8400000000001,441.8400000000001,444.8400000000001,25.0,0,None
24,Vessel 3,24,Evac Area 3 Dock,Safe Area 3 Marina,444.8400000000001,455.6400000000001,455.6400000000001,458.6400000000001,25.0,12,Evac Area 3
25,Vessel 3,25,Safe Area 3 Marina,Evac Area 3 Dock,458.6400000000001,469.4400000000001,469.4400000000001,472.4400000000001,25.0,0,None
26,Vessel 3,26,Evac Area 3 Dock,Safe Area 3 Marina,472.4400000000001,483.2400000000001,483.2400000000001,486.2400000000001,25.0,12,Evac Area 3
27,Vessel 3,27,Safe Area 3 Marina,Evac Area 3 Dock,486.2400000000001,497.04000000000013,497.04000000000013,500.04000000000013,25.0,0,None
28,Vessel 3,28,Evac Area 3 Dock,Safe Area 3 Marina,500.04000000000013,510.84000000000015,510.84000000000015,513.8400000000001,25.0,12,Evac Area 3
29,Vessel 3,29,Safe Area 3 Marina,Evac Area 3 Dock,513.8400000000001,524.6400000000001,524.6400000000001,527.6400000000001,25.0,0,None
30,Vessel 3,30,Evac Area 3 Dock,Safe Area 3 Marina,527.6400000000001,538.4400000000002,538.4400000000002,541.4400000000002,25.0,12,Evac Area 3
1,Vessel 4,1,Safe Area 3 Marina,Evac Area 4 Dock,74.39999999999999,92.39999999999999,92.39999999999999,97.39999999999999,25.0,0,None
2,Vessel 4,2,Evac Area 4 Dock,Safe Area 3 Marina,97.39999999999999,115.39999999999999,115.39999999999999,120.39999999999999,25.0,38,Evac Area 4
3,Vessel 4,3,Safe Area 3 Marina,Evac Area 4 Dock,120.39999999999999,138.39999999999998,138.39999999999998,143.39999999999998,25.0,0,None
4,Vessel 4,4,Evac Area 4 Dock,Safe Area 3 Marina,143.39999999999998,161.39999999999998,161.39999999999998,166.39999999999998,25.0,38,Evac Area 4
5,Vessel 4,5,Safe Area 3 Marina,Evac Area 4 Dock,166.39999999999998,184.39999999999998,184.39999999999998,189.39999999999998,25.0,0,None
6,Vessel 4,6,Evac Area 4 Dock,Safe Area 2 Harbor,189.39999999999998,207.64,207.64,212.64,25.0,38,Evac Area 4
7,Vessel 4,7,Safe Area 2 Harbor,Evac Area 2 Marina,212.64,224.64,224.64,229.64,25.0,0,None
8,Vessel 4,8,Evac Area 2 Marina,Safe Area 2 Harbor,229.64,241.64,241.64,246.64,25.0,38,Evac Area 2
9,Vessel 4,9,Safe Area 2 Harbor,Evac Area 4 Dock,246.64,264.88,264.88,269.88,25.0,0,None
10,Vessel 4,10,Evac Area 4 Dock,Safe Area 3 Marina,269.88,287.88,287.88,292.88,25.0,38,Evac Area 4
11,Vessel 4,11,Safe Area 3 Marina,Evac Area 4 Dock,292.88,310.88,310.88,315.88,25.0,0,None
12,Vessel 4,12,Evac Area 4 Dock,Safe Area 3 Marina,315.88,333.88,333.88,338.88,25.0,38,Evac Area 4
13,Vessel 4,13,Safe Area 3 Marina,Evac Area 4 Dock,338.88,356.88,356.88,361.88,25.0,0,None
14,Vessel 4,14,Evac Area 4 Dock,Safe Area 2 Harbor,361.88,380.12,380.12,385.12,25.0,38,Evac Area 4
15,Vessel 4,15,Safe Area 2 Harbor,Evac Area 2 Marina,385.12,397.12,397.12,402.12,25.0,0,None
16,Vessel 4,16,Evac Area 2 Marina,Safe Area 2 Harbor,402.12,414.12,414.12,419.12,25.0,38,Evac Area 2
17,Vessel 4,17,Safe Area 2 Harbor,Evac Area 4 Dock,419.12,437.36,437.36,442.36,25.0,0,None
18,Vessel 4,18,Evac Area 4 Dock,Safe Area 2 Harbor,442.36,460.6,460.6,465.6,25.0,38,Evac Area 4
19,Vessel 4,19,Safe Area 2 Harbor,Evac Area 2 Marina,465.6,477.6,477.6,482.6,25.0,0,None
20,Vessel 4,20,Evac Area 2 Marina,Safe Area 2 Harbor,482.6,494.6,494.6,499.6,25.0,38,Evac Area 2
21,Vessel 4,21,Safe Area 2 Harbor,Evac Area 2 Marina,499.6,511.6,511.6,516.6,25.0,0,None
22,Vessel 4,22,Evac Area 2 Marina,Safe Area 2 Harbor,516.6,528.6,528.6,533.6,25.0,29,Evac Area 2
1,Vessel 5,1,Safe Area 3 Marina,Evac Area 4 Dock,81.66666666666667,106.66666666666667,106.66666666666667,116.66666666666667,18.0,0,None
2,Vessel 5,2,Evac Area 4 Dock,Safe Area 1 Terminal,116.66666666666667,146.66666666666669,146.66666666666669,156.66666666666669,18.0,120,Evac Area 4
3,Vessel 5,3,Safe Area 1 Terminal,Evac Area 4 Dock,156.66666666666669,186.66666666666669,186.66666666666669,196.66666666666669,18.0,0,None
4,Vessel 5,4,Evac Area 4 Dock,Safe Area 3 Marina,196.66666666666669,221.66666666666669,221.66666666666669,231.66666666666669,18.0,120,Evac Area 4
5,Vessel 5,5,Safe Area 3 Marina,Evac Area 4 Dock,231.66666666666669,256.6666666666667,256.6666666666667,266.6666666666667,18.0,0,None
6,Vessel 5,6,Evac Area 4 Dock,Safe Area 3 Marina,266.6666666666667,291.6666666666667,291.6666666666667,301.6666666666667,18.0,120,Evac Area 4
7,Vessel 5,7,Safe Area 3 Marina,Evac Area 4 Dock,301.6666666666667,326.6666666666667,326.6666666666667,336.6666666666667,18.0,0,None
8,Vessel 5,8,Evac Area 4 Dock,Safe Area 3 Marina,336.6666666666667,361.6666666666667,361.6666666666667,371.6666666666667,18.0,120,Evac Area 4
9,Vessel 5,9,Safe Area 3 Marina,Evac Area 4 Dock,371.6666666666667,396.6666666666667,396.6666666666667,406.6666666666667,18.0,0,None
10,Vessel 5,10,Evac Area 4 Dock,Safe Area 3 Marina,406.6666666666667,431.6666666666667,431.6666666666667,441.6666666666667,18.0,120,Evac Area 4
11,Vessel 5,11,Safe Area 3 Marina,Evac Area 4 Dock,441.6666666666667,466.6666666666667,466.6666666666667,476.6666666666667,18.0,0,None
12,Vessel 5,12,Evac Area 4 Dock,Safe Area 3 Marina,476.6666666666667,501.6666666666667,501.6666666666667,511.6666666666667,18.0,120,Evac Area 4
1,Vessel 6,1,Safe Area 3 Marina,Evac Area 3 Dock,58.8,69.6,69.6,72.6,25.0,0,None
2,Vessel 6,2,Evac Area 3 Dock,Safe Area 3 Marina,72.6,83.39999999999999,83.39999999999999,86.39999999999999,25.0,12,Evac Area 3
3,Vessel 6,3,Safe Area 3 Marina,Evac Area 4 Dock,86.39999999999999,104.39999999999999,104.39999999999999,107.39999999999999,25.0,0,None
4,Vessel 6,4,Evac Area 4 Dock,Safe Area 2 Harbor,107.39999999999999,125.63999999999999,125.63999999999999,128.64,25.0,12,Evac Area 4
5,Vessel 6,5,Safe Area 2 Harbor,Evac Area 2 Marina,128.64,140.64,140.64,143.64,25.0,0,None
6,Vessel 6,6,Evac Area 2 Marina,Safe Area 2 Harbor,143.64,155.64,155.64,158.64,25.0,12,Evac Area 2
7,Vessel 6,7,Safe Area 2 Harbor,Evac Area 2 Marina,158.64,170.64,170.64,173.64,25.0,0,None
8,Vessel 6,8,Evac Area 2 Marina,Safe Area 2 Harbor,173.64,185.64,185.64,188.64,25.0,12,Evac Area 2
9,Vessel 6,9,Safe Area 2 Harbor,Evac Area 2 Marina,188.64,200.64,200.64,203.64,25.0,0,None
10,Vessel 6,10,Evac Area 2 Marina,Safe Area 2 Harbor,203.64,215.64,215.64,218.64,25.0,12,Evac Area 2
11,Vessel 6,11,Safe Area 2 Harbor,Evac Area 2 Marina,218.64,230.64,230.64,233.64,25.0,0,None
12,Vessel 6,12,Evac Area 2 Marina,Safe Area 2 Harbor,233.64,245.64,245.64,248.64,25.0,12,Evac Area 2
13,Vessel 6,13,Safe Area 2 Harbor,Evac Area 2 Marina,248.64,260.64,260.64,263.64,25.0,0,None
14,Vessel 6,14,Evac Area 2 Marina,Safe Area 2 Harbor,263.64,275.64,275.64,278.64,25.0,12,Evac Area 2
15,Vessel 6,15,Safe Area 2 Harbor,Evac Area 2 Marina,278.64,290.64,290.64,293.64,25.0,0,None
16,Vessel 6,16,Evac Area 2 Marina,Safe Area 2 Harbor,293.64,305.64,305.64,308.64,25.0,12,Evac Area 2
17,Vessel 6,17,Safe Area 2 Harbor,Evac Area 2 Marina,308.64,320.64,320.64,323.64,25.0,0,None
18,Vessel 6,18,Evac Area 2 Marina,Safe Area 2 Harbor,323.64,335.64,335.64,338.64,25.0,12,Evac Area 2
19,Vessel 6,19,Safe Area 2 Harbor,Evac Area 2 Marina,338.64,350.64,350.64,353.64,25.0,0,None
20,Vessel 6,20,Evac Area 2 Marina,Safe Area 2 Harbor,353.64,365.64,365.64,368.64,25.0,12,Evac Area 2
21,Vessel 6,21,Safe Area 2 Harbor,Evac Area 2 Marina,368.64,380.64,380.64,383.64,25.0,0,None
22,Vessel 6,22,Evac Area 2 Marina,Safe Area 2 Harbor,383.64,395.64,395.64,398.64,25.0,12,Evac Area 2
23,Vessel 6,23,Safe Area 2 Harbor,Evac Area 4 Dock,398.64,416.88,416.88,419.88,25.0,0,None
24,Vessel 6,24,Evac Area 4 Dock,Safe Area 2 Harbor,419.88,438.12,438.12,441.12,25.0,12,Evac Area 4
25,Vessel 6,25,Safe Area 2 Harbor,Evac Area 2 Marina,441.12,453.12,453.12,456.12,25.0,0,None
26,Vessel 6,26,Evac Area 2 Marina,Safe Area 2 Harbor,456.12,468.12,468.12,471.12,25.0,12,Evac Area 2
27,Vessel 6,27,Safe Area 2 Harbor,Evac Area 2 Marina,471.12,483.12,483.12,486.12,25.0,0,None
28,Vessel 6,28,Evac Area 2 Marina,Safe Area 2 Harbor,486.12,498.12,498.12,501.12,25.0,12,Evac Area 2
29,Vessel 6,29,Safe Area 2 Harbor,Evac Area 2 Marina,501.12,513.12,513.12,516.12,25.0,0,None
30,Vessel 6,30,Evac Area 2 Marina,Safe Area 2 Harbor,516.12,528.12,528.12,531.12,25.0,12,Evac Area 2
