segment_id,resource_id,route_segment_id,origin,destination,route_start_time,route_end_time,load_start_time,load_end_time,resource_speed,evacuees,evacuated_location
1,Vessel 1,1,Safe Area 1 Terminal,Evac Area 1 Ferry Terminal,10.0,24.0,24.0,34.0,12.0,0,None
2,Vessel 1,2,Evac Area 1 Ferry Terminal,Safe Area 1 Terminal,34.0,48.0,48.0,58.0,12.0,367,Evac Area 1
1,Vessel 2,1,Safe Area 2 Harbor,Evac Area 4 Dock,10.0,28.24,28.24,31.24,25.0,0,None
2,Vessel 2,2,Evac Area 4 Dock,Safe Area 3 Marina,31.24,49.24,49.24,52.24,25.0,12,Evac Area 4
1,Vessel 4,1,Safe Area 1 Terminal,Evac Area 3 Dock,10.0,22.0,22.0,27.0,25.0,0,None
2,Vessel 4,2,Evac Area 3 Dock,Safe Area 3 Marina,27.0,37.8,37.8,42.8,25.0,38,Evac Area 3
1,Vessel 5,1,Safe Area 1 Terminal,Evac Area 3 Dock,30.0,46.66666666666667,46.66666666666667,56.66666666666667,18.0,0,None
2,Vessel 5,2,Evac Area 3 Dock,Safe Area 3 Marina,56.66666666666667,71.66666666666667,71.66666666666667,81.66666666666667,18.0,120,Evac Area 3
1,Vessel 6,1,Safe Area 1 Terminal,Evac Area 3 Dock,30.0,42.0,42.0,45.0,25.0,0,None
2,Vessel 6,2,Evac Area 3 Dock,Safe Area 3 Marina,45.0,55.8,55.8,58.8,25.0,12,Evac Area 3
1,Vessel 2,1,Safe Area 3 Marina,Evac Area 3 Dock,52.24,63.04,63.04,66.03999999999999,25.0,0,None
2,Vessel 2,2,Evac Area 3 Dock,Safe Area 3 Marina,66.03999999999999,76.84,76.84,79.84,25.0,12,Evac Area 3
3,Vessel 2,3,Safe Area 3 Marina,Evac Area 3 Dock,79.84,90.63999999999999,90.63999999999999,93.63999999999999,25.0,0,None
4,Vessel 2,4,Evac Area 3 Dock,Safe Area 3 Marina,93.63999999999999,104.44,104.44,107.44,25.0,12,Evac Area 3
5,Vessel 2,5,Safe Area 3 Marina,Evac Area 3 Dock,107.44,118.24,118.24,121.24,25.0,0,None
6,Vessel 2,6,Evac Area 3 Dock,Safe Area 3 Marina,121.24,132.04,132.04,135.04,25.0,12,Evac Area 3
7,Vessel 2,7,Safe Area 3 Marina,Evac Area 3 Dock,135.04,145.83999999999997,145.83999999999997,148.83999999999997,25.0,0,None
8,Vessel 2,8,Evac Area 3 Dock,Safe Area 3 Marina,148.83999999999997,159.64,159.64,162.64,25.0,12,Evac Area 3
9,Vessel 2,9,Safe Area 3 Marina,Evac Area 3 Dock,162.64,173.44,173.44,176.44,25.0,0,None
10,Vessel 2,10,Evac Area 3 Dock,Safe Area 3 Marina,176.44,187.24,187.24,190.24,25.0,12,Evac Area 3
11,Vessel 2,11,Safe Area 3 Marina,Evac Area 3 Dock,190.24,201.04000000000002,201.04000000000002,204.04000000000002,25.0,0,None
12,Vessel 2,12,Evac Area 3 Dock,Safe Area 3 Marina,204.04000000000002,214.84000000000003,214.84000000000003,217.84000000000003,25.0,12,Evac Area 3
13,Vessel 2,13,Safe Area 3 Marina,Evac Area 3 Dock,217.84000000000003,228.64000000000004,228.64000000000004,231.64000000000004,25.0,0,None
14,Vessel 2,14,Evac Area 3 Dock,Safe Area 3 Marina,231.64000000000004,242.44000000000005,242.44000000000005,245.44000000000005,25.0,12,Evac Area 3
15,Vessel 2,15,Safe Area 3 Marina,Evac Area 3 Dock,245.44000000000005,256.24000000000007,256.24000000000007,259.24000000000007,25.0,0,None
16,Vessel 2,16,Evac Area 3 Dock,Safe Area 3 Marina,259.24000000000007,270.0400000000001,270.0400000000001,273.0400000000001,25.0,12,Evac Area 3
17,Vessel 2,17,Safe Area 3 Marina,Evac Area 3 Dock,273.0400000000001,283.8400000000001,283.8400000000001,286.8400000000001,25.0,0,None
18,Vessel 2,18,Evac Area 3 Dock,Safe Area 3 Marina,286.8400000000001,297.6400000000001,297.6400000000001,300.6400000000001,25.0,12,Evac Area 3
19,Vessel 2,19,Safe Area 3 Marina,Evac Area 3 Dock,300.6400000000001,311.4400000000001,311.4400000000001,314.4400000000001,25.0,0,None
20,Vessel 2,20,Evac Area 3 Dock,Safe Area 3 Marina,314.4400000000001,325.2400000000001,325.2400000000001,328.2400000000001,25.0,12,Evac Area 3
21,Vessel 2,21,Safe Area 3 Marina,Evac Area 3 Dock,328.2400000000001,339.04000000000013,339.04000000000013,342.04000000000013,25.0,0,None
22,Vessel 2,22,Evac Area 3 Dock,Safe Area 3 Marina,342.04000000000013,352.84000000000015,352.84000000000015,355.84000000000015,25.0,10,Evac Area 3
1,Vessel 3,1,Safe Area 3 Marina,Evac Area 4 Dock,60.0,78.0,78.0,81.0,25.0,0,None
2,Vessel 3,2,Evac Area 4 Dock,Safe Area 3 Marina,81.0,99.0,99.0,102.0,25.0,12,Evac Area 4
3,Vessel 3,3,Safe Area 3 Marina,Evac Area 4 Beach,102.0,120.0,120.0,123.0,25.0,0,None
4,Vessel 3,4,Evac Area 4 Beach,Safe Area 3 Marina,123.0,141.0,141.0,144.0,25.0,12,Evac Area 4
5,Vessel 3,5,Safe Area 3 Marina,Evac Area 4 Beach,144.0,162.0,162.0,165.0,25.0,0,None
6,Vessel 3,6,Evac Area 4 Beach,Safe Area 3 Marina,165.0,183.0,183.0,186.0,25.0,12,Evac Area 4
7,Vessel 3,7,Safe Area 3 Marina,Evac Area 4 Beach,186.0,204.0,204.0,207.0,25.0,0,None
8,Vessel 3,8,Evac Area 4 Beach,Safe Area 3 Marina,207.0,225.0,225.0,228.0,25.0,12,Evac Area 4
9,Vessel 3,9,Safe Area 3 Marina,Evac Area 4 Dock,228.0,246.0,246.0,249.0,25.0,0,None
10,Vessel 3,10,Evac Area 4 Dock,Safe Area 3 Marina,249.0,267.0,267.0,270.0,25.0,12,Evac Area 4
11,Vessel 3,11,Safe Area 3 Marina,Evac Area 4 Dock,270.0,288.0,288.0,291.0,25.0,0,None
12,Vessel 3,12,Evac Area 4 Dock,Safe Area 3 Marina,291.0,309.0,309.0,312.0,25.0,12,Evac Area 4
13,Vessel 3,13,Safe Area 3 Marina,Evac Area 4 Beach,312.0,330.0,330.0,333.0,25.0,0,None
14,Vessel 3,14,Evac Area 4 Beach,Safe Area 3 Marina,333.0,351.0,351.0,354.0,25.0,12,Evac Area 4
15,Vessel 3,15,Safe Area 3 Marina,Evac Area 4 Beach,354.0,372.0,372.0,375.0,25.0,0,None
16,Vessel 3,16,Evac Area 4 Beach,Safe Area 3 Marina,375.0,393.0,393.0,396.0,25.0,12,Evac Area 4
17,Vessel 3,17,Safe Area 3 Marina,Evac Area 4 Beach,396.0,414.0,414.0,417.0,25.0,0,None
18,Vessel 3,18,Evac Area 4 Beach,Safe Area 3 Marina,417.0,435.0,435.0,438.0,25.0,12,Evac Area 4
19,Vessel 3,19,Safe Area 3 Marina,Evac Area 4 Beach,438.0,456.0,456.0,459.0,25.0,0,None
20,Vessel 3,20,Evac Area 4 Beach,Safe Area 3 Marina,459.0,477.0,477.0,480.0,25.0,12,Evac Area 4
21,Vessel 3,21,Safe Area 3 Marina,Evac Area 3 Dock,480.0,490.8,490.8,493.8,25.0,0,None
22,Vessel 3,22,Evac Area 3 Dock,Safe Area 3 Marina,493.8,504.6,504.6,507.6,25.0,12,Evac Area 3
23,Vessel 3,23,Safe Area 3 Marina,Evac Area 4 Beach,507.6,525.6,525.6,528.6,25.0,0,None
24,Vessel 3,24,Evac Area 4 Beach,Safe Area 3 Marina,528.6,546.6,546.6,549.6,25.0,5,Evac Area 4
1,Vessel 4,1,Safe Area 3 Marina,Evac Area 3 Dock,42.8,53.599999999999994,53.599999999999994,58.599999999999994,25.0,0,None
2,Vessel 4,2,Evac Area 3 Dock,Safe Area 3 Marina,58.599999999999994,69.39999999999999,69.39999999999999,74.39999999999999,25.0,38,Evac Area 3
3,Vessel 4,3,Safe Area 3 Marina,Evac Area 4 Dock,74.39999999999999,92.39999999999999,92.39999999999999,97.39999999999999,25.0,0,None
4,Vessel 4,4,Evac Area 4 Dock,Safe Area 3 Marina,97.39999999999999,115.39999999999999,115.39999999999999,120.39999999999999,25.0,38,Evac Area 4
5,Vessel 4,5,Safe Area 3 Marina,Evac Area 4 Dock,120.39999999999999,138.39999999999998,138.39999999999998,143.39999999999998,25.0,0,None
6,Vessel 4,6,Evac Area 4 Dock,Safe Area 3 Marina,143.39999999999998,161.39999999999998,161.39999999999998,166.39999999999998,25.0,38,Evac Area 4
7,Vessel 4,7,Safe Area 3 Marina,Evac Area 4 Dock,166.39999999999998,184.39999999999998,184.39999999999998,189.39999999999998,25.0,0,None
8,Vessel 4,8,Evac Area 4 Dock,Safe Area 3 Marina,189.39999999999998,207.39999999999998,207.39999999999998,212.39999999999998,25.0,38,Evac Area 4
9,Vessel 4,9,Safe Area 3 Marina,Evac Area 3 Dock,212.39999999999998,223.2,223.2,228.2,25.0,0,None
10,Vessel 4,10,Evac Area 3 Dock,Safe Area 3 Marina,228.2,239.0,239.0,244.0,25.0,38,Evac Area 3
11,Vessel 4,11,Safe Area 3 Marina,Evac Area 4 Dock,244.0,262.0,262.0,267.0,25.0,0,None
12,Vessel 4,12,Evac Area 4 Dock,Safe Area 2 Harbor,267.0,285.24,285.24,290.24,25.0,38,Evac Area 4
13,Vessel 4,13,Safe Area 2 Harbor,Evac Area 2 Marina,290.24,302.24,302.24,307.24,25.0,0,None
14,Vessel 4,14,Evac Area 2 Marina,Safe Area 2 Harbor,307.24,319.24,319.24,324.24,25.0,38,Evac Area 2
15,Vessel 4,15,Safe Area 2 Harbor,Evac Area 2 Marina,324.24,336.24,336.24,341.24,25.0,0,None
16,Vessel 4,16,Evac Area 2 Marina,Safe Area 2 Harbor,341.24,353.24,353.24,358.24,25.0,38,Evac Area 2
17,Vessel 4,17,Safe Area 2 Harbor,Evac Area 2 Marina,358.24,370.24,370.24,375.24,25.0,0,None
18,Vessel 4,18,Evac Area 2 Marina,Safe Area 2 Harbor,375.24,387.24,387.24,392.24,25.0,38,Evac Area 2
19,Vessel 4,19,Safe Area 2 Harbor,Evac Area 2 Marina,392.24,404.24,404.24,409.24,25.0,0,None
20,Vessel 4,20,Evac Area 2 Marina,Safe Area 2 Harbor,409.24,421.24,421.24,426.24,25.0,38,Evac Area 2
21,Vessel 4,21,Safe Area 2 Harbor,Evac Area 2 Marina,426.24,438.24,438.24,443.24,25.0,0,None
22,Vessel 4,22,Evac Area 2 Marina,Safe Area 2 Harbor,443.24,455.24,455.24,460.24,25.0,38,Evac Area 2
23,Vessel 4,23,Safe Area 2 Harbor,Evac Area 2 Marina,460.24,472.24,472.24,477.24,25.0,0,None
24,Vessel 4,24,Evac Area 2 Marina,Safe Area 2 Harbor,477.24,489.24,489.24,494.24,25.0,38,Evac Area 2
25,Vessel 4,25,Safe Area 2 Harbor,Evac Area 2 Marina,494.24,506.24,506.24,511.24,25.0,0,None
26,Vessel 4,26,Evac Area 2 Marina,Safe Area 2 Harbor,511.24,523.24,523.24,528.24,25.0,38,Evac Area 2
27,Vessel 4,27,Safe Area 2 Harbor,Evac Area 2 Marina,528.24,540.24,540.24,545.24,25.0,0,None
28,Vessel 4,28,Evac Area 2 Marina,Safe Area 2 Harbor,545.24,557.24,557.24,562.24,25.0,38,Evac Area 2
1,Vessel 5,1,Safe Area 3 Marina,Evac Area 4 Dock,81.66666666666667,106.66666666666667,106.66666666666667,116.66666666666667,18.0,0,None
2,Vessel 5,2,Evac Area 4 Dock,Safe Area 3 Marina,116.66666666666667,141.66666666666669,141.66666666666669,151.66666666666669,18.0,120,Evac Area 4
3,Vessel 5,3,Safe Area 3 Marina,Evac Area 4 Dock,151.66666666666669,176.66666666666669,176.66666666666669,186.66666666666669,18.0,0,None
4,Vessel 5,4,Evac Area 4 Dock,Safe Area 3 Marina,186.66666666666669,211.66666666666669,211.66666666666669,221.66666666666669,18.0,120,Evac Area 4
5,Vessel 5,5,Safe Area 3 Marina,Evac Area 4 Dock,221.66666666666669,246.66666666666669,246.66666666666669,256.6666666666667,18.0,0,None
6,Vessel 5,6,Evac Area 4 Dock,Safe Area 3 Marina,256.6666666666667,281.6666666666667,281.6666666666667,291.6666666666667,18.0,120,Evac Area 4
7,Vessel 5,7,Safe Area 3 Marina,Evac Area 4 Dock,291.6666666666667,316.6666666666667,316.6666666666667,326.6666666666667,18.0,0,None
8,Vessel 5,8,Evac Area 4 Dock,Safe Area 3 Marina,326.6666666666667,351.6666666666667,351.6666666666667,361.6666666666667,18.0,120,Evac Area 4
9,Vessel 5,9,Safe Area 3 Marina,Evac Area 4 Dock,361.6666666666667,386.6666666666667,386.6666666666667,396.6666666666667,18.0,0,None
10,Vessel 5,10,Evac Area 4 Dock,Safe Area 3 Marina,396.6666666666667,421.6666666666667,421.6666666666667,431.6666666666667,18.0,120,Evac Area 4
11,Vessel 5,11,Safe Area 3 Marina,Evac Area 4 Dock,431.6666666666667,456.6666666666667,456.6666666666667,466.6666666666667,18.0,0,None
12,Vessel 5,12,Evac Area 4 Dock,Safe Area 3 Marina,466.6666666666667,491.6666666666667,491.6666666666667,501.6666666666667,18.0,120,Evac Area 4
13,Vessel 5,13,Safe Area 3 Marina,Evac Area 4 Dock,501.6666666666667,526.6666666666667,526.6666666666667,536.6666666666667,18.0,0,None
14,Vessel 5,14,Evac Area 4 Dock,Safe Area 3 Marina,536.6666666666667,561.6666666666667,561.6666666666667,571.6666666666667,18.0,120,Evac Area 4
1,Vessel 6,1,Safe Area 3 Marina,Evac Area 3 Dock,58.8,69.6,69.6,72.6,25.0,0,None
2,Vessel 6,2,Evac Area 3 Dock,Safe Area 3 Marina,72.6,83.39999999999999,83.39999999999999,86.39999999999999,25.0,12,Evac Area 3
3,Vessel 6,3,Safe Area 3 Marina,Evac Area 3 Dock,86.39999999999999,97.19999999999999,97.19999999999999,100.19999999999999,25.0,0,None
4,Vessel 6,4,Evac Area 3 Dock,Safe Area 3 Marina,100.19999999999999,110.99999999999999,110.99999999999999,113.99999999999999,25.0,12,Evac Area 3
5,Vessel 6,5,Safe Area 3 Marina,Evac Area 4 Beach,113.99999999999999,132.0,132.0,135.0,25.0,0,None
6,Vessel 6,6,Evac Area 4 Beach,Safe Area 3 Marina,135.0,153.0,153.0,156.0,25.0,12,Evac Area 4
7,Vessel 6,7,Safe Area 3 Marina,Evac Area 4 Dock,156.0,174.0,174.0,177.0,25.0,0,None
8,Vessel 6,8,Evac Area 4 Dock,Safe Area 3 Marina,177.0,195.0,195.0,198.0,25.0,12,Evac Area 4
9,Vessel 6,9,Safe Area 3 Marina,Evac Area 3 Dock,198.0,208.8,208.8,211.8,25.0,0,None
10,Vessel 6,10,Evac Area 3 Dock,Safe Area 3 Marina,211.8,222.60000000000002,222.60000000000002,225.60000000000002,25.0,12,Evac Area 3
11,Vessel 6,11,Safe Area 3 Marina,Evac Area 4 Dock,225.60000000000002,243.60000000000002,243.60000000000002,246.60000000000002,25.0,0,None
12,Vessel 6,12,Evac Area 4 Dock,Safe Area 3 Marina,246.60000000000002,264.6,264.6,267.6,25.0,12,Evac Area 4
13,Vessel 6,13,Safe Area 3 Marina,Evac Area 4 Dock,267.6,285.6,285.6,288.6,25.0,0,None
14,Vessel 6,14,Evac Area 4 Dock,Safe Area 3 Marina,288.6,306.6,306.6,309.6,25.0,12,Evac Area 4
15,Vessel 6,15,Safe Area 3 Marina,Evac Area 4 Beach,309.6,327.6,327.6,330.6,25.0,0,None
16,Vessel 6,16,Evac Area 4 Beach,Safe Area 3 Marina,330.6,348.6,348.6,351.6,25.0,12,Evac Area 4
17,Vessel 6,17,Safe Area 3 Marina,Evac Area 4 Dock,351.6,369.6,369.6,372.6,25.0,0,None
18,Vessel 6,18,Evac Area 4 Dock,Safe Area 3 Marina,372.6,390.6,390.6,393.6,25.0,12,Evac Area 4
19,Vessel 6,19,Safe Area 3 Marina,Evac Area 3 Dock,393.6,404.40000000000003,404.40000000000003,407.40000000000003,25.0,0,None
20,Vessel 6,20,Evac Area 3 Dock,Safe Area 3 Marina,407.40000000000003,418.20000000000005,418.20000000000005,421.20000000000005,25.0,12,Evac Area 3
21,Vessel 6,21,Safe Area 3 Marina,Evac Area 4 Beach,421.20000000000005,439.20000000000005,439.20000000000005,442.20000000000005,25.0,0,None
22,Vessel 6,22,Evac Area 4 Beach,Safe Area 3 Marina,442.20000000000005,460.20000000000005,460.20000000000005,463.20000000000005,25.0,12,Evac Area 4
23,Vessel 6,23,Safe Area 3 Marina,Evac Area 4 Dock,463.20000000000005,481.20000000000005,481.20000000000005,484.20000000000005,25.0,0,None
24,Vessel 6,24,Evac Area 4 Dock,Safe Area 3 Marina,484.20000000000005,502.20000000000005,502.20000000000005,505.20000000000005,25.0,12,Evac Area 4
25,Vessel 6,25,Safe Area 3 Marina,Evac Area 4 Dock,505.20000000000005,523.2,523.2,526.2,25.0,0,None
26,Vessel 6,26,Evac Area 4 Dock,Safe Area 2 Harbor,526.2,544.44,544.44,547.44,25.0,12,Evac Area 4
