segment_id,resource_id,route_segment_id,origin,destination,route_start_time,route_end_time,load_start_time,load_end_time,resource_speed,evacuees,evacuated_location
1,Vessel 1,1,Safe Area 1 Terminal,Evac Area 1 Ferry Terminal,10.0,24.0,24.0,34.0,12.0,0,None
2,Vessel 1,2,Evac Area 1 Ferry Terminal,Safe Area 1 Terminal,34.0,48.0,48.0,58.0,12.0,367,Evac Area 1
1,Vessel 1,1,Safe Area 1 Terminal,Evac Area 1 Ferry Terminal,90.0,104.0,104.0,114.0,12.0,0,None
2,Vessel 1,2,Evac Area 1 Ferry Terminal,Safe Area 1 Terminal,114.0,128.0,128.0,138.0,12.0,4,Evac Area 1
1,Vessel 1,1,Safe Area 1 Terminal,Evac Area 1 Ferry Terminal,150.0,164.0,164.0,174.0,12.0,0,None
2,Vessel 1,2,Evac Area 1 Ferry Terminal,Safe Area 1 Terminal,174.0,188.0,188.0,198.0,12.0,29,Evac Area 1
1,Vessel 2,1,Safe Area 2 Harbor,Evac Area 4 Dock,10.0,28.24000000000001,28.24000000000001,31.24000000000001,25.0,0,None
2,Vessel 2,2,Evac Area 4 Dock,Safe Area 3 Marina,31.24000000000001,49.24000000000001,49.24000000000001,52.24000000000001,25.0,12,Evac Area 4
1,Vessel 2,1,Safe Area 3 Marina,Evac Area 3 Dock,52.24000000000001,63.03999999999999,63.03999999999999,66.03999999999999,25.0,0,None
2,Vessel 2,2,Evac Area 3 Dock,Safe Area 3 Marina,66.03999999999999,76.84,76.84,79.84,25.0,12,Evac Area 3
1,Vessel 2,1,Safe Area 3 Marina,Evac Area 3 Dock,79.84,90.63999999999999,90.63999999999999,93.63999999999999,25.0,0,None
2,Vessel 2,2,Evac Area 3 Dock,Safe Area 3 Marina,93.63999999999999,104.44,104.44,107.44,25.0,12,Evac Area 3
1,Vessel 2,1,Safe Area 3 Marina,Evac Area 4 Dock,107.44,125.44,125.44,128.44,25.0,0,None
2,Vessel 2,2,Evac Area 4 Dock,Safe Area 2 Harbor,128.44,146.68,146.68,149.68,25.0,12,Evac Area 4
1,Vessel 2,1,Safe Area 2 Harbor,Evac Area 2 Marina,149.68,161.68,161.68,164.68,25.0,0,None
2,Vessel 2,2,Evac Area 2 Marina,Safe Area 2 Harbor,164.68,176.68,176.68,179.68,25.0,12,Evac Area 2
1,Vessel 2,1,Safe Area 2 Harbor,Evac Area 4 Beach,179.68,197.92,197.92,200.92,25.0,0,None
2,Vessel 2,2,Evac Area 4 Beach,Safe Area 3 Marina,200.92,218.92,218.92,221.92,25.0,12,Evac Area 4
1,Vessel 2,1,Safe Area 3 Marina,Evac Area 3 Dock,221.92,232.72,232.72,235.72,25.0,0,None
2,Vessel 2,2,Evac Area 3 Dock,Safe Area 3 Marina,235.72,246.52,246.52,249.52,25.0,12,Evac Area 3
1,Vessel 3,1,Safe Area 3 Marina,Evac Area 2 Marina,60.0,76.80000000000001,76.80000000000001,79.80000000000001,25.0,0,None
2,Vessel 3,2,Evac Area 2 Marina,Safe Area 2 Harbor,79.80000000000001,91.80000000000001,91.80000000000001,94.80000000000001,25.0,12,Evac Area 2
1,Vessel 3,1,Safe Area 2 Harbor,Evac Area 4 Dock,94.80000000000001,113.04,113.04,116.04,25.0,0,None
2,Vessel 3,2,Evac Area 4 Dock,Safe Area 3 Marina,116.04,134.04,134.04,137.04,25.0,12,Evac Area 4
1,Vessel 3,1,Safe Area 3 Marina,Evac Area 3 Dock,137.04,147.84,147.84,150.84,25.0,0,None
2,Vessel 3,2,Evac Area 3 Dock,Safe Area 3 Marina,150.84,161.64,161.64,164.64,25.0,12,Evac Area 3
1,Vessel 3,1,Safe Area 3 Marina,Evac Area 3 Dock,164.64,175.44,175.44,178.44,25.0,0,None
2,Vessel 3,2,Evac Area 3 Dock,Safe Area 3 Marina,178.44,189.24,189.24,192.24,25.0,12,Evac Area 3
1,Vessel 3,1,Safe Area 3 Marina,Evac Area 3 Dock,192.24,203.04,203.04,206.04,25.0,0,None
2,Vessel 3,2,Evac Area 3 Dock,Safe Area 3 Marina,206.04,216.84,216.84,219.84,25.0,12,Evac Area 3
1,Vessel 3,1,Safe Area 3 Marina,Evac Area 4 Beach,219.84,237.84,237.84,240.84,25.0,0,None
2,Vessel 3,2,Evac Area 4 Beach,Safe Area 3 Marina,240.84,258.84000000000003,258.84000000000003,261.84000000000003,25.0,12,Evac Area 4
1,Vessel 4,1,Safe Area 1 Terminal,Evac Area 3 Dock,10.0,22.0,22.0,27.0,25.0,0,None
2,Vessel 4,2,Evac Area 3 Dock,Safe Area 3 Marina,27.0,37.80000000000001,37.80000000000001,42.80000000000001,25.0,38,Evac Area 3
1,Vessel 4,1,Safe Area 3 Marina,Evac Area 3 Dock,42.80000000000001,53.599999999999994,53.599999999999994,58.599999999999994,25.0,0,None
2,Vessel 4,2,Evac Area 3 Dock,Safe Area 3 Marina,58.599999999999994,69.39999999999998,69.39999999999998,74.39999999999998,25.0,38,Evac Area 3
1,Vessel 4,1,Safe Area 3 Marina,Evac Area 4 Dock,74.39999999999998,92.4,92.4,97.4,25.0,0,None
2,Vessel 4,2,Evac Area 4 Dock,Safe Area 2 Harbor,97.4,115.64,115.64,120.64,25.0,38,Evac Area 4
1,Vessel 4,1,Safe Area 2 Harbor,Evac Area 2 Marina,120.64,132.64,132.64,137.64,25.0,0,None
2,Vessel 4,2,Evac Area 2 Marina,Safe Area 2 Harbor,137.64,149.64,149.64,154.64,25.0,38,Evac Area 2
1,Vessel 4,1,Safe Area 2 Harbor,Evac Area 4 Dock,154.64,172.88,172.88,177.88,25.0,0,None
2,Vessel 4,2,Evac Area 4 Dock,Safe Area 3 Marina,177.88,195.88,195.88,200.88,25.0,38,Evac Area 4
1,Vessel 4,1,Safe Area 3 Marina,Evac Area 4 Dock,200.88,218.88,218.88,223.88,25.0,0,None
2,Vessel 4,2,Evac Area 4 Dock,Safe Area 3 Marina,223.88,241.88,241.88,246.88,25.0,38,Evac Area 4
1,Vessel 5,1,Safe Area 1 Terminal,Evac Area 3 Dock,30.0,46.666666666666686,46.666666666666686,56.666666666666686,18.0,0,None
2,Vessel 5,2,Evac Area 3 Dock,Safe Area 3 Marina,56.666666666666686,71.66666666666669,71.66666666666669,81.66666666666669,18.0,120,Evac Area 3
1,Vessel 5,1,Safe Area 3 Marina,Evac Area 4 Dock,81.66666666666669,106.66666666666669,106.66666666666669,116.66666666666669,18.0,0,None
2,Vessel 5,2,Evac Area 4 Dock,Safe Area 3 Marina,116.66666666666669,141.66666666666669,141.66666666666669,151.66666666666669,18.0,120,Evac Area 4
1,Vessel 5,1,Safe Area 3 Marina,Evac Area 3 Dock,151.66666666666669,166.66666666666669,166.66666666666669,176.66666666666669,18.0,0,None
2,Vessel 5,2,Evac Area 3 Dock,Safe Area 3 Marina,176.66666666666669,191.66666666666669,191.66666666666669,201.66666666666669,18.0,99,Evac Area 3
1,Vessel 5,1,Safe Area 3 Marina,Evac Area 4 Dock,201.66666666666669,226.66666666666669,226.66666666666669,236.66666666666669,18.0,0,None
2,Vessel 5,2,Evac Area 4 Dock,Safe Area 3 Marina,236.66666666666669,261.6666666666667,261.6666666666667,271.6666666666667,18.0,120,Evac Area 4
1,Vessel 6,1,Safe Area 1 Terminal,Evac Area 3 Dock,30.0,42.0,42.0,45.0,25.0,0,None
2,Vessel 6,2,Evac Area 3 Dock,Safe Area 3 Marina,45.0,55.80000000000001,55.80000000000001,58.80000000000001,25.0,12,Evac Area 3
1,Vessel 6,1,Safe Area 3 Marina,Evac Area 3 Dock,58.80000000000001,69.6,69.6,72.6,25.0,0,None
2,Vessel 6,2,Evac Area 3 Dock,Safe Area 3 Marina,72.6,83.39999999999998,83.39999999999998,86.39999999999998,25.0,12,Evac Area 3
1,Vessel 6,1,Safe Area 3 Marina,Evac Area 3 Dock,86.39999999999998,97.19999999999999,97.19999999999999,100.19999999999999,25.0,0,None
2,Vessel 6,2,Evac Area 3 Dock,Safe Area 3 Marina,100.19999999999999,111.0,111.0,114.0,25.0,12,Evac Area 3
1,Vessel 6,1,Safe Area 3 Marina,Evac Area 4 Beach,114.0,132.0,132.0,135.0,25.0,0,None
2,Vessel 6,2,Evac Area 4 Beach,Safe Area 2 Harbor,135.0,153.24,153.24,156.24,25.0,7,Evac Area 4
1,Vessel 6,1,Safe Area 2 Harbor,Evac Area 4 Beach,156.24,174.48000000000002,174.48000000000002,177.48000000000002,25.0,0,None
2,Vessel 6,2,Evac Area 4 Beach,Safe Area 3 Marina,177.48000000000002,195.48,195.48,198.48,25.0,12,Evac Area 4
1,Vessel 6,1,Safe Area 3 Marina,Evac Area 4 Dock,198.48,216.48,216.48,219.48,25.0,0,None
2,Vessel 6,2,Evac Area 4 Dock,Safe Area 2 Harbor,219.48,237.72,237.72,240.72,25.0,12,Evac Area 4
1,Vessel 2,1,Safe Area 3 Marina,Evac Area 3 Dock,249.52,260.32,260.32,263.32,25.0,0,None
2,Vessel 2,2,Evac Area 3 Dock,Safe Area 3 Marina,263.32,274.12,274.12,277.12,25.0,12,Evac Area 3
3,Vessel 2,3,Safe Area 3 Marina,Evac Area 3 Dock,277.12,287.92,287.92,290.92,25.0,0,None
4,Vessel 2,4,Evac Area 3 Dock,Safe Area 3 Marina,290.92,301.72,301.72,304.72,25.0,12,Evac Area 3
5,Vessel 2,5,Safe Area 3 Marina,Evac Area 3 Dock,304.72,315.52,315.52,318.52,25.0,0,None
6,Vessel 2,6,Evac Area 3 Dock,Safe Area 3 Marina,318.52,329.32,329.32,332.32,25.0,12,Evac Area 3
7,Vessel 2,7,Safe Area 3 Marina,Evac Area 3 Dock,332.32,343.12,343.12,346.12,25.0,0,None
8,Vessel 2,8,Evac Area 3 Dock,Safe Area 3 Marina,346.12,356.91999999999996,356.91999999999996,359.91999999999996,25.0,12,Evac Area 3
9,Vessel 2,9,Safe Area 3 Marina,Evac Area 4 Dock,359.91999999999996,377.91999999999996,377.91999999999996,380.91999999999996,25.0,0,None
10,Vessel 2,10,Evac Area 4 Dock,Safe Area 2 Harbor,380.91999999999996,399.15999999999997,399.15999999999997,402.15999999999997,25.0,12,Evac Area 4
11,Vessel 2,11,Safe Area 2 Harbor,Evac Area 2 Marina,402.15999999999997,414.15999999999997,414.15999999999997,417.15999999999997,25.0,0,None
12,Vessel 2,12,Evac Area 2 Marina,Safe Area 2 Harbor,417.15999999999997,429.15999999999997,429.15999999999997,432.15999999999997,25.0,8,Evac Area 2
13,Vessel 2,13,Safe Area 2 Harbor,Evac Area 2 Marina,432.15999999999997,444.15999999999997,444.15999999999997,447.15999999999997,25.0,0,None
14,Vessel 2,14,Evac Area 2 Marina,Safe Area 2 Harbor,447.15999999999997,459.15999999999997,459.15999999999997,462.15999999999997,25.0,12,Evac Area 2
15,Vessel 2,15,Safe Area 2 Harbor,Evac Area 2 Marina,462.15999999999997,474.15999999999997,474.15999999999997,477.15999999999997,25.0,0,None
16,Vessel 2,16,Evac Area 2 Marina,Safe Area 2 Harbor,477.15999999999997,489.15999999999997,489.15999999999997,492.15999999999997,25.0,12,Evac Area 2
17,Vessel 2,17,Safe Area 2 Harbor,Evac Area 2 Marina,492.15999999999997,504.15999999999997,504.15999999999997,507.15999999999997,25.0,0,None
18,Vessel 2,18,Evac Area 2 Marina,Safe Area 2 Harbor,507.15999999999997,519.16,519.16,522.16,25.0,12,Evac Area 2
19,Vessel 2,19,Safe Area 2 Harbor,Evac Area 2 Marina,522.16,534.16,534.16,537.16,25.0,0,None
20,Vessel 2,20,Evac Area 2 Marina,Safe Area 2 Harbor,537.16,549.16,549.16,552.16,25.0,12,Evac Area 2
21,Vessel 2,21,Safe Area 2 Harbor,Evac Area 2 Marina,552.16,564.16,564.16,567.16,25.0,0,None
22,Vessel 2,22,Evac Area 2 Marina,Safe Area 2 Harbor,567.16,579.16,579.16,582.16,25.0,12,Evac Area 2
23,Vessel 2,23,Safe Area 2 Harbor,Evac Area 2 Marina,582.16,594.16,594.16,597.16,25.0,0,None
24,Vessel 2,24,Evac Area 2 Marina,Safe Area 2 Harbor,597.16,609.16,609.16,612.16,25.0,12,Evac Area 2
1,Vessel 3,1,Safe Area 3 Marina,Evac Area 3 Dock,261.84000000000003,272.64000000000004,272.64000000000004,275.64000000000004,25.0,0,None
2,Vessel 3,2,Evac Area 3 Dock,Safe Area 3 Marina,275.64000000000004,286.44000000000005,286.44000000000005,289.44000000000005,25.0,12,Evac Area 3
3,Vessel 3,3,Safe Area 3 Marina,Evac Area 3 Dock,289.44000000000005,300.24,300.24,303.24,25.0,0,None
4,Vessel 3,4,Evac Area 3 Dock,Safe Area 3 Marina,303.24,314.04,314.04,317.04,25.0,12,Evac Area 3
5,Vessel 3,5,Safe Area 3 Marina,Evac Area 3 Dock,317.04,327.84000000000003,327.84000000000003,330.84000000000003,25.0,0,None
6,Vessel 3,6,Evac Area 3 Dock,Safe Area 3 Marina,330.84000000000003,341.64,341.64,344.64,25.0,12,Evac Area 3
7,Vessel 3,7,Safe Area 3 Marina,Evac Area 3 Dock,344.64,355.44,355.44,358.44,25.0,0,None
8,Vessel 3,8,Evac Area 3 Dock,Safe Area 3 Marina,358.44,369.24,369.24,372.24,25.0,12,Evac Area 3
9,Vessel 3,9,Safe Area 3 Marina,Evac Area 3 Dock,372.24,383.04,383.04,386.04,25.0,0,None
10,Vessel 3,10,Evac Area 3 Dock,Safe Area 3 Marina,386.04,396.84000000000003,396.84000000000003,399.84000000000003,25.0,2,Evac Area 3
11,Vessel 3,11,Safe Area 3 Marina,Evac Area 3 Dock,399.84000000000003,410.64000000000004,410.64000000000004,413.64000000000004,25.0,0,None
12,Vessel 3,12,Evac Area 3 Dock,Safe Area 3 Marina,413.64000000000004,424.44000000000005,424.44000000000005,427.44000000000005,25.0,12,Evac Area 3
13,Vessel 3,13,Safe Area 3 Marina,Evac Area 3 Dock,427.44000000000005,438.24000000000007,438.24000000000007,441.24000000000007,25.0,0,None
14,Vessel 3,14,Evac Area 3 Dock,Safe Area 3 Marina,441.24000000000007,452.0400000000001,452.0400000000001,455.0400000000001,25.0,12,Evac Area 3
15,Vessel 3,15,Safe Area 3 Marina,Evac Area 4 Dock,455.0400000000001,473.0400000000001,473.0400000000001,476.0400000000001,25.0,0,None
16,Vessel 3,16,Evac Area 4 Dock,Safe Area 2 Harbor,476.0400000000001,494.2800000000001,494.2800000000001,497.2800000000001,25.0,12,Evac Area 4
17,Vessel 3,17,Safe Area 2 Harbor,Evac Area 2 Marina,497.2800000000001,509.2800000000001,509.2800000000001,512.2800000000001,25.0,0,None
18,Vessel 3,18,Evac Area 2 Marina,Safe Area 2 Harbor,512.2800000000001,524.2800000000001,524.2800000000001,527.2800000000001,25.0,12,Evac Area 2
19,Vessel 3,19,Safe Area 2 Harbor,Evac Area 2 Marina,527.2800000000001,539.2800000000001,539.2800000000001,542.2800000000001,25.0,0,None
20,Vessel 3,20,Evac Area 2 Marina,Safe Area 2 Harbor,542.2800000000001,554.2800000000001,554.2800000000001,557.2800000000001,25.0,12,Evac Area 2
21,Vessel 3,21,Safe Area 2 Harbor,Evac Area 2 Marina,557.2800000000001,569.2800000000001,569.2800000000001,572.2800000000001,25.0,0,None
22,Vessel 3,22,Evac Area 2 Marina,Safe Area 2 Harbor,572.2800000000001,584.2800000000001,584.2800000000001,587.2800000000001,25.0,12,Evac Area 2
23,Vessel 3,23,Safe Area 2 Harbor,Evac Area 2 Marina,587.2800000000001,599.2800000000001,599.2800000000001,602.2800000000001,25.0,0,None
24,Vessel 3,24,Evac Area 2 Marina,Safe Area 2 Harbor,602.2800000000001,614.2800000000001,614.2800000000001,617.2800000000001,25.0,12,Evac Area 2
1,Vessel 4,1,Safe Area 3 Marina,Evac Area 4 Dock,246.88,264.88,264.88,269.88,25.0,0,None
2,Vessel 4,2,Evac Area 4 Dock,Safe Area 3 Marina,269.88,287.88,287.88,292.88,25.0,38,Evac Area 4
3,Vessel 4,3,Safe Area 3 Marina,Evac Area 4 Dock,292.88,310.88,310.88,315.88,25.0,0,None
4,Vessel 4,4,Evac Area 4 Dock,Safe Area 3 Marina,315.88,333.88,333.88,338.88,25.0,38,Evac Area 4
5,Vessel 4,5,Safe Area 3 Marina,Evac Area 4 Dock,338.88,356.88,356.88,361.88,25.0,0,None
6,Vessel 4,6,Evac Area 4 Dock,Safe Area 3 Marina,361.88,379.88,379.88,384.88,25.0,38,Evac Area 4
7,Vessel 4,7,Safe Area 3 Marina,Evac Area 4 Dock,384.88,402.88,402.88,407.88,25.0,0,None
8,Vessel 4,8,Evac Area 4 Dock,Safe Area 3 Marina,407.88,425.88,425.88,430.88,25.0,38,Evac Area 4
9,Vessel 4,9,Safe Area 3 Marina,Evac Area 4 Dock,430.88,448.88,448.88,453.88,25.0,0,None
10,Vessel 4,10,Evac Area 4 Dock,Safe Area 3 Marina,453.88,471.88,471.88,476.88,25.0,38,Evac Area 4
11,Vessel 4,11,Safe Area 3 Marina,Evac Area 4 Dock,476.88,494.88,494.88,499.88,25.0,0,None
12,Vessel 4,12,Evac Area 4 Dock,Safe Area 3 Marina,499.88,517.88,517.88,522.88,25.0,38,Evac Area 4
13,Vessel 4,13,Safe Area 3 Marina,Evac Area 4 Dock,522.88,540.88,540.88,545.88,25.0,0,None
14,Vessel 4,14,Evac Area 4 Dock,Safe Area 3 Marina,545.88,563.88,563.88,568.88,25.0,38,Evac Area 4
15,Vessel 4,15,Safe Area 3 Marina,Evac Area 4 Dock,568.88,586.88,586.88,591.88,25.0,0,None
16,Vessel 4,16,Evac Area 4 Dock,Safe Area 3 Marina,591.88,609.88,609.88,614.88,25.0,38,Evac Area 4
1,Vessel 5,1,Safe Area 3 Marina,Evac Area 4 Dock,271.6666666666667,296.6666666666667,296.6666666666667,306.6666666666667,18.0,0,None
2,Vessel 5,2,Evac Area 4 Dock,Safe Area 3 Marina,306.6666666666667,331.6666666666667,331.6666666666667,341.6666666666667,18.0,120,Evac Area 4
3,Vessel 5,3,Safe Area 3 Marina,Evac Area 4 Dock,341.6666666666667,366.6666666666667,366.6666666666667,376.6666666666667,18.0,0,None
4,Vessel 5,4,Evac Area 4 Dock,Safe Area 3 Marina,376.6666666666667,401.6666666666667,401.6666666666667,411.6666666666667,18.0,120,Evac Area 4
5,Vessel 5,5,Safe Area 3 Marina,Evac Area 4 Dock,411.6666666666667,436.6666666666667,436.6666666666667,446.6666666666667,18.0,0,None
6,Vessel 5,6,Evac Area 4 Dock,Safe Area 3 Marina,446.6666666666667,471.6666666666667,471.6666666666667,481.6666666666667,18.0,120,Evac Area 4
7,Vessel 5,7,Safe Area 3 Marina,Evac Area 4 Dock,481.6666666666667,506.6666666666667,506.6666666666667,516.6666666666667,18.0,0,None
8,Vessel 5,8,Evac Area 4 Dock,Safe Area 3 Marina,516.6666666666667,541.6666666666667,541.6666666666667,551.6666666666667,18.0,120,Evac Area 4
9,Vessel 5,9,Safe Area 3 Marina,Evac Area 4 Dock,551.6666666666667,576.6666666666667,576.6666666666667,586.6666666666667,18.0,0,None
10,Vessel 5,10,Evac Area 4 Dock,Safe Area 3 Marina,586.6666666666667,611.6666666666667,611.6666666666667,621.6666666666667,18.0,110,Evac Area 4
1,Vessel 6,1,Safe Area 2 Harbor,Evac Area 2 Marina,240.72,252.72,252.72,255.72,25.0,0,None
2,Vessel 6,2,Evac Area 2 Marina,Safe Area 2 Harbor,255.72,267.72,267.72,270.72,25.0,12,Evac Area 2
3,Vessel 6,3,Safe Area 2 Harbor,Evac Area 2 Marina,270.72,282.72,282.72,285.72,25.0,0,None
4,Vessel 6,4,Evac Area 2 Marina,Safe Area 2 Harbor,285.72,297.72,297.72,300.72,25.0,12,Evac Area 2
5,Vessel 6,5,Safe Area 2 Harbor,Evac Area 2 Marina,300.72,312.72,312.72,315.72,25.0,0,None
6,Vessel 6,6,Evac Area 2 Marina,Safe Area 2 Harbor,315.72,327.72,327.72,330.72,25.0,12,Evac Area 2
7,Vessel 6,7,Safe Area 2 Harbor,Evac Area 2 Marina,330.72,342.72,342.72,345.72,25.0,0,None
8,Vessel 6,8,Evac Area 2 Marina,Safe Area 2 Harbor,345.72,357.72,357.72,360.72,25.0,12,Evac Area 2
9,Vessel 6,9,Safe Area 2 Harbor,Evac Area 2 Marina,360.72,372.72,372.72,375.72,25.0,0,None
10,Vessel 6,10,Evac Area 2 Marina,Safe Area 2 Harbor,375.72,387.72,387.72,390.72,25.0,12,Evac Area 2
11,Vessel 6,11,Safe Area 2 Harbor,Evac Area 2 Marina,390.72,402.72,402.72,405.72,25.0,0,None
12,Vessel 6,12,Evac Area 2 Marina,Safe Area 2 Harbor,405.72,417.72,417.72,420.72,25.0,12,Evac Area 2
13,Vessel 6,13,Safe Area 2 Harbor,Evac Area 2 Marina,420.72,432.72,432.72,435.72,25.0,0,None
14,Vessel 6,14,Evac Area 2 Marina,Safe Area 2 Harbor,435.72,447.72,447.72,450.72,25.0,12,Evac Area 2
15,Vessel 6,15,Safe Area 2 Harbor,Evac Area 2 Marina,450.72,462.72,462.72,465.72,25.0,0,None
16,Vessel 6,16,Evac Area 2 Marina,Safe Area 2 Harbor,465.72,477.72,477.72,480.72,25.0,12,Evac Area 2
17,Vessel 6,17,Safe Area 2 Harbor,Evac Area 2 Marina,480.72,492.72,492.72,495.72,25.0,0,None
18,Vessel 6,18,Evac Area 2 Marina,Safe Area 2 Harbor,495.72,507.72,507.72,510.72,25.0,12,Evac Area 2
19,Vessel 6,19,Safe Area 2 Harbor,Evac Area 2 Marina,510.72,522.72,522.72,525.72,25.0,0,None
20,Vessel 6,20,Evac Area 2 Marina,Safe Area 2 Harbor,525.72,537.72,537.72,540.72,25.0,12,Evac Area 2
21,Vessel 6,21,Safe Area 2 Harbor,Evac Area 2 Marina,540.72,552.72,552.72,555.72,25.0,0,None
22,Vessel 6,22,Evac Area 2 Marina,Safe Area 2 Harbor,555.72,567.72,567.72,570.72,25.0,12,Evac Area 2
23,Vessel 6,23,Safe Area 2 Harbor,Evac Area 2 Marina,570.72,582.72,582.72,585.72,25.0,0,None
24,Vessel 6,24,Evac Area 2 Marina,Safe Area 2 Harbor,585.72,597.72,597.72,600.72,25.0,12,Evac Area 2
