,segment_id,resource_id,route_segment_id,origin,destination,route_start_time,route_end_time,load_start_time,load_end_time,resource_speed,evacuees,evacuated_location
0,1,Queen of Capilano,1,Horseshoe Bay Terminal,Snug Cove Ferry Terminal,10.0,24.0,24.0,34.0,12.0,0,None
1,2,Queen of Capilano,2,Snug Cove Ferry Terminal,Horseshoe Bay Terminal,34.0,48.0,48.0,58.0,12.0,457,Snug Cove
2,3,Queen of Capilano,3,Horseshoe Bay Terminal,Snug Cove Ferry Terminal,58.0,72.0,72.0,82.0,12.0,0,None
3,4,Queen of Capilano,4,Snug Cove Ferry Terminal,Horseshoe Bay Terminal,82.0,96.0,96.0,106.0,12.0,457,Snug Cove
4,5,Queen of Capilano,5,Horseshoe Bay Terminal,Snug Cove Ferry Terminal,106.0,120.0,120.0,130.0,12.0,0,None
5,6,Queen of Capilano,6,Snug Cove Ferry Terminal,Horseshoe Bay Terminal,130.0,144.0,144.0,154.0,12.0,457,Snug Cove
6,1,Apodaca,1,Snug Cove Marina,Snug Cove Marina,10.0,10.0,10.0,15.0,25.0,0,None
7,2,Apodaca,2,Snug Cove Marina,Horseshoe Bay Terminal,15.0,23.4,23.4,28.4,20.0,38,Snug Cove
8,3,Apodaca,3,Horseshoe Bay Terminal,Cates Bay Dock,28.4,35.36,35.36,40.36,20.0,0,None
9,4,Apodaca,4,Cates Bay Dock,Horseshoe Bay Terminal,40.36,49.06,49.06,54.06,20.0,38,Hood Point
10,5,Apodaca,5,Horseshoe Bay Terminal,Mannion Bay Wharf,54.06,60.300000000000004,60.300000000000004,65.30000000000001,20.0,0,None
11,6,Apodaca,6,Mannion Bay Wharf,Horseshoe Bay Terminal,65.30000000000001,73.10000000000001,73.10000000000001,78.10000000000001,20.0,38,Snug Cove
12,7,Apodaca,7,Horseshoe Bay Terminal,Mannion Bay Wharf,78.10000000000001,84.34,84.34,89.34,20.0,0,None
13,8,Apodaca,8,Mannion Bay Wharf,Horseshoe Bay Terminal,89.34,97.14,97.14,102.14,20.0,38,Snug Cove
14,9,Apodaca,9,Horseshoe Bay Terminal,Cates Bay Dock,102.14,109.1,109.1,114.1,20.0,0,None
15,10,Apodaca,10,Cates Bay Dock,Horseshoe Bay Terminal,114.1,122.8,122.8,127.8,20.0,38,Hood Point
16,11,Apodaca,11,Horseshoe Bay Terminal,Mannion Bay Wharf,127.8,134.04,134.04,139.04,20.0,0,None
17,12,Apodaca,12,Mannion Bay Wharf,Horseshoe Bay Terminal,139.04,146.84,146.84,151.84,20.0,34,Snug Cove
18,1,Mercury 3,1,Horseshoe Bay Terminal,Cates Bay Dock,20.0,26.96,26.96,31.96,25.0,0,None
19,2,Mercury 3,2,Cates Bay Dock,Horseshoe Bay Terminal,31.96,40.66,40.66,45.66,20.0,40,Hood Point
20,3,Mercury 3,3,Horseshoe Bay Terminal,Cates Bay Dock,45.66,52.62,52.62,57.62,20.0,0,None
21,4,Mercury 3,4,Cates Bay Dock,Horseshoe Bay Terminal,57.62,66.32,66.32,71.32,20.0,40,Hood Point
22,5,Mercury 3,5,Horseshoe Bay Terminal,Mannion Bay Wharf,71.32,77.55999999999999,77.55999999999999,82.55999999999999,20.0,0,None
23,6,Mercury 3,6,Mannion Bay Wharf,Horseshoe Bay Terminal,82.55999999999999,90.35999999999999,90.35999999999999,95.35999999999999,20.0,40,Snug Cove
24,7,Mercury 3,7,Horseshoe Bay Terminal,Cates Bay Dock,95.35999999999999,102.31999999999998,102.31999999999998,107.31999999999998,20.0,0,None
25,8,Mercury 3,8,Cates Bay Dock,Horseshoe Bay Terminal,107.31999999999998,116.01999999999998,116.01999999999998,121.01999999999998,20.0,40,Hood Point
26,9,Mercury 3,9,Horseshoe Bay Terminal,Cates Bay Dock,121.01999999999998,127.97999999999998,127.97999999999998,132.97999999999996,20.0,0,None
27,10,Mercury 3,10,Cates Bay Dock,Horseshoe Bay Terminal,132.97999999999996,141.67999999999995,141.67999999999995,146.67999999999995,20.0,39,Hood Point
28,1,Kona Winds Charters 1,1,Gibsons Harbor,Cates Bay Dock,30.0,50.64,50.64,55.64,25.0,0,None
29,2,Kona Winds Charters 1,2,Cates Bay Dock,Horseshoe Bay Terminal,55.64,64.34,64.34,69.34,20.0,40,Hood Point
30,3,Kona Winds Charters 1,3,Horseshoe Bay Terminal,Mannion Bay Wharf,69.34,75.58,75.58,80.58,20.0,0,None
31,4,Kona Winds Charters 1,4,Mannion Bay Wharf,Horseshoe Bay Terminal,80.58,88.38,88.38,93.38,20.0,40,Snug Cove
32,5,Kona Winds Charters 1,5,Horseshoe Bay Terminal,Snug Cove Marina,93.38,100.1,100.1,105.1,20.0,0,None
33,6,Kona Winds Charters 1,6,Snug Cove Marina,Horseshoe Bay Terminal,105.1,113.5,113.5,118.5,20.0,40,Snug Cove
34,7,Kona Winds Charters 1,7,Horseshoe Bay Terminal,Cates Bay Dock,118.5,125.46,125.46,130.45999999999998,20.0,0,None
35,8,Kona Winds Charters 1,8,Cates Bay Dock,Horseshoe Bay Terminal,130.45999999999998,139.15999999999997,139.15999999999997,144.15999999999997,20.0,40,Hood Point
36,1,Stormaway III,1,Gibsons Harbor,Hood Point Dock,30.0,48.239999999999995,48.239999999999995,53.239999999999995,25.0,0,None
37,2,Stormaway III,2,Hood Point Dock,Horseshoe Bay Terminal,53.239999999999995,64.33999999999999,64.33999999999999,69.33999999999999,20.0,40,Hood Point
38,3,Stormaway III,3,Horseshoe Bay Terminal,Mannion Bay Wharf,69.33999999999999,75.57999999999998,75.57999999999998,80.57999999999998,20.0,0,None
39,4,Stormaway III,4,Mannion Bay Wharf,Horseshoe Bay Terminal,80.57999999999998,88.37999999999998,88.37999999999998,93.37999999999998,20.0,40,Snug Cove
40,5,Stormaway III,5,Horseshoe Bay Terminal,Mannion Bay Wharf,93.37999999999998,99.61999999999998,99.61999999999998,104.61999999999998,20.0,0,None
41,6,Stormaway III,6,Mannion Bay Wharf,Horseshoe Bay Terminal,104.61999999999998,112.41999999999997,112.41999999999997,117.41999999999997,20.0,40,Snug Cove
42,7,Stormaway III,7,Horseshoe Bay Terminal,Cates Bay Dock,117.41999999999997,124.37999999999997,124.37999999999997,129.37999999999997,20.0,0,None
43,8,Stormaway III,8,Cates Bay Dock,Horseshoe Bay Terminal,129.37999999999997,138.07999999999996,138.07999999999996,143.07999999999996,20.0,40,Hood Point
44,1,RCM SAR 01,1,Horseshoe Bay Terminal,Cates Bay Dock,30.0,35.8,35.8,38.8,30.0,0,None
45,2,RCM SAR 01,2,Cates Bay Dock,Horseshoe Bay Terminal,38.8,45.76,45.76,48.76,25.0,12,Hood Point
46,3,RCM SAR 01,3,Horseshoe Bay Terminal,Mannion Bay Beach,48.76,53.96,53.96,56.96,25.0,0,None
47,4,RCM SAR 01,4,Mannion Bay Beach,Fishermans Cove,56.96,63.92,63.92,66.92,25.0,12,Snug Cove
48,5,RCM SAR 01,5,Fishermans Cove,Mannion Bay Wharf,66.92,72.72,72.72,75.72,25.0,0,None
49,6,RCM SAR 01,6,Mannion Bay Wharf,Fishermans Cove,75.72,82.67999999999999,82.67999999999999,85.67999999999999,25.0,12,Snug Cove
50,7,RCM SAR 01,7,Fishermans Cove,Mannion Bay Wharf,85.67999999999999,91.47999999999999,91.47999999999999,94.47999999999999,25.0,0,None
51,8,RCM SAR 01,8,Mannion Bay Wharf,Horseshoe Bay Terminal,94.47999999999999,100.71999999999998,100.71999999999998,103.71999999999998,25.0,12,Snug Cove
52,9,RCM SAR 01,9,Horseshoe Bay Terminal,Cates Bay Dock,103.71999999999998,109.51999999999998,109.51999999999998,112.51999999999998,25.0,0,None
53,10,RCM SAR 01,10,Cates Bay Dock,Horseshoe Bay Terminal,112.51999999999998,119.47999999999998,119.47999999999998,122.47999999999998,25.0,12,Hood Point
54,11,RCM SAR 01,11,Horseshoe Bay Terminal,Hood Point Dock,122.47999999999998,129.87999999999997,129.87999999999997,132.87999999999997,25.0,0,None
55,12,RCM SAR 01,12,Hood Point Dock,Pasley Island Wharf,132.87999999999997,148.71999999999997,148.71999999999997,151.71999999999997,25.0,12,Hood Point
56,1,RCM SAR 01b,1,Horseshoe Bay Terminal,Snug Cove Marina,30.0,35.6,35.6,38.6,30.0,0,None
57,2,RCM SAR 01b,2,Snug Cove Marina,Horseshoe Bay Terminal,38.6,45.32,45.32,48.32,25.0,4,Snug Cove
58,3,RCM SAR 01b,3,Horseshoe Bay Terminal,Hood Point Dock,48.32,55.72,55.72,58.72,25.0,0,None
59,4,RCM SAR 01b,4,Hood Point Dock,Fishermans Cove,58.72,71.44,71.44,74.44,25.0,4,Hood Point
60,5,RCM SAR 01b,5,Fishermans Cove,Cates Bay Dock,74.44,83.24,83.24,86.24,25.0,0,None
61,6,RCM SAR 01b,6,Cates Bay Dock,Horseshoe Bay Terminal,86.24,93.19999999999999,93.19999999999999,96.19999999999999,25.0,4,Hood Point
62,7,RCM SAR 01b,7,Horseshoe Bay Terminal,Cates Bay Dock,96.19999999999999,101.99999999999999,101.99999999999999,104.99999999999999,25.0,0,None
63,8,RCM SAR 01b,8,Cates Bay Dock,Horseshoe Bay Terminal,104.99999999999999,111.95999999999998,111.95999999999998,114.95999999999998,25.0,4,Hood Point
64,9,RCM SAR 01b,9,Horseshoe Bay Terminal,Mannion Bay Beach,114.95999999999998,120.15999999999998,120.15999999999998,123.15999999999998,25.0,0,None
65,10,RCM SAR 01b,10,Mannion Bay Beach,Horseshoe Bay Terminal,123.15999999999998,129.39999999999998,129.39999999999998,132.39999999999998,25.0,4,Snug Cove
66,11,RCM SAR 01b,11,Horseshoe Bay Terminal,Cates Bay Beach,132.39999999999998,138.2,138.2,141.2,25.0,0,None
67,12,RCM SAR 01b,12,Cates Bay Beach,Horseshoe Bay Terminal,141.2,148.16,148.16,151.16,25.0,4,Hood Point
68,1,RCM SAR 14,1,Gibsons Harbor,Cates Bay Dock,30.0,47.2,47.2,52.2,30.0,0,None
69,2,RCM SAR 14,2,Cates Bay Dock,Horseshoe Bay Terminal,52.2,59.160000000000004,59.160000000000004,64.16,25.0,8,Hood Point
70,3,RCM SAR 14,3,Horseshoe Bay Terminal,Cates Bay Beach,64.16,69.96,69.96,74.96,25.0,0,None
71,4,RCM SAR 14,4,Cates Bay Beach,Horseshoe Bay Terminal,74.96,81.91999999999999,81.91999999999999,86.91999999999999,25.0,8,Hood Point
72,5,RCM SAR 14,5,Horseshoe Bay Terminal,Cates Bay Beach,86.91999999999999,92.71999999999998,92.71999999999998,97.71999999999998,25.0,0,None
73,6,RCM SAR 14,6,Cates Bay Beach,Horseshoe Bay Terminal,97.71999999999998,104.67999999999998,104.67999999999998,109.67999999999998,25.0,8,Hood Point
74,7,RCM SAR 14,7,Horseshoe Bay Terminal,Mannion Bay Beach,109.67999999999998,114.87999999999998,114.87999999999998,119.87999999999998,25.0,0,None
75,8,RCM SAR 14,8,Mannion Bay Beach,Fishermans Cove,119.87999999999998,126.83999999999997,126.83999999999997,131.83999999999997,25.0,8,Snug Cove
76,9,RCM SAR 14,9,Fishermans Cove,Mannion Bay Wharf,131.83999999999997,137.64,137.64,142.64,25.0,0,None
77,10,RCM SAR 14,10,Mannion Bay Wharf,Horseshoe Bay Terminal,142.64,148.88,148.88,153.88,25.0,8,Snug Cove
78,1,RCM SAR 02,1,Lynwood Marina,Cates Bay Beach,30.0,61.60000000000001,61.60000000000001,64.60000000000001,30.0,0,None
79,2,RCM SAR 02,2,Cates Bay Beach,Horseshoe Bay Terminal,64.60000000000001,71.56,71.56,74.56,25.0,12,Hood Point
80,3,RCM SAR 02,3,Horseshoe Bay Terminal,Mannion Bay Beach,74.56,79.76,79.76,82.76,25.0,0,None
81,4,RCM SAR 02,4,Mannion Bay Beach,Fishermans Cove,82.76,89.72,89.72,92.72,25.0,12,Snug Cove
82,5,RCM SAR 02,5,Fishermans Cove,Cates Bay Dock,92.72,101.52,101.52,104.52,25.0,0,None
83,6,RCM SAR 02,6,Cates Bay Dock,Horseshoe Bay Terminal,104.52,111.47999999999999,111.47999999999999,114.47999999999999,25.0,12,Hood Point
84,7,RCM SAR 02,7,Horseshoe Bay Terminal,Cates Bay Dock,114.47999999999999,120.27999999999999,120.27999999999999,123.27999999999999,25.0,0,None
85,8,RCM SAR 02,8,Cates Bay Dock,Horseshoe Bay Terminal,123.27999999999999,130.23999999999998,130.23999999999998,133.23999999999998,25.0,12,Hood Point
86,9,RCM SAR 02,9,Horseshoe Bay Terminal,Cates Bay Dock,133.23999999999998,139.04,139.04,142.04,25.0,0,None
87,10,RCM SAR 02,10,Cates Bay Dock,Horseshoe Bay Terminal,142.04,149.0,149.0,152.0,25.0,12,Hood Point
88,1,CCG response 1,1,Kitsilano CCG,Mannion Bay Wharf,30.0,54.0,54.0,59.0,25.0,0,None
89,2,CCG response 1,2,Mannion Bay Wharf,Fishermans Cove,59.0,65.96,65.96,70.96,25.0,15,Snug Cove
90,3,CCG response 1,3,Fishermans Cove,Cates Bay Dock,70.96,81.52,81.52,86.52,25.0,0,None
91,4,CCG response 1,4,Cates Bay Dock,Fishermans Cove,86.52,97.08,97.08,102.08,25.0,15,Hood Point
92,5,CCG response 1,5,Fishermans Cove,Snug Cove Marina,102.08,109.28,109.28,114.28,25.0,0,None
93,6,CCG response 1,6,Snug Cove Marina,Fishermans Cove,114.28,121.48,121.48,126.48,25.0,15,Snug Cove
94,7,CCG response 1,7,Fishermans Cove,Mannion Bay Wharf,126.48,133.44,133.44,138.44,25.0,0,None
95,8,CCG response 1,8,Mannion Bay Wharf,Horseshoe Bay Terminal,138.44,144.68,144.68,149.68,25.0,15,Snug Cove
96,1,CCG response 2,1,Kitsilano CCG,Cates Bay Dock,30.0,58.08,58.08,63.08,25.0,0,None
97,2,CCG response 2,2,Cates Bay Dock,Horseshoe Bay Terminal,63.08,70.03999999999999,70.03999999999999,75.03999999999999,25.0,15,Hood Point
98,3,CCG response 2,3,Horseshoe Bay Terminal,Cates Bay Dock,75.03999999999999,81.99999999999999,81.99999999999999,86.99999999999999,25.0,0,None
99,4,CCG response 2,4,Cates Bay Dock,Horseshoe Bay Terminal,86.99999999999999,93.95999999999998,93.95999999999998,98.95999999999998,25.0,15,Hood Point
100,5,CCG response 2,5,Horseshoe Bay Terminal,Cates Bay Dock,98.95999999999998,105.91999999999997,105.91999999999997,110.91999999999997,25.0,0,None
101,6,CCG response 2,6,Cates Bay Dock,Horseshoe Bay Terminal,110.91999999999997,117.87999999999997,117.87999999999997,122.87999999999997,25.0,15,Hood Point
102,7,CCG response 2,7,Horseshoe Bay Terminal,Snug Cove Marina,122.87999999999997,129.59999999999997,129.59999999999997,134.59999999999997,25.0,0,None
103,8,CCG response 2,8,Snug Cove Marina,Horseshoe Bay Terminal,134.59999999999997,141.31999999999996,141.31999999999996,146.31999999999996,25.0,15,Snug Cove
104,1,CCG landing vessel,1,Kitsilano CCG,Cates Bay Dock,30.0,69.0,69.0,77.0,18.0,0,None
105,2,CCG landing vessel,2,Cates Bay Dock,Fishermans Cove,77.0,91.66666666666667,91.66666666666667,99.66666666666667,18.0,60,Hood Point
106,3,CCG landing vessel,3,Fishermans Cove,Mannion Bay Beach,99.66666666666667,109.33333333333334,109.33333333333334,117.33333333333334,18.0,0,None
107,4,CCG landing vessel,4,Mannion Bay Beach,Horseshoe Bay Terminal,117.33333333333334,126.00000000000001,126.00000000000001,134.0,18.0,60,Snug Cove
108,1,CCG Siyay,1,Richmond Hovercraft Base,Mannion Bay Beach,30.0,50.266666666666666,50.266666666666666,60.266666666666666,45.0,0,None
109,2,CCG Siyay,2,Mannion Bay Beach,Fishermans Cove,60.266666666666666,64.13333333333333,64.13333333333333,74.13333333333333,45.0,50,Snug Cove
110,3,CCG Siyay,3,Fishermans Cove,Cates Bay Beach,74.13333333333333,80.0,80.0,90.0,45.0,0,None
111,4,CCG Siyay,4,Cates Bay Beach,Horseshoe Bay Terminal,90.0,93.86666666666666,93.86666666666666,103.86666666666666,45.0,50,Hood Point
112,5,CCG Siyay,5,Horseshoe Bay Terminal,Cates Bay Beach,103.86666666666666,107.73333333333332,107.73333333333332,117.73333333333332,45.0,0,None
113,6,CCG Siyay,6,Cates Bay Beach,Horseshoe Bay Terminal,117.73333333333332,121.59999999999998,121.59999999999998,131.59999999999997,45.0,50,Hood Point
114,1,CCG Moytel,1,Richmond Hovercraft Base,Mannion Bay Wharf,30.0,48.239999999999995,48.239999999999995,58.239999999999995,50.0,0,None
115,2,CCG Moytel,2,Mannion Bay Wharf,Horseshoe Bay Terminal,58.239999999999995,61.35999999999999,61.35999999999999,71.35999999999999,50.0,50,Snug Cove
116,3,CCG Moytel,3,Horseshoe Bay Terminal,Cates Bay Dock,71.35999999999999,74.83999999999999,74.83999999999999,84.83999999999999,50.0,0,None
117,4,CCG Moytel,4,Cates Bay Dock,Horseshoe Bay Terminal,84.83999999999999,88.32,88.32,98.32,50.0,50,Hood Point
118,5,CCG Moytel,5,Horseshoe Bay Terminal,Cates Bay Dock,98.32,101.8,101.8,111.8,50.0,0,None
119,6,CCG Moytel,6,Cates Bay Dock,Horseshoe Bay Terminal,111.8,115.28,115.28,125.28,50.0,50,Hood Point
120,7,CCG Moytel,7,Horseshoe Bay Terminal,Cates Bay Beach,125.28,128.76,128.76,138.76,50.0,0,None
121,8,CCG Moytel,8,Cates Bay Beach,Horseshoe Bay Terminal,138.76,142.23999999999998,142.23999999999998,152.23999999999998,50.0,50,Hood Point
