segment_id,resource_id,route_segment_id,origin,destination,route_start_time,route_end_time,load_start_time,load_end_time,resource_speed,evacuees,evacuated_location,post_run_correction
1,Vessel 1,1,Safe Area 1 Terminal,Evac Area 1 Ferry Terminal,10.0,24.0,24.0,34.0,12.0,0,None,
2,Vessel 1,2,Evac Area 1 Ferry Terminal,Safe Area 1 Terminal,34.0,48.0,48.0,58.0,12.0,157,Evac Area 1,
3,Vessel 1,3,Safe Area 1 Terminal,Evac Area 1 Ferry Terminal,58.0,72.0,72.0,82.0,12.0,0,None,
4,Vessel 1,4,Evac Area 1 Ferry Terminal,Safe Area 1 Terminal,82.0,96.0,96.0,106.0,12.0,457,Evac Area 1,
1,Vessel 2,1,Safe Area 2 Harbor,Evac Area 4 Dock,10.0,28.24000000000001,28.24000000000001,31.24000000000001,25.0,0,None,
2,Vessel 2,2,Evac Area 4 Dock,Safe Area 3 Marina,31.24000000000001,49.24000000000001,49.24000000000001,52.24000000000001,25.0,12,Evac Area 4,
3,Vessel 2,3,Safe Area 3 Marina,Evac Area 4 Dock,52.24000000000001,70.24000000000001,70.24000000000001,73.24000000000001,25.0,0,None,
4,Vessel 2,4,Evac Area 4 Dock,Safe Area 3 Marina,73.24000000000001,91.24000000000001,91.24000000000001,94.24000000000001,25.0,12,Evac Area 4,
5,Vessel 2,5,Safe Area 3 Marina,Evac Area 4 Beach,94.24000000000001,112.24000000000001,112.24000000000001,115.24000000000001,25.0,0,None,
6,Vessel 2,6,Evac Area 4 Beach,Safe Area 3 Marina,115.24000000000001,133.24,133.24,136.24,25.0,12,Evac Area 4,
7,Vessel 2,7,Safe Area 3 Marina,Evac Area 3 Dock,136.24,147.04000000000002,147.04000000000002,150.04000000000002,25.0,0,None,
8,Vessel 2,8,Evac Area 3 Dock,Safe Area 3 Marina,150.04000000000002,160.84000000000003,160.84000000000003,163.84000000000003,25.0,12,Evac Area 3,
9,Vessel 2,9,Safe Area 3 Marina,Evac Area 3 Dock,163.84000000000003,174.64000000000004,174.64000000000004,177.64000000000004,25.0,0,None,
10,Vessel 2,10,Evac Area 3 Dock,Safe Area 3 Marina,177.64000000000004,188.44000000000003,188.44000000000003,191.44000000000003,25.0,12,Evac Area 3,
11,Vessel 2,11,Safe Area 3 Marina,Evac Area 4 Beach,191.44000000000003,209.44000000000003,209.44000000000003,212.44000000000003,25.0,0,None,
12,Vessel 2,12,Evac Area 4 Beach,Safe Area 3 Marina,212.44000000000003,230.44000000000003,230.44000000000003,233.44000000000003,25.0,12,Evac Area 4,
13,Vessel 2,13,Safe Area 3 Marina,Evac Area 3 Dock,233.44000000000003,244.24000000000007,244.24000000000007,247.24000000000007,25.0,0,None,
14,Vessel 2,14,Evac Area 3 Dock,Safe Area 3 Marina,247.24000000000007,258.0400000000001,258.0400000000001,261.0400000000001,25.0,12,Evac Area 3,
1,Vessel 3,1,Safe Area 3 Marina,Evac Area 3 Dock,60.0,70.80000000000001,70.80000000000001,73.80000000000001,25.0,0,None,
2,Vessel 3,2,Evac Area 3 Dock,Safe Area 3 Marina,73.80000000000001,84.6,84.6,87.6,25.0,6,Evac Area 3,
3,Vessel 3,3,Safe Area 3 Marina,Evac Area 4 Dock,87.6,105.6,105.6,108.6,25.0,0,None,
4,Vessel 3,4,Evac Area 4 Dock,Safe Area 2 Harbor,108.6,126.84,126.84,129.83999999999995,25.0,12,Evac Area 4,
5,Vessel 3,5,Safe Area 2 Harbor,Evac Area 4 Dock,129.83999999999995,148.07999999999998,148.07999999999998,151.07999999999998,25.0,0,None,
6,Vessel 3,6,Evac Area 4 Dock,Safe Area 2 Harbor,151.07999999999998,169.32,169.32,172.32,25.0,12,Evac Area 4,
7,Vessel 3,7,Safe Area 2 Harbor,Evac Area 4 Beach,172.32,190.56,190.56,193.56,25.0,0,None,
8,Vessel 3,8,Evac Area 4 Beach,Safe Area 3 Marina,193.56,211.56,211.56,214.56,25.0,12,Evac Area 4,
9,Vessel 3,9,Safe Area 3 Marina,Evac Area 4 Beach,214.56,232.56,232.56,235.56,25.0,0,None,
10,Vessel 3,10,Evac Area 4 Beach,Safe Area 2 Harbor,235.56,253.8,253.8,256.8,25.0,12,Evac Area 4,
11,Vessel 3,11,Safe Area 2 Harbor,Evac Area 4 Dock,256.8,275.04,275.04,278.04,25.0,0,None,
12,Vessel 3,12,Evac Area 4 Dock,Safe Area 2 Harbor,278.04,296.28000000000003,296.28000000000003,299.28000000000003,25.0,12,Evac Area 4,
1,Vessel 4,1,Safe Area 1 Terminal,Evac Area 3 Dock,10.0,22.0,22.0,27.0,25.0,0,None,
2,Vessel 4,2,Evac Area 3 Dock,Safe Area 3 Marina,27.0,37.80000000000001,37.80000000000001,42.80000000000001,25.0,38,Evac Area 3,
3,Vessel 4,3,Safe Area 3 Marina,Evac Area 3 Dock,42.80000000000001,53.60000000000002,53.60000000000002,58.599999999999994,25.0,0,None,
4,Vessel 4,4,Evac Area 3 Dock,Safe Area 3 Marina,58.599999999999994,69.39999999999998,69.39999999999998,74.39999999999998,25.0,38,Evac Area 3,
5,Vessel 4,5,Safe Area 3 Marina,Evac Area 3 Dock,74.39999999999998,85.19999999999999,85.19999999999999,90.19999999999999,25.0,0,None,
6,Vessel 4,6,Evac Area 3 Dock,Safe Area 3 Marina,90.19999999999999,101.0,101.0,106.0,25.0,38,Evac Area 3,
7,Vessel 4,7,Safe Area 3 Marina,Evac Area 3 Dock,106.0,116.79999999999998,116.79999999999998,121.79999999999998,25.0,0,None,
8,Vessel 4,8,Evac Area 3 Dock,Safe Area 3 Marina,121.79999999999998,132.6,132.6,137.6,25.0,38,Evac Area 3,
9,Vessel 4,9,Safe Area 3 Marina,Evac Area 3 Dock,137.6,148.4,148.4,153.4,25.0,0,None,
10,Vessel 4,10,Evac Area 3 Dock,Safe Area 3 Marina,153.4,164.20000000000002,164.20000000000002,169.20000000000002,25.0,38,Evac Area 3,
11,Vessel 4,11,Safe Area 3 Marina,Evac Area 3 Dock,169.20000000000002,180.00000000000003,180.00000000000003,185.00000000000003,25.0,0,None,
12,Vessel 4,12,Evac Area 3 Dock,Safe Area 3 Marina,185.00000000000003,195.80000000000004,195.80000000000004,200.80000000000004,25.0,38,Evac Area 3,
13,Vessel 4,13,Safe Area 3 Marina,Evac Area 3 Dock,200.80000000000004,211.60000000000005,211.60000000000005,216.60000000000005,25.0,0,None,
14,Vessel 4,14,Evac Area 3 Dock,Safe Area 3 Marina,216.60000000000005,227.4000000000001,227.4000000000001,232.4000000000001,25.0,38,Evac Area 3,
15,Vessel 4,15,Safe Area 3 Marina,Evac Area 3 Dock,232.4000000000001,243.20000000000007,243.20000000000007,248.20000000000007,25.0,0,None,
16,Vessel 4,16,Evac Area 3 Dock,Safe Area 3 Marina,248.20000000000007,259.00000000000006,259.00000000000006,264.00000000000006,25.0,38,Evac Area 3,
17,Vessel 4,17,Safe Area 3 Marina,Evac Area 4 Dock,264.00000000000006,282.00000000000006,282.00000000000006,287.00000000000006,25.0,0,None,
18,Vessel 4,18,Evac Area 4 Dock,Safe Area 2 Harbor,287.00000000000006,305.24000000000007,305.24000000000007,310.24000000000007,25.0,38,Evac Area 4,
1,Vessel 5,1,Safe Area 1 Terminal,Evac Area 3 Dock,30.0,46.666666666666686,46.666666666666686,56.666666666666686,18.0,0,None,
2,Vessel 5,2,Evac Area 3 Dock,Safe Area 3 Marina,56.666666666666686,71.66666666666669,71.66666666666669,81.66666666666669,18.0,120,Evac Area 3,
3,Vessel 5,3,Safe Area 3 Marina,Evac Area 4 Dock,81.66666666666669,106.66666666666669,106.66666666666669,116.66666666666669,18.0,0,None,
4,Vessel 5,4,Evac Area 4 Dock,Safe Area 2 Harbor,116.66666666666669,142.0,142.0,152.0,18.0,120,Evac Area 4,
5,Vessel 5,5,Safe Area 2 Harbor,Evac Area 2 Marina,152.0,168.66666666666666,168.66666666666666,178.66666666666666,18.0,0,None,
6,Vessel 5,6,Evac Area 2 Marina,Safe Area 2 Harbor,178.66666666666666,195.3333333333333,195.3333333333333,205.3333333333333,18.0,120,Evac Area 2,
7,Vessel 5,7,Safe Area 2 Harbor,Evac Area 2 Marina,205.3333333333333,222.0,222.0,232.0,18.0,0,None,
8,Vessel 5,8,Evac Area 2 Marina,Safe Area 2 Harbor,232.0,248.66666666666663,248.66666666666663,258.66666666666663,18.0,120,Evac Area 2,
9,Vessel 5,9,Safe Area 2 Harbor,Evac Area 2 Marina,258.66666666666663,275.3333333333333,275.3333333333333,285.3333333333333,18.0,0,None,
10,Vessel 5,10,Evac Area 2 Marina,Safe Area 2 Harbor,285.3333333333333,302.0,302.0,312.0,18.0,111,Evac Area 2,
1,Vessel 6,1,Safe Area 1 Terminal,Evac Area 3 Dock,30.0,42.0,42.0,45.0,25.0,0,None,
2,Vessel 6,2,Evac Area 3 Dock,Safe Area 3 Marina,45.0,55.80000000000001,55.80000000000001,58.80000000000001,25.0,12,Evac Area 3,
3,Vessel 6,3,Safe Area 3 Marina,Evac Area 4 Beach,58.80000000000001,76.80000000000001,76.80000000000001,79.80000000000001,25.0,0,None,
4,Vessel 6,4,Evac Area 4 Beach,Safe Area 3 Marina,79.80000000000001,97.80000000000001,97.80000000000001,100.80000000000001,25.0,12,Evac Area 4,
5,Vessel 6,5,Safe Area 3 Marina,Evac Area 4 Beach,100.80000000000001,118.80000000000001,118.80000000000001,121.80000000000001,25.0,0,None,
6,Vessel 6,6,Evac Area 4 Beach,Safe Area 3 Marina,121.80000000000001,139.8,139.8,142.8,25.0,12,Evac Area 4,
7,Vessel 6,7,Safe Area 3 Marina,Evac Area 4 Beach,142.8,160.8,160.8,163.8,25.0,0,None,
8,Vessel 6,8,Evac Area 4 Beach,Safe Area 3 Marina,163.8,181.8,181.8,184.8,25.0,12,Evac Area 4,
9,Vessel 6,9,Safe Area 3 Marina,Evac Area 4 Dock,184.8,202.8,202.8,205.8,25.0,0,None,
10,Vessel 6,10,Evac Area 4 Dock,Safe Area 3 Marina,205.8,223.8,223.8,226.8,25.0,12,Evac Area 4,
11,Vessel 6,11,Safe Area 3 Marina,Evac Area 4 Beach,226.8,244.8,244.8,247.8,25.0,0,None,
12,Vessel 6,12,Evac Area 4 Beach,Safe Area 3 Marina,247.8,265.8,265.8,268.8,25.0,12,Evac Area 4,
13,Vessel 6,13,Safe Area 3 Marina,Evac Area 4 Dock,268.8,286.8,286.8,289.8,25.0,0,None,
14,Vessel 6,14,Evac Area 4 Dock,Safe Area 3 Marina,289.8,307.8,307.8,310.8,25.0,8,Evac Area 4,
1,Vessel 2,1,Safe Area 3 Marina,Evac Area 3 Dock,312.0,322.8,322.8,325.8,25.0,0,None,yes
2,Vessel 2,2,Evac Area 3 Dock,Safe Area 3 Marina,325.8,336.6,336.6,339.6,25.0,12,Evac Area 3,yes
3,Vessel 2,3,Safe Area 3 Marina,Evac Area 3 Dock,339.6,350.4,350.4,353.4,25.0,0,None,yes
4,Vessel 2,4,Evac Area 3 Dock,Safe Area 3 Marina,353.4,364.2,364.2,367.2,25.0,12,Evac Area 3,yes
1,Vessel 3,1,Safe Area 2 Harbor,Evac Area 2 Marina,312.0,324.0,324.0,327.0,25.0,0,None,yes
2,Vessel 3,2,Evac Area 2 Marina,Safe Area 2 Harbor,327.0,339.0,339.0,342.0,25.0,12,Evac Area 2,yes
3,Vessel 3,3,Safe Area 2 Harbor,Evac Area 2 Marina,342.0,354.0,354.0,357.0,25.0,0,None,yes
4,Vessel 3,4,Evac Area 2 Marina,Safe Area 2 Harbor,357.0,369.0,369.0,372.0,25.0,3,Evac Area 2,yes
1,Vessel 4,1,Safe Area 2 Harbor,Evac Area 4 Dock,312.0,330.24,330.24,335.24,25.0,0,None,yes
2,Vessel 4,2,Evac Area 4 Dock,Safe Area 3 Marina,335.24,353.24,353.24,358.24,25.0,38,Evac Area 4,yes
1,Vessel 5,1,Safe Area 2 Harbor,Evac Area 3 Dock,312.0,338.6666666666667,338.6666666666667,348.6666666666667,18.0,0,None,yes
2,Vessel 5,2,Evac Area 3 Dock,Safe Area 3 Marina,348.6666666666667,363.6666666666667,363.6666666666667,373.6666666666667,18.0,119,Evac Area 3,yes
1,Vessel 6,1,Safe Area 3 Marina,Evac Area 3 Dock,312.0,322.8,322.8,325.8,25.0,0,None,yes
2,Vessel 6,2,Evac Area 3 Dock,Safe Area 3 Marina,325.8,336.6,336.6,339.6,25.0,12,Evac Area 3,yes
3,Vessel 6,3,Safe Area 3 Marina,Evac Area 4 Beach,339.6,357.6,357.6,360.6,25.0,0,None,yes
4,Vessel 6,4,Evac Area 4 Beach,Safe Area 3 Marina,360.6,378.6,378.6,381.6,25.0,7,Evac Area 4,yes
