segment_id,resource_id,route_segment_id,origin,destination,route_start_time,route_end_time,load_start_time,load_end_time,resource_speed,evacuees,evacuated_location
1,Vessel 1,1,Safe Area 1 Terminal,Evac Area 1 Ferry Terminal,10.0,24.0,24.0,34.0,12.0,0,None
2,Vessel 1,2,Evac Area 1 Ferry Terminal,Safe Area 1 Terminal,34.0,48.0,48.0,58.0,12.0,32,Evac Area 1
1,Vessel 2,1,Safe Area 2 Harbor,Evac Area 4 Beach,10.0,28.24,28.24,31.24,25.0,0,None
2,Vessel 2,2,Evac Area 4 Beach,Safe Area 3 Marina,31.24,49.239999999999995,49.239999999999995,52.239999999999995,25.0,12,Evac Area 4
3,Vessel 2,3,Safe Area 3 Marina,Evac Area 3 Dock,52.239999999999995,63.03999999999999,63.03999999999999,66.03999999999999,25.0,0,None
4,Vessel 2,4,Evac Area 3 Dock,Safe Area 3 Marina,66.03999999999999,76.83999999999999,76.83999999999999,79.83999999999999,25.0,12,Evac Area 3
5,Vessel 2,5,Safe Area 3 Marina,Evac Area 3 Dock,79.83999999999999,90.63999999999999,90.63999999999999,93.63999999999999,25.0,0,None
6,Vessel 2,6,Evac Area 3 Dock,Safe Area 3 Marina,93.63999999999999,104.43999999999998,104.43999999999998,107.43999999999998,25.0,12,Evac Area 3
7,Vessel 2,7,Safe Area 3 Marina,Evac Area 2 Marina,107.43999999999998,124.23999999999998,124.23999999999998,127.23999999999998,25.0,0,None
8,Vessel 2,8,Evac Area 2 Marina,Safe Area 2 Harbor,127.23999999999998,139.23999999999998,139.23999999999998,142.23999999999998,25.0,12,Evac Area 2
9,Vessel 2,9,Safe Area 2 Harbor,Evac Area 4 Beach,142.23999999999998,160.48,160.48,163.48,25.0,0,None
10,Vessel 2,10,Evac Area 4 Beach,Safe Area 3 Marina,163.48,181.48,181.48,184.48,25.0,12,Evac Area 4
11,Vessel 2,11,Safe Area 3 Marina,Evac Area 3 Dock,184.48,195.28,195.28,198.28,25.0,0,None
12,Vessel 2,12,Evac Area 3 Dock,Safe Area 3 Marina,198.28,209.08,209.08,212.08,25.0,12,Evac Area 3
13,Vessel 2,13,Safe Area 3 Marina,Evac Area 3 Dock,212.08,222.88000000000002,222.88000000000002,225.88000000000002,25.0,0,None
14,Vessel 2,14,Evac Area 3 Dock,Safe Area 3 Marina,225.88000000000002,236.68000000000004,236.68000000000004,239.68000000000004,25.0,12,Evac Area 3
15,Vessel 2,15,Safe Area 3 Marina,Evac Area 3 Dock,239.68000000000004,250.48000000000005,250.48000000000005,253.48000000000005,25.0,0,None
16,Vessel 2,16,Evac Area 3 Dock,Safe Area 3 Marina,253.48000000000005,264.28000000000003,264.28000000000003,267.28000000000003,25.0,12,Evac Area 3
17,Vessel 2,17,Safe Area 3 Marina,Evac Area 3 Dock,267.28000000000003,278.08000000000004,278.08000000000004,281.08000000000004,25.0,0,None
18,Vessel 2,18,Evac Area 3 Dock,Safe Area 3 Marina,281.08000000000004,291.88000000000005,291.88000000000005,294.88000000000005,25.0,12,Evac Area 3
1,Vessel 3,1,Safe Area 3 Marina,Evac Area 3 Dock,60.0,70.8,70.8,73.8,25.0,0,None
2,Vessel 3,2,Evac Area 3 Dock,Safe Area 3 Marina,73.8,84.6,84.6,87.6,25.0,12,Evac Area 3
3,Vessel 3,3,Safe Area 3 Marina,Evac Area 3 Dock,87.6,98.39999999999999,98.39999999999999,101.39999999999999,25.0,0,None
4,Vessel 3,4,Evac Area 3 Dock,Safe Area 3 Marina,101.39999999999999,112.19999999999999,112.19999999999999,115.19999999999999,25.0,12,Evac Area 3
5,Vessel 3,5,Safe Area 3 Marina,Evac Area 3 Dock,115.19999999999999,125.99999999999999,125.99999999999999,129.0,25.0,0,None
6,Vessel 3,6,Evac Area 3 Dock,Safe Area 3 Marina,129.0,139.8,139.8,142.8,25.0,12,Evac Area 3
7,Vessel 3,7,Safe Area 3 Marina,Evac Area 4 Dock,142.8,160.8,160.8,163.8,25.0,0,None
8,Vessel 3,8,Evac Area 4 Dock,Safe Area 3 Marina,163.8,181.8,181.8,184.8,25.0,12,Evac Area 4
9,Vessel 3,9,Safe Area 3 Marina,Evac Area 2 Marina,184.8,201.60000000000002,201.60000000000002,204.60000000000002,25.0,0,None
10,Vessel 3,10,Evac Area 2 Marina,Safe Area 2 Harbor,204.60000000000002,216.60000000000002,216.60000000000002,219.60000000000002,25.0,12,Evac Area 2
11,Vessel 3,11,Safe Area 2 Harbor,Evac Area 2 Marina,219.60000000000002,231.60000000000002,231.60000000000002,234.60000000000002,25.0,0,None
12,Vessel 3,12,Evac Area 2 Marina,Safe Area 2 Harbor,234.60000000000002,246.60000000000002,246.60000000000002,249.60000000000002,25.0,12,Evac Area 2
13,Vessel 3,13,Safe Area 2 Harbor,Evac Area 4 Beach,249.60000000000002,267.84000000000003,267.84000000000003,270.84000000000003,25.0,0,None
14,Vessel 3,14,Evac Area 4 Beach,Safe Area 1 Terminal,270.84000000000003,292.44000000000005,292.44000000000005,295.44000000000005,25.0,12,Evac Area 4
1,Vessel 4,1,Safe Area 1 Terminal,Evac Area 3 Dock,10.0,22.0,22.0,27.0,25.0,0,None
2,Vessel 4,2,Evac Area 3 Dock,Safe Area 3 Marina,27.0,37.8,37.8,42.8,25.0,38,Evac Area 3
3,Vessel 4,3,Safe Area 3 Marina,Evac Area 3 Dock,42.8,53.599999999999994,53.599999999999994,58.599999999999994,25.0,0,None
4,Vessel 4,4,Evac Area 3 Dock,Safe Area 3 Marina,58.599999999999994,69.39999999999999,69.39999999999999,74.39999999999999,25.0,38,Evac Area 3
5,Vessel 4,5,Safe Area 3 Marina,Evac Area 4 Dock,74.39999999999999,92.39999999999999,92.39999999999999,97.39999999999999,25.0,0,None
6,Vessel 4,6,Evac Area 4 Dock,Safe Area 3 Marina,97.39999999999999,115.39999999999999,115.39999999999999,120.39999999999999,25.0,38,Evac Area 4
7,Vessel 4,7,Safe Area 3 Marina,Evac Area 3 Dock,120.39999999999999,131.2,131.2,136.2,25.0,0,None
8,Vessel 4,8,Evac Area 3 Dock,Safe Area 3 Marina,136.2,147.0,147.0,152.0,25.0,38,Evac Area 3
9,Vessel 4,9,Safe Area 3 Marina,Evac Area 3 Dock,152.0,162.8,162.8,167.8,25.0,0,None
10,Vessel 4,10,Evac Area 3 Dock,Safe Area 3 Marina,167.8,178.60000000000002,178.60000000000002,183.60000000000002,25.0,38,Evac Area 3
11,Vessel 4,11,Safe Area 3 Marina,Evac Area 3 Dock,183.60000000000002,194.40000000000003,194.40000000000003,199.40000000000003,25.0,0,None
12,Vessel 4,12,Evac Area 3 Dock,Safe Area 3 Marina,199.40000000000003,210.20000000000005,210.20000000000005,215.20000000000005,25.0,38,Evac Area 3
13,Vessel 4,13,Safe Area 3 Marina,Evac Area 4 Dock,215.20000000000005,233.20000000000005,233.20000000000005,238.20000000000005,25.0,0,None
14,Vessel 4,14,Evac Area 4 Dock,Safe Area 2 Harbor,238.20000000000005,256.44000000000005,256.44000000000005,261.44000000000005,25.0,38,Evac Area 4
15,Vessel 4,15,Safe Area 2 Harbor,Evac Area 2 Marina,261.44000000000005,273.44000000000005,273.44000000000005,278.44000000000005,25.0,0,None
16,Vessel 4,16,Evac Area 2 Marina,Safe Area 2 Harbor,278.44000000000005,290.44000000000005,290.44000000000005,295.44000000000005,25.0,36,Evac Area 2
1,Vessel 5,1,Safe Area 1 Terminal,Evac Area 4 Dock,30.0,60.0,60.0,70.0,18.0,0,None
2,Vessel 5,2,Evac Area 4 Dock,Safe Area 3 Marina,70.0,95.0,95.0,105.0,18.0,120,Evac Area 4
3,Vessel 5,3,Safe Area 3 Marina,Evac Area 4 Dock,105.0,130.0,130.0,140.0,18.0,0,None
4,Vessel 5,4,Evac Area 4 Dock,Safe Area 3 Marina,140.0,165.0,165.0,175.0,18.0,120,Evac Area 4
5,Vessel 5,5,Safe Area 3 Marina,Evac Area 3 Dock,175.0,190.0,190.0,200.0,18.0,0,None
6,Vessel 5,6,Evac Area 3 Dock,Safe Area 3 Marina,200.0,215.0,215.0,225.0,18.0,119,Evac Area 3
7,Vessel 5,7,Safe Area 3 Marina,Evac Area 4 Dock,225.0,250.0,250.0,260.0,18.0,0,None
8,Vessel 5,8,Evac Area 4 Dock,Safe Area 3 Marina,260.0,285.0,285.0,295.0,18.0,120,Evac Area 4
1,Vessel 6,1,Safe Area 1 Terminal,Evac Area 3 Dock,30.0,42.0,42.0,45.0,25.0,0,None
2,Vessel 6,2,Evac Area 3 Dock,Safe Area 3 Marina,45.0,55.8,55.8,58.8,25.0,12,Evac Area 3
3,Vessel 6,3,Safe Area 3 Marina,Evac Area 4 Dock,58.8,76.8,76.8,79.8,25.0,0,None
4,Vessel 6,4,Evac Area 4 Dock,Safe Area 3 Marina,79.8,97.8,97.8,100.8,25.0,12,Evac Area 4
5,Vessel 6,5,Safe Area 3 Marina,Evac Area 3 Dock,100.8,111.6,111.6,114.6,25.0,0,None
6,Vessel 6,6,Evac Area 3 Dock,Safe Area 3 Marina,114.6,125.39999999999999,125.39999999999999,128.39999999999998,25.0,12,Evac Area 3
7,Vessel 6,7,Safe Area 3 Marina,Evac Area 4 Beach,128.39999999999998,146.39999999999998,146.39999999999998,149.39999999999998,25.0,0,None
8,Vessel 6,8,Evac Area 4 Beach,Safe Area 3 Marina,149.39999999999998,167.39999999999998,167.39999999999998,170.39999999999998,25.0,12,Evac Area 4
9,Vessel 6,9,Safe Area 3 Marina,Evac Area 3 Dock,170.39999999999998,181.2,181.2,184.2,25.0,0,None
10,Vessel 6,10,Evac Area 3 Dock,Safe Area 3 Marina,184.2,195.0,195.0,198.0,25.0,12,Evac Area 3
11,Vessel 6,11,Safe Area 3 Marina,Evac Area 4 Beach,198.0,216.0,216.0,219.0,25.0,0,None
12,Vessel 6,12,Evac Area 4 Beach,Safe Area 3 Marina,219.0,237.0,237.0,240.0,25.0,12,Evac Area 4
13,Vessel 6,13,Safe Area 3 Marina,Evac Area 3 Dock,240.0,250.8,250.8,253.8,25.0,0,None
14,Vessel 6,14,Evac Area 3 Dock,Safe Area 3 Marina,253.8,264.6,264.6,267.6,25.0,12,Evac Area 3
15,Vessel 6,15,Safe Area 3 Marina,Evac Area 3 Dock,267.6,278.40000000000003,278.40000000000003,281.40000000000003,25.0,0,None
16,Vessel 6,16,Evac Area 3 Dock,Safe Area 3 Marina,281.40000000000003,292.20000000000005,292.20000000000005,295.20000000000005,25.0,12,Evac Area 3
