segment_id,resource_id,route_segment_id,origin,destination,route_start_time,route_end_time,load_start_time,load_end_time,resource_speed,evacuees,evacuated_location
1,Vessel 1,1,Safe Area 1 Terminal,Evac Area 1 Ferry Terminal,10.0,24.0,24.0,34.0,12.0,0,None
2,Vessel 1,2,Evac Area 1 Ferry Terminal,Safe Area 1 Terminal,34.0,48.0,48.0,58.0,12.0,13,Evac Area 1
1,Vessel 2,1,Safe Area 2 Harbor,Evac Area 2 Marina,10.0,22.0,22.0,25.0,25.0,0,None
2,Vessel 2,2,Evac Area 2 Marina,Safe Area 2 Harbor,25.0,37.0,37.0,40.0,25.0,2,Evac Area 2
3,Vessel 2,3,Safe Area 2 Harbor,Evac Area 4 Beach,40.0,58.24,58.24,61.24,25.0,0,None
4,Vessel 2,4,Evac Area 4 Beach,Safe Area 2 Harbor,61.24,79.47999999999999,79.47999999999999,82.47999999999999,25.0,12,Evac Area 4
1,Vessel 3,1,Safe Area 3 Marina,Evac Area 4 Dock,60.0,78.0,78.0,81.0,25.0,0,None
2,Vessel 3,2,Evac Area 4 Dock,Safe Area 3 Marina,81.0,99.0,99.0,102.0,25.0,12,Evac Area 4
1,Vessel 4,1,Safe Area 1 Terminal,Evac Area 4 Dock,10.0,31.6,31.6,36.6,25.0,0,None
2,Vessel 4,2,Evac Area 4 Dock,Safe Area 3 Marina,36.6,54.6,54.6,59.6,25.0,36,Evac Area 4
3,Vessel 4,3,Safe Area 3 Marina,Evac Area 4 Dock,59.6,77.6,77.6,82.6,25.0,0,None
4,Vessel 4,4,Evac Area 4 Dock,Safe Area 3 Marina,82.6,100.6,100.6,105.6,25.0,38,Evac Area 4
1,Vessel 5,1,Safe Area 1 Terminal,Evac Area 3 Dock,30.0,46.66666666666667,46.66666666666667,56.66666666666667,18.0,0,None
2,Vessel 5,2,Evac Area 3 Dock,Safe Area 3 Marina,56.66666666666667,71.66666666666667,71.66666666666667,81.66666666666667,18.0,112,Evac Area 3
1,Vessel 6,1,Safe Area 1 Terminal,Evac Area 4 Beach,30.0,51.6,51.6,54.6,25.0,0,None
2,Vessel 6,2,Evac Area 4 Beach,Safe Area 3 Marina,54.6,72.6,72.6,75.6,25.0,12,Evac Area 4
1,Vessel 1,1,Safe Area 1 Terminal,Evac Area 1 Ferry Terminal,60.0,74.0,74.0,84.0,12.0,0,None
2,Vessel 1,2,Evac Area 1 Ferry Terminal,Safe Area 1 Terminal,84.0,98.0,98.0,108.0,12.0,16,Evac Area 1
1,Vessel 2,1,Safe Area 2 Harbor,Evac Area 4 Dock,82.47999999999999,100.71999999999998,100.71999999999998,103.71999999999998,25.0,0,None
2,Vessel 2,2,Evac Area 4 Dock,Safe Area 3 Marina,103.71999999999998,121.71999999999998,121.71999999999998,124.71999999999998,25.0,12,Evac Area 4
3,Vessel 2,3,Safe Area 3 Marina,Evac Area 4 Beach,124.71999999999998,142.71999999999997,142.71999999999997,145.71999999999997,25.0,0,None
4,Vessel 2,4,Evac Area 4 Beach,Safe Area 3 Marina,145.71999999999997,163.71999999999997,163.71999999999997,166.71999999999997,25.0,12,Evac Area 4
5,Vessel 2,5,Safe Area 3 Marina,Evac Area 4 Dock,166.71999999999997,184.71999999999997,184.71999999999997,187.71999999999997,25.0,0,None
6,Vessel 2,6,Evac Area 4 Dock,Safe Area 3 Marina,187.71999999999997,205.71999999999997,205.71999999999997,208.71999999999997,25.0,12,Evac Area 4
7,Vessel 2,7,Safe Area 3 Marina,Evac Area 4 Dock,208.71999999999997,226.71999999999997,226.71999999999997,229.71999999999997,25.0,0,None
8,Vessel 2,8,Evac Area 4 Dock,Safe Area 1 Terminal,229.71999999999997,251.31999999999996,251.31999999999996,254.31999999999996,25.0,12,Evac Area 4
1,Vessel 3,1,Safe Area 3 Marina,Evac Area 4 Dock,102.0,120.0,120.0,123.0,25.0,0,None
2,Vessel 3,2,Evac Area 4 Dock,Safe Area 3 Marina,123.0,141.0,141.0,144.0,25.0,12,Evac Area 4
3,Vessel 3,3,Safe Area 3 Marina,Evac Area 4 Dock,144.0,162.0,162.0,165.0,25.0,0,None
4,Vessel 3,4,Evac Area 4 Dock,Safe Area 3 Marina,165.0,183.0,183.0,186.0,25.0,12,Evac Area 4
5,Vessel 3,5,Safe Area 3 Marina,Evac Area 4 Beach,186.0,204.0,204.0,207.0,25.0,0,None
6,Vessel 3,6,Evac Area 4 Beach,Safe Area 3 Marina,207.0,225.0,225.0,228.0,25.0,12,Evac Area 4
7,Vessel 3,7,Safe Area 3 Marina,Evac Area 3 Dock,228.0,238.8,238.8,241.8,25.0,0,None
8,Vessel 3,8,Evac Area 3 Dock,Safe Area 3 Marina,241.8,252.60000000000002,252.60000000000002,255.60000000000002,25.0,12,Evac Area 3
1,Vessel 4,1,Safe Area 3 Marina,Evac Area 4 Dock,105.6,123.6,123.6,128.6,25.0,0,None
2,Vessel 4,2,Evac Area 4 Dock,Safe Area 3 Marina,128.6,146.6,146.6,151.6,25.0,38,Evac Area 4
3,Vessel 4,3,Safe Area 3 Marina,Evac Area 4 Dock,151.6,169.6,169.6,174.6,25.0,0,None
4,Vessel 4,4,Evac Area 4 Dock,Safe Area 3 Marina,174.6,192.6,192.6,197.6,25.0,38,Evac Area 4
5,Vessel 4,5,Safe Area 3 Marina,Evac Area 4 Dock,197.6,215.6,215.6,220.6,25.0,0,None
6,Vessel 4,6,Evac Area 4 Dock,Safe Area 3 Marina,220.6,238.6,238.6,243.6,25.0,34,Evac Area 4
1,Vessel 5,1,Safe Area 3 Marina,Evac Area 3 Dock,81.66666666666667,96.66666666666667,96.66666666666667,106.66666666666667,18.0,0,None
2,Vessel 5,2,Evac Area 3 Dock,Safe Area 3 Marina,106.66666666666667,121.66666666666667,121.66666666666667,131.66666666666669,18.0,119,Evac Area 3
3,Vessel 5,3,Safe Area 3 Marina,Evac Area 4 Dock,131.66666666666669,156.66666666666669,156.66666666666669,166.66666666666669,18.0,0,None
4,Vessel 5,4,Evac Area 4 Dock,Safe Area 2 Harbor,166.66666666666669,192.0,192.0,202.0,18.0,120,Evac Area 4
5,Vessel 5,5,Safe Area 2 Harbor,Evac Area 2 Marina,202.0,218.66666666666666,218.66666666666666,228.66666666666666,18.0,0,None
6,Vessel 5,6,Evac Area 2 Marina,Safe Area 2 Harbor,228.66666666666666,245.33333333333331,245.33333333333331,255.33333333333331,18.0,100,Evac Area 2
1,Vessel 6,1,Safe Area 3 Marina,Evac Area 4 Beach,75.6,93.6,93.6,96.6,25.0,0,None
2,Vessel 6,2,Evac Area 4 Beach,Safe Area 3 Marina,96.6,114.6,114.6,117.6,25.0,12,Evac Area 4
3,Vessel 6,3,Safe Area 3 Marina,Evac Area 4 Dock,117.6,135.6,135.6,138.6,25.0,0,None
4,Vessel 6,4,Evac Area 4 Dock,Safe Area 3 Marina,138.6,156.6,156.6,159.6,25.0,12,Evac Area 4
5,Vessel 6,5,Safe Area 3 Marina,Evac Area 4 Dock,159.6,177.6,177.6,180.6,25.0,0,None
6,Vessel 6,6,Evac Area 4 Dock,Safe Area 2 Harbor,180.6,198.84,198.84,201.84,25.0,12,Evac Area 4
7,Vessel 6,7,Safe Area 2 Harbor,Evac Area 4 Dock,201.84,220.08,220.08,223.08,25.0,0,None
8,Vessel 6,8,Evac Area 4 Dock,Safe Area 3 Marina,223.08,241.08,241.08,244.08,25.0,12,Evac Area 4
