segment_id,resource_id,route_segment_id,origin,destination,route_start_time,route_end_time,load_start_time,load_end_time,resource_speed,evacuees,evacuated_location
1,Vessel 1,1,Safe Area 1 Terminal,Evac Area 1 Ferry Terminal,10.0,24.0,24.0,34.0,12.0,0,None
2,Vessel 1,2,Evac Area 1 Ferry Terminal,Safe Area 1 Terminal,34.0,48.0,48.0,58.0,12.0,13,Evac Area 1
1,Vessel 1,1,Safe Area 1 Terminal,Evac Area 1 Ferry Terminal,60.0,74.0,74.0,84.0,12.0,0,None
2,Vessel 1,2,Evac Area 1 Ferry Terminal,Safe Area 1 Terminal,84.0,98.0,98.0,108.0,12.0,16,Evac Area 1
1,Vessel 2,1,Safe Area 2 Harbor,Evac Area 2 Marina,10.0,22.0,22.0,25.0,25.0,0,None
2,Vessel 2,2,Evac Area 2 Marina,Safe Area 2 Harbor,25.0,37.0,37.0,40.0,25.0,2,Evac Area 2
3,Vessel 2,3,Safe Area 2 Harbor,Evac Area 4 Beach,40.0,58.24,58.24,61.24,25.0,0,None
4,Vessel 2,4,Evac Area 4 Beach,Safe Area 2 Harbor,61.24,79.47999999999999,79.47999999999999,82.47999999999999,25.0,12,Evac Area 4
1,Vessel 2,1,Safe Area 2 Harbor,Evac Area 4 Dock,82.47999999999999,100.71999999999998,100.71999999999998,103.71999999999998,25.0,0,None
2,Vessel 2,2,Evac Area 4 Dock,Safe Area 3 Marina,103.71999999999998,121.71999999999998,121.71999999999998,124.71999999999998,25.0,12,Evac Area 4
1,Vessel 3,1,Safe Area 3 Marina,Evac Area 4 Dock,60.0,78.0,78.0,81.0,25.0,0,None
2,Vessel 3,2,Evac Area 4 Dock,Safe Area 3 Marina,81.0,99.0,99.0,102.0,25.0,12,Evac Area 4
1,Vessel 3,1,Safe Area 3 Marina,Evac Area 4 Dock,102.0,120.0,120.0,123.0,25.0,0,None
2,Vessel 3,2,Evac Area 4 Dock,Safe Area 3 Marina,123.0,141.0,141.0,144.0,25.0,12,Evac Area 4
1,Vessel 4,1,Safe Area 1 Terminal,Evac Area 4 Dock,10.0,31.599999999999994,31.599999999999994,36.599999999999994,25.0,0,None
2,Vessel 4,2,Evac Area 4 Dock,Safe Area 3 Marina,36.599999999999994,54.599999999999994,54.599999999999994,59.6,25.0,36,Evac Area 4
3,Vessel 4,3,Safe Area 3 Marina,Evac Area 4 Dock,59.6,77.6,77.6,82.6,25.0,0,None
4,Vessel 4,4,Evac Area 4 Dock,Safe Area 3 Marina,82.6,100.6,100.6,105.6,25.0,38,Evac Area 4
1,Vessel 4,1,Safe Area 3 Marina,Evac Area 4 Dock,105.6,123.6,123.6,128.6,25.0,0,None
2,Vessel 4,2,Evac Area 4 Dock,Safe Area 3 Marina,128.6,146.6,146.6,151.6,25.0,38,Evac Area 4
1,Vessel 5,1,Safe Area 1 Terminal,Evac Area 3 Dock,30.0,46.66666666666667,46.66666666666667,56.66666666666667,18.0,0,None
2,Vessel 5,2,Evac Area 3 Dock,Safe Area 3 Marina,56.66666666666667,71.66666666666667,71.66666666666667,81.66666666666667,18.0,112,Evac Area 3
1,Vessel 5,1,Safe Area 3 Marina,Evac Area 3 Dock,81.66666666666667,96.66666666666669,96.66666666666669,106.66666666666669,18.0,0,None
2,Vessel 5,2,Evac Area 3 Dock,Safe Area 3 Marina,106.66666666666669,121.66666666666669,121.66666666666669,131.66666666666669,18.0,119,Evac Area 3
1,Vessel 6,1,Safe Area 1 Terminal,Evac Area 4 Beach,30.0,51.599999999999994,51.599999999999994,54.599999999999994,25.0,0,None
2,Vessel 6,2,Evac Area 4 Beach,Safe Area 3 Marina,54.599999999999994,72.6,72.6,75.6,25.0,12,Evac Area 4
1,Vessel 6,1,Safe Area 3 Marina,Evac Area 4 Beach,75.6,93.6,93.6,96.6,25.0,0,None
2,Vessel 6,2,Evac Area 4 Beach,Safe Area 3 Marina,96.6,114.6,114.6,117.6,25.0,12,Evac Area 4
3,Vessel 6,3,Safe Area 3 Marina,Evac Area 4 Dock,117.6,135.6,135.6,138.6,25.0,0,None
4,Vessel 6,4,Evac Area 4 Dock,Safe Area 3 Marina,138.6,156.6,156.6,159.6,25.0,12,Evac Area 4
1,Vessel 1,1,Safe Area 1 Terminal,Evac Area 1 Ferry Terminal,120.0,134.0,134.0,144.0,12.0,0,None
2,Vessel 1,2,Evac Area 1 Ferry Terminal,Safe Area 1 Terminal,144.0,158.0,158.0,168.0,12.0,6,Evac Area 1
1,Vessel 2,1,Safe Area 3 Marina,Evac Area 4 Beach,124.71999999999998,142.71999999999997,142.71999999999997,145.71999999999997,25.0,0,None
2,Vessel 2,2,Evac Area 4 Beach,Safe Area 2 Harbor,145.71999999999997,163.95999999999998,163.95999999999998,166.95999999999998,25.0,12,Evac Area 4
3,Vessel 2,3,Safe Area 2 Harbor,Evac Area 4 Dock,166.95999999999998,185.2,185.2,188.2,25.0,0,None
4,Vessel 2,4,Evac Area 4 Dock,Safe Area 3 Marina,188.2,206.2,206.2,209.2,25.0,12,Evac Area 4
5,Vessel 2,5,Safe Area 3 Marina,Evac Area 4 Beach,209.2,227.2,227.2,230.2,25.0,0,None
6,Vessel 2,6,Evac Area 4 Beach,Safe Area 3 Marina,230.2,248.2,248.2,251.2,25.0,12,Evac Area 4
7,Vessel 2,7,Safe Area 3 Marina,Evac Area 4 Beach,251.2,269.2,269.2,272.2,25.0,0,None
8,Vessel 2,8,Evac Area 4 Beach,Safe Area 3 Marina,272.2,290.2,290.2,293.2,25.0,12,Evac Area 4
9,Vessel 2,9,Safe Area 3 Marina,Evac Area 4 Dock,293.2,311.2,311.2,314.2,25.0,0,None
10,Vessel 2,10,Evac Area 4 Dock,Safe Area 3 Marina,314.2,332.2,332.2,335.2,25.0,10,Evac Area 4
1,Vessel 3,1,Safe Area 3 Marina,Evac Area 4 Dock,144.0,162.0,162.0,165.0,25.0,0,None
2,Vessel 3,2,Evac Area 4 Dock,Safe Area 3 Marina,165.0,183.0,183.0,186.0,25.0,12,Evac Area 4
3,Vessel 3,3,Safe Area 3 Marina,Evac Area 4 Beach,186.0,204.0,204.0,207.0,25.0,0,None
4,Vessel 3,4,Evac Area 4 Beach,Safe Area 3 Marina,207.0,225.0,225.0,228.0,25.0,12,Evac Area 4
5,Vessel 3,5,Safe Area 3 Marina,Evac Area 4 Beach,228.0,246.0,246.0,249.0,25.0,0,None
6,Vessel 3,6,Evac Area 4 Beach,Safe Area 3 Marina,249.0,267.0,267.0,270.0,25.0,12,Evac Area 4
7,Vessel 3,7,Safe Area 3 Marina,Evac Area 4 Dock,270.0,288.0,288.0,291.0,25.0,0,None
8,Vessel 3,8,Evac Area 4 Dock,Safe Area 2 Harbor,291.0,309.24,309.24,312.24,25.0,12,Evac Area 4
9,Vessel 3,9,Safe Area 2 Harbor,Evac Area 4 Dock,312.24,330.48,330.48,333.48,25.0,0,None
10,Vessel 3,10,Evac Area 4 Dock,Safe Area 3 Marina,333.48,351.48,351.48,354.48,25.0,12,Evac Area 4
1,Vessel 4,1,Safe Area 3 Marina,Evac Area 4 Dock,151.6,169.6,169.6,174.6,25.0,0,None
2,Vessel 4,2,Evac Area 4 Dock,Safe Area 2 Harbor,174.6,192.83999999999997,192.83999999999997,197.83999999999997,25.0,38,Evac Area 4
3,Vessel 4,3,Safe Area 2 Harbor,Evac Area 2 Marina,197.83999999999997,209.83999999999997,209.83999999999997,214.83999999999997,25.0,0,None
4,Vessel 4,4,Evac Area 2 Marina,Safe Area 2 Harbor,214.83999999999997,226.83999999999997,226.83999999999997,231.83999999999997,25.0,35,Evac Area 2
5,Vessel 4,5,Safe Area 2 Harbor,Evac Area 2 Marina,231.83999999999997,243.83999999999997,243.83999999999997,248.83999999999997,25.0,0,None
6,Vessel 4,6,Evac Area 2 Marina,Safe Area 2 Harbor,248.83999999999997,260.84,260.84,265.84,25.0,38,Evac Area 2
7,Vessel 4,7,Safe Area 2 Harbor,Evac Area 4 Dock,265.84,284.08,284.08,289.08,25.0,0,None
8,Vessel 4,8,Evac Area 4 Dock,Safe Area 3 Marina,289.08,307.08,307.08,312.08,25.0,38,Evac Area 4
9,Vessel 4,9,Safe Area 3 Marina,Evac Area 4 Dock,312.08,330.08,330.08,335.08,25.0,0,None
10,Vessel 4,10,Evac Area 4 Dock,Safe Area 3 Marina,335.08,353.08,353.08,358.08,25.0,38,Evac Area 4
1,Vessel 5,1,Safe Area 3 Marina,Evac Area 3 Dock,131.66666666666669,146.66666666666669,146.66666666666669,156.66666666666669,18.0,0,None
2,Vessel 5,2,Evac Area 3 Dock,Safe Area 3 Marina,156.66666666666669,171.66666666666669,171.66666666666669,181.66666666666669,18.0,113,Evac Area 3
3,Vessel 5,3,Safe Area 3 Marina,Evac Area 3 Dock,181.66666666666669,196.66666666666669,196.66666666666669,206.66666666666669,18.0,0,None
4,Vessel 5,4,Evac Area 3 Dock,Safe Area 3 Marina,206.66666666666669,221.66666666666669,221.66666666666669,231.66666666666669,18.0,120,Evac Area 3
5,Vessel 5,5,Safe Area 3 Marina,Evac Area 3 Dock,231.66666666666669,246.66666666666669,246.66666666666669,256.6666666666667,18.0,0,None
6,Vessel 5,6,Evac Area 3 Dock,Safe Area 3 Marina,256.6666666666667,271.6666666666667,271.6666666666667,281.6666666666667,18.0,120,Evac Area 3
7,Vessel 5,7,Safe Area 3 Marina,Evac Area 4 Dock,281.6666666666667,306.6666666666667,306.6666666666667,316.6666666666667,18.0,0,None
8,Vessel 5,8,Evac Area 4 Dock,Safe Area 2 Harbor,316.6666666666667,342.0,342.0,352.0,18.0,120,Evac Area 4
1,Vessel 6,1,Safe Area 3 Marina,Evac Area 4 Beach,159.6,177.6,177.6,180.6,25.0,0,None
2,Vessel 6,2,Evac Area 4 Beach,Safe Area 3 Marina,180.6,198.6,198.6,201.6,25.0,12,Evac Area 4
3,Vessel 6,3,Safe Area 3 Marina,Evac Area 4 Dock,201.6,219.6,219.6,222.6,25.0,0,None
4,Vessel 6,4,Evac Area 4 Dock,Safe Area 3 Marina,222.6,240.6,240.6,243.6,25.0,12,Evac Area 4
5,Vessel 6,5,Safe Area 3 Marina,Evac Area 4 Dock,243.6,261.6,261.6,264.6,25.0,0,None
6,Vessel 6,6,Evac Area 4 Dock,Safe Area 2 Harbor,264.6,282.84000000000003,282.84000000000003,285.84000000000003,25.0,12,Evac Area 4
7,Vessel 6,7,Safe Area 2 Harbor,Evac Area 2 Marina,285.84000000000003,297.84000000000003,297.84000000000003,300.84000000000003,25.0,0,None
8,Vessel 6,8,Evac Area 2 Marina,Safe Area 2 Harbor,300.84000000000003,312.84000000000003,312.84000000000003,315.84000000000003,25.0,12,Evac Area 2
9,Vessel 6,9,Safe Area 2 Harbor,Evac Area 4 Beach,315.84000000000003,334.08000000000004,334.08000000000004,337.08000000000004,25.0,0,None
10,Vessel 6,10,Evac Area 4 Beach,Safe Area 3 Marina,337.08000000000004,355.08000000000004,355.08000000000004,358.08000000000004,25.0,12,Evac Area 4
