segment_id,resource_id,route_segment_id,origin,destination,route_start_time,route_end_time,load_start_time,load_end_time,resource_speed,evacuees,evacuated_location
1,Vessel 1,1,Safe Area 1 Terminal,Evac Area 1 Ferry Terminal,10.0,24.0,24.0,34.0,12.0,0,None
2,Vessel 1,2,Evac Area 1 Ferry Terminal,Safe Area 1 Terminal,34.0,48.0,48.0,58.0,12.0,1,Evac Area 1
1,Vessel 2,1,Safe Area 2 Harbor,Evac Area 4 Beach,10.0,28.239999999999995,28.239999999999995,31.239999999999995,25.0,0,None
2,Vessel 2,2,Evac Area 4 Beach,Safe Area 2 Harbor,31.239999999999995,49.48,49.48,52.48,25.0,12,Evac Area 4
1,Vessel 2,1,Safe Area 2 Harbor,Evac Area 2 Marina,52.48,64.47999999999999,64.47999999999999,67.47999999999999,25.0,0,None
2,Vessel 2,2,Evac Area 2 Marina,Safe Area 2 Harbor,67.47999999999999,79.47999999999999,79.47999999999999,82.47999999999999,25.0,12,Evac Area 2
1,Vessel 2,1,Safe Area 2 Harbor,Evac Area 4 Dock,82.47999999999999,100.71999999999998,100.71999999999998,103.71999999999998,25.0,0,None
2,Vessel 2,2,Evac Area 4 Dock,Safe Area 2 Harbor,103.71999999999998,121.95999999999998,121.95999999999998,124.95999999999998,25.0,12,Evac Area 4
1,Vessel 3,1,Safe Area 3 Marina,Evac Area 4 Beach,60.0,78.0,78.0,81.0,25.0,0,None
2,Vessel 3,2,Evac Area 4 Beach,Safe Area 3 Marina,81.0,99.0,99.0,102.0,25.0,12,Evac Area 4
1,Vessel 4,1,Safe Area 1 Terminal,Evac Area 4 Dock,10.0,31.6,31.6,36.6,25.0,0,None
2,Vessel 4,2,Evac Area 4 Dock,Safe Area 3 Marina,36.6,54.6,54.6,59.6,25.0,38,Evac Area 4
1,Vessel 4,1,Safe Area 3 Marina,Evac Area 4 Dock,59.6,77.6,77.6,82.6,25.0,0,None
2,Vessel 4,2,Evac Area 4 Dock,Safe Area 2 Harbor,82.6,100.84,100.84,105.84,25.0,38,Evac Area 4
1,Vessel 5,1,Safe Area 1 Terminal,Evac Area 4 Dock,30.0,60.0,60.0,70.0,18.0,0,None
2,Vessel 5,2,Evac Area 4 Dock,Safe Area 3 Marina,70.0,95.0,95.0,105.0,18.0,120,Evac Area 4
1,Vessel 6,1,Safe Area 1 Terminal,Evac Area 3 Dock,30.0,42.0,42.0,45.0,25.0,0,None
2,Vessel 6,2,Evac Area 3 Dock,Safe Area 3 Marina,45.0,55.8,55.8,58.8,25.0,12,Evac Area 3
1,Vessel 6,1,Safe Area 3 Marina,Evac Area 3 Dock,58.8,69.6,69.6,72.6,25.0,0,None
2,Vessel 6,2,Evac Area 3 Dock,Safe Area 3 Marina,72.6,83.39999999999999,83.39999999999999,86.39999999999999,25.0,12,Evac Area 3
1,Vessel 6,1,Safe Area 3 Marina,Evac Area 4 Dock,86.39999999999999,104.4,104.4,107.4,25.0,0,None
2,Vessel 6,2,Evac Area 4 Dock,Safe Area 3 Marina,107.4,125.4,125.4,128.39999999999998,25.0,12,Evac Area 4
1,Vessel 2,1,Safe Area 2 Harbor,Evac Area 4 Beach,124.95999999999998,143.2,143.2,146.2,25.0,0,None
2,Vessel 2,2,Evac Area 4 Beach,Safe Area 3 Marina,146.2,164.2,164.2,167.2,25.0,12,Evac Area 4
3,Vessel 2,3,Safe Area 3 Marina,Evac Area 4 Beach,167.2,185.2,185.2,188.2,25.0,0,None
4,Vessel 2,4,Evac Area 4 Beach,Safe Area 3 Marina,188.2,206.2,206.2,209.2,25.0,12,Evac Area 4
5,Vessel 2,5,Safe Area 3 Marina,Evac Area 4 Dock,209.2,227.2,227.2,230.2,25.0,0,None
6,Vessel 2,6,Evac Area 4 Dock,Safe Area 3 Marina,230.2,248.2,248.2,251.2,25.0,12,Evac Area 4
7,Vessel 2,7,Safe Area 3 Marina,Evac Area 4 Beach,251.2,269.2,269.2,272.2,25.0,0,None
8,Vessel 2,8,Evac Area 4 Beach,Safe Area 3 Marina,272.2,290.2,290.2,293.2,25.0,12,Evac Area 4
9,Vessel 2,9,Safe Area 3 Marina,Evac Area 4 Dock,293.2,311.2,311.2,314.2,25.0,0,None
10,Vessel 2,10,Evac Area 4 Dock,Safe Area 3 Marina,314.2,332.2,332.2,335.2,25.0,12,Evac Area 4
11,Vessel 2,11,Safe Area 3 Marina,Evac Area 4 Dock,335.2,353.2,353.2,356.2,25.0,0,None
12,Vessel 2,12,Evac Area 4 Dock,Safe Area 3 Marina,356.2,374.2,374.2,377.2,25.0,12,Evac Area 4
13,Vessel 2,13,Safe Area 3 Marina,Evac Area 4 Beach,377.2,395.2,395.2,398.2,25.0,0,None
14,Vessel 2,14,Evac Area 4 Beach,Safe Area 3 Marina,398.2,416.2,416.2,419.2,25.0,12,Evac Area 4
15,Vessel 2,15,Safe Area 3 Marina,Evac Area 4 Dock,419.2,437.2,437.2,440.2,25.0,0,None
16,Vessel 2,16,Evac Area 4 Dock,Safe Area 3 Marina,440.2,458.2,458.2,461.2,25.0,12,Evac Area 4
17,Vessel 2,17,Safe Area 3 Marina,Evac Area 3 Dock,461.2,472.0,472.0,475.0,25.0,0,None
18,Vessel 2,18,Evac Area 3 Dock,Safe Area 3 Marina,475.0,485.8,485.8,488.8,25.0,4,Evac Area 3
19,Vessel 2,19,Safe Area 3 Marina,Evac Area 3 Dock,488.8,499.6,499.6,502.6,25.0,0,None
20,Vessel 2,20,Evac Area 3 Dock,Safe Area 3 Marina,502.6,513.4000000000001,513.4000000000001,516.4000000000001,25.0,12,Evac Area 3
21,Vessel 2,21,Safe Area 3 Marina,Evac Area 3 Dock,516.4000000000001,527.2,527.2,530.2,25.0,0,None
22,Vessel 2,22,Evac Area 3 Dock,Safe Area 3 Marina,530.2,541.0,541.0,544.0,25.0,12,Evac Area 3
23,Vessel 2,23,Safe Area 3 Marina,Evac Area 3 Dock,544.0,554.8000000000001,554.8000000000001,557.8000000000001,25.0,0,None
24,Vessel 2,24,Evac Area 3 Dock,Safe Area 3 Marina,557.8000000000001,568.6000000000001,568.6000000000001,571.6000000000001,25.0,12,Evac Area 3
1,Vessel 3,1,Safe Area 3 Marina,Evac Area 4 Beach,102.0,120.0,120.0,123.0,25.0,0,None
2,Vessel 3,2,Evac Area 4 Beach,Safe Area 3 Marina,123.0,141.0,141.0,144.0,25.0,12,Evac Area 4
3,Vessel 3,3,Safe Area 3 Marina,Evac Area 4 Beach,144.0,162.0,162.0,165.0,25.0,0,None
4,Vessel 3,4,Evac Area 4 Beach,Safe Area 3 Marina,165.0,183.0,183.0,186.0,25.0,12,Evac Area 4
5,Vessel 3,5,Safe Area 3 Marina,Evac Area 4 Beach,186.0,204.0,204.0,207.0,25.0,0,None
6,Vessel 3,6,Evac Area 4 Beach,Safe Area 3 Marina,207.0,225.0,225.0,228.0,25.0,12,Evac Area 4
7,Vessel 3,7,Safe Area 3 Marina,Evac Area 4 Beach,228.0,246.0,246.0,249.0,25.0,0,None
8,Vessel 3,8,Evac Area 4 Beach,Safe Area 3 Marina,249.0,267.0,267.0,270.0,25.0,12,Evac Area 4
9,Vessel 3,9,Safe Area 3 Marina,Evac Area 4 Beach,270.0,288.0,288.0,291.0,25.0,0,None
10,Vessel 3,10,Evac Area 4 Beach,Safe Area 3 Marina,291.0,309.0,309.0,312.0,25.0,12,Evac Area 4
11,Vessel 3,11,Safe Area 3 Marina,Evac Area 4 Dock,312.0,330.0,330.0,333.0,25.0,0,None
12,Vessel 3,12,Evac Area 4 Dock,Safe Area 3 Marina,333.0,351.0,351.0,354.0,25.0,12,Evac Area 4
13,Vessel 3,13,Safe Area 3 Marina,Evac Area 4 Dock,354.0,372.0,372.0,375.0,25.0,0,None
14,Vessel 3,14,Evac Area 4 Dock,Safe Area 3 Marina,375.0,393.0,393.0,396.0,25.0,12,Evac Area 4
15,Vessel 3,15,Safe Area 3 Marina,Evac Area 4 Beach,396.0,414.0,414.0,417.0,25.0,0,None
16,Vessel 3,16,Evac Area 4 Beach,Safe Area 3 Marina,417.0,435.0,435.0,438.0,25.0,12,Evac Area 4
17,Vessel 3,17,Safe Area 3 Marina,Evac Area 4 Beach,438.0,456.0,456.0,459.0,25.0,0,None
18,Vessel 3,18,Evac Area 4 Beach,Safe Area 3 Marina,459.0,477.0,477.0,480.0,25.0,12,Evac Area 4
19,Vessel 3,19,Safe Area 3 Marina,Evac Area 4 Dock,480.0,498.0,498.0,501.0,25.0,0,None
20,Vessel 3,20,Evac Area 4 Dock,Safe Area 3 Marina,501.0,519.0,519.0,522.0,25.0,12,Evac Area 4
21,Vessel 3,21,Safe Area 3 Marina,Evac Area 4 Beach,522.0,540.0,540.0,543.0,25.0,0,None
22,Vessel 3,22,Evac Area 4 Beach,Safe Area 3 Marina,543.0,561.0,561.0,564.0,25.0,12,Evac Area 4
1,Vessel 4,1,Safe Area 2 Harbor,Evac Area 4 Dock,105.84,124.08,124.08,129.07999999999998,25.0,0,None
2,Vessel 4,2,Evac Area 4 Dock,Safe Area 3 Marina,129.07999999999998,147.07999999999998,147.07999999999998,152.07999999999998,25.0,28,Evac Area 4
3,Vessel 4,3,Safe Area 3 Marina,Evac Area 4 Dock,152.07999999999998,170.07999999999998,170.07999999999998,175.07999999999998,25.0,0,None
4,Vessel 4,4,Evac Area 4 Dock,Safe Area 3 Marina,175.07999999999998,193.07999999999998,193.07999999999998,198.07999999999998,25.0,38,Evac Area 4
5,Vessel 4,5,Safe Area 3 Marina,Evac Area 4 Dock,198.07999999999998,216.07999999999998,216.07999999999998,221.07999999999998,25.0,0,None
6,Vessel 4,6,Evac Area 4 Dock,Safe Area 3 Marina,221.07999999999998,239.07999999999998,239.07999999999998,244.07999999999998,25.0,38,Evac Area 4
7,Vessel 4,7,Safe Area 3 Marina,Evac Area 4 Dock,244.07999999999998,262.08,262.08,267.08,25.0,0,None
8,Vessel 4,8,Evac Area 4 Dock,Safe Area 3 Marina,267.08,285.08,285.08,290.08,25.0,38,Evac Area 4
9,Vessel 4,9,Safe Area 3 Marina,Evac Area 4 Dock,290.08,308.08,308.08,313.08,25.0,0,None
10,Vessel 4,10,Evac Area 4 Dock,Safe Area 3 Marina,313.08,331.08,331.08,336.08,25.0,38,Evac Area 4
11,Vessel 4,11,Safe Area 3 Marina,Evac Area 4 Dock,336.08,354.08,354.08,359.08,25.0,0,None
12,Vessel 4,12,Evac Area 4 Dock,Safe Area 3 Marina,359.08,377.08,377.08,382.08,25.0,38,Evac Area 4
13,Vessel 4,13,Safe Area 3 Marina,Evac Area 4 Dock,382.08,400.08,400.08,405.08,25.0,0,None
14,Vessel 4,14,Evac Area 4 Dock,Safe Area 3 Marina,405.08,423.08,423.08,428.08,25.0,38,Evac Area 4
15,Vessel 4,15,Safe Area 3 Marina,Evac Area 4 Dock,428.08,446.08,446.08,451.08,25.0,0,None
16,Vessel 4,16,Evac Area 4 Dock,Safe Area 3 Marina,451.08,469.08,469.08,474.08,25.0,38,Evac Area 4
17,Vessel 4,17,Safe Area 3 Marina,Evac Area 4 Dock,474.08,492.08,492.08,497.08,25.0,0,None
18,Vessel 4,18,Evac Area 4 Dock,Safe Area 3 Marina,497.08,515.0799999999999,515.0799999999999,520.0799999999999,25.0,38,Evac Area 4
19,Vessel 4,19,Safe Area 3 Marina,Evac Area 4 Dock,520.0799999999999,538.0799999999999,538.0799999999999,543.0799999999999,25.0,0,None
20,Vessel 4,20,Evac Area 4 Dock,Safe Area 3 Marina,543.0799999999999,561.0799999999999,561.0799999999999,566.0799999999999,25.0,38,Evac Area 4
1,Vessel 5,1,Safe Area 3 Marina,Evac Area 4 Dock,105.0,130.0,130.0,140.0,18.0,0,None
2,Vessel 5,2,Evac Area 4 Dock,Safe Area 1 Terminal,140.0,170.0,170.0,180.0,18.0,120,Evac Area 4
3,Vessel 5,3,Safe Area 1 Terminal,Evac Area 4 Dock,180.0,210.0,210.0,220.0,18.0,0,None
4,Vessel 5,4,Evac Area 4 Dock,Safe Area 3 Marina,220.0,245.0,245.0,255.0,18.0,120,Evac Area 4
5,Vessel 5,5,Safe Area 3 Marina,Evac Area 4 Dock,255.0,280.0,280.0,290.0,18.0,0,None
6,Vessel 5,6,Evac Area 4 Dock,Safe Area 2 Harbor,290.0,315.33333333333337,315.33333333333337,325.33333333333337,18.0,120,Evac Area 4
7,Vessel 5,7,Safe Area 2 Harbor,Evac Area 4 Dock,325.33333333333337,350.6666666666667,350.6666666666667,360.6666666666667,18.0,0,None
8,Vessel 5,8,Evac Area 4 Dock,Safe Area 3 Marina,360.6666666666667,385.6666666666667,385.6666666666667,395.6666666666667,18.0,120,Evac Area 4
9,Vessel 5,9,Safe Area 3 Marina,Evac Area 4 Dock,395.6666666666667,420.6666666666667,420.6666666666667,430.6666666666667,18.0,0,None
10,Vessel 5,10,Evac Area 4 Dock,Safe Area 3 Marina,430.6666666666667,455.6666666666667,455.6666666666667,465.6666666666667,18.0,120,Evac Area 4
11,Vessel 5,11,Safe Area 3 Marina,Evac Area 4 Dock,465.6666666666667,490.6666666666667,490.6666666666667,500.6666666666667,18.0,0,None
12,Vessel 5,12,Evac Area 4 Dock,Safe Area 3 Marina,500.6666666666667,525.6666666666667,525.6666666666667,535.6666666666667,18.0,120,Evac Area 4
1,Vessel 6,1,Safe Area 3 Marina,Evac Area 4 Dock,128.39999999999998,146.39999999999998,146.39999999999998,149.39999999999998,25.0,0,None
2,Vessel 6,2,Evac Area 4 Dock,Safe Area 3 Marina,149.39999999999998,167.39999999999998,167.39999999999998,170.39999999999998,25.0,12,Evac Area 4
3,Vessel 6,3,Safe Area 3 Marina,Evac Area 4 Dock,170.39999999999998,188.39999999999998,188.39999999999998,191.39999999999998,25.0,0,None
4,Vessel 6,4,Evac Area 4 Dock,Safe Area 3 Marina,191.39999999999998,209.39999999999998,209.39999999999998,212.39999999999998,25.0,12,Evac Area 4
5,Vessel 6,5,Safe Area 3 Marina,Evac Area 4 Beach,212.39999999999998,230.39999999999998,230.39999999999998,233.39999999999998,25.0,0,None
6,Vessel 6,6,Evac Area 4 Beach,Safe Area 3 Marina,233.39999999999998,251.39999999999998,251.39999999999998,254.39999999999998,25.0,12,Evac Area 4
7,Vessel 6,7,Safe Area 3 Marina,Evac Area 4 Beach,254.39999999999998,272.4,272.4,275.4,25.0,0,None
8,Vessel 6,8,Evac Area 4 Beach,Safe Area 2 Harbor,275.4,293.64,293.64,296.64,25.0,12,Evac Area 4
9,Vessel 6,9,Safe Area 2 Harbor,Evac Area 2 Marina,296.64,308.64,308.64,311.64,25.0,0,None
10,Vessel 6,10,Evac Area 2 Marina,Safe Area 2 Harbor,311.64,323.64,323.64,326.64,25.0,1,Evac Area 2
11,Vessel 6,11,Safe Area 2 Harbor,Evac Area 2 Marina,326.64,338.64,338.64,341.64,25.0,0,None
12,Vessel 6,12,Evac Area 2 Marina,Safe Area 2 Harbor,341.64,353.64,353.64,356.64,25.0,12,Evac Area 2
13,Vessel 6,13,Safe Area 2 Harbor,Evac Area 2 Marina,356.64,368.64,368.64,371.64,25.0,0,None
14,Vessel 6,14,Evac Area 2 Marina,Safe Area 2 Harbor,371.64,383.64,383.64,386.64,25.0,12,Evac Area 2
15,Vessel 6,15,Safe Area 2 Harbor,Evac Area 2 Marina,386.64,398.64,398.64,401.64,25.0,0,None
16,Vessel 6,16,Evac Area 2 Marina,Safe Area 2 Harbor,401.64,413.64,413.64,416.64,25.0,12,Evac Area 2
17,Vessel 6,17,Safe Area 2 Harbor,Evac Area 2 Marina,416.64,428.64,428.64,431.64,25.0,0,None
18,Vessel 6,18,Evac Area 2 Marina,Safe Area 2 Harbor,431.64,443.64,443.64,446.64,25.0,12,Evac Area 2
19,Vessel 6,19,Safe Area 2 Harbor,Evac Area 2 Marina,446.64,458.64,458.64,461.64,25.0,0,None
20,Vessel 6,20,Evac Area 2 Marina,Safe Area 2 Harbor,461.64,473.64,473.64,476.64,25.0,12,Evac Area 2
21,Vessel 6,21,Safe Area 2 Harbor,Evac Area 2 Marina,476.64,488.64,488.64,491.64,25.0,0,None
22,Vessel 6,22,Evac Area 2 Marina,Safe Area 2 Harbor,491.64,503.64,503.64,506.64,25.0,12,Evac Area 2
23,Vessel 6,23,Safe Area 2 Harbor,Evac Area 2 Marina,506.64,518.64,518.64,521.64,25.0,0,None
24,Vessel 6,24,Evac Area 2 Marina,Safe Area 2 Harbor,521.64,533.64,533.64,536.64,25.0,12,Evac Area 2
25,Vessel 6,25,Safe Area 2 Harbor,Evac Area 2 Marina,536.64,548.64,548.64,551.64,25.0,0,None
26,Vessel 6,26,Evac Area 2 Marina,Safe Area 2 Harbor,551.64,563.64,563.64,566.64,25.0,12,Evac Area 2
