segment_id,resource_id,route_segment_id,origin,destination,route_start_time,route_end_time,load_start_time,load_end_time,resource_speed,evacuees,evacuated_location
1,Vessel 1,1,Safe Area 1 Terminal,Evac Area 1 Ferry Terminal,10.0,24.0,24.0,34.0,12.0,0,None
2,Vessel 1,2,Evac Area 1 Ferry Terminal,Safe Area 1 Terminal,34.0,48.0,48.0,58.0,12.0,1,Evac Area 1
1,Vessel 2,1,Safe Area 2 Harbor,Evac Area 4 Beach,10.0,28.239999999999995,28.239999999999995,31.239999999999995,25.0,0,None
2,Vessel 2,2,Evac Area 4 Beach,Safe Area 2 Harbor,31.239999999999995,49.48,49.48,52.48,25.0,12,Evac Area 4
1,Vessel 2,1,Safe Area 2 Harbor,Evac Area 2 Marina,52.48,64.47999999999999,64.47999999999999,67.47999999999999,25.0,0,None
2,Vessel 2,2,Evac Area 2 Marina,Safe Area 2 Harbor,67.47999999999999,79.47999999999999,79.47999999999999,82.47999999999999,25.0,12,Evac Area 2
1,Vessel 2,1,Safe Area 2 Harbor,Evac Area 4 Dock,82.47999999999999,100.71999999999998,100.71999999999998,103.71999999999998,25.0,0,None
2,Vessel 2,2,Evac Area 4 Dock,Safe Area 2 Harbor,103.71999999999998,121.95999999999998,121.95999999999998,124.95999999999998,25.0,12,Evac Area 4
1,Vessel 3,1,Safe Area 3 Marina,Evac Area 4 Beach,60.0,78.0,78.0,81.0,25.0,0,None
2,Vessel 3,2,Evac Area 4 Beach,Safe Area 3 Marina,81.0,99.0,99.0,102.0,25.0,12,Evac Area 4
1,Vessel 3,1,Safe Area 3 Marina,Evac Area 4 Beach,102.0,120.0,120.0,123.0,25.0,0,None
2,Vessel 3,2,Evac Area 4 Beach,Safe Area 3 Marina,123.0,141.0,141.0,144.0,25.0,12,Evac Area 4
1,Vessel 4,1,Safe Area 1 Terminal,Evac Area 4 Dock,10.0,31.599999999999994,31.599999999999994,36.599999999999994,25.0,0,None
2,Vessel 4,2,Evac Area 4 Dock,Safe Area 3 Marina,36.599999999999994,54.6,54.6,59.6,25.0,38,Evac Area 4
1,Vessel 4,1,Safe Area 3 Marina,Evac Area 4 Dock,59.6,77.6,77.6,82.6,25.0,0,None
2,Vessel 4,2,Evac Area 4 Dock,Safe Area 2 Harbor,82.6,100.84,100.84,105.84,25.0,38,Evac Area 4
1,Vessel 5,1,Safe Area 1 Terminal,Evac Area 4 Dock,30.0,60.0,60.0,70.0,18.0,0,None
2,Vessel 5,2,Evac Area 4 Dock,Safe Area 3 Marina,70.0,95.0,95.0,105.0,18.0,120,Evac Area 4
1,Vessel 6,1,Safe Area 1 Terminal,Evac Area 3 Dock,30.0,42.0,42.0,45.0,25.0,0,None
2,Vessel 6,2,Evac Area 3 Dock,Safe Area 3 Marina,45.0,55.8,55.8,58.8,25.0,12,Evac Area 3
1,Vessel 6,1,Safe Area 3 Marina,Evac Area 3 Dock,58.8,69.6,69.6,72.6,25.0,0,None
2,Vessel 6,2,Evac Area 3 Dock,Safe Area 3 Marina,72.6,83.39999999999999,83.39999999999999,86.39999999999999,25.0,12,Evac Area 3
1,Vessel 6,1,Safe Area 3 Marina,Evac Area 4 Dock,86.39999999999999,104.4,104.4,107.4,25.0,0,None
2,Vessel 6,2,Evac Area 4 Dock,Safe Area 3 Marina,107.4,125.4,125.4,128.39999999999998,25.0,12,Evac Area 4
1,Vessel 2,1,Safe Area 2 Harbor,Evac Area 4 Dock,124.95999999999998,143.2,143.2,146.2,25.0,0,None
2,Vessel 2,2,Evac Area 4 Dock,Safe Area 3 Marina,146.2,164.2,164.2,167.2,25.0,12,Evac Area 4
3,Vessel 2,3,Safe Area 3 Marina,Evac Area 4 Beach,167.2,185.2,185.2,188.2,25.0,0,None
4,Vessel 2,4,Evac Area 4 Beach,Safe Area 3 Marina,188.2,206.2,206.2,209.2,25.0,12,Evac Area 4
5,Vessel 2,5,Safe Area 3 Marina,Evac Area 4 Beach,209.2,227.2,227.2,230.2,25.0,0,None
6,Vessel 2,6,Evac Area 4 Beach,Safe Area 3 Marina,230.2,248.2,248.2,251.2,25.0,12,Evac Area 4
7,Vessel 2,7,Safe Area 3 Marina,Evac Area 3 Dock,251.2,262.0,262.0,265.0,25.0,0,None
8,Vessel 2,8,Evac Area 3 Dock,Safe Area 3 Marina,265.0,275.8,275.8,278.8,25.0,12,Evac Area 3
9,Vessel 2,9,Safe Area 3 Marina,Evac Area 4 Dock,278.8,296.8,296.8,299.8,25.0,0,None
10,Vessel 2,10,Evac Area 4 Dock,Safe Area 3 Marina,299.8,317.8,317.8,320.8,25.0,12,Evac Area 4
11,Vessel 2,11,Safe Area 3 Marina,Evac Area 4 Beach,320.8,338.8,338.8,341.8,25.0,0,None
12,Vessel 2,12,Evac Area 4 Beach,Safe Area 3 Marina,341.8,359.8,359.8,362.8,25.0,12,Evac Area 4
13,Vessel 2,13,Safe Area 3 Marina,Evac Area 4 Beach,362.8,380.8,380.8,383.8,25.0,0,None
14,Vessel 2,14,Evac Area 4 Beach,Safe Area 3 Marina,383.8,401.8,401.8,404.8,25.0,12,Evac Area 4
15,Vessel 2,15,Safe Area 3 Marina,Evac Area 4 Dock,404.8,422.8,422.8,425.8,25.0,0,None
16,Vessel 2,16,Evac Area 4 Dock,Safe Area 3 Marina,425.8,443.8,443.8,446.8,25.0,12,Evac Area 4
17,Vessel 2,17,Safe Area 3 Marina,Evac Area 4 Dock,446.8,464.8,464.8,467.8,25.0,0,None
18,Vessel 2,18,Evac Area 4 Dock,Safe Area 3 Marina,467.8,485.8,485.8,488.8,25.0,12,Evac Area 4
1,Vessel 3,1,Safe Area 3 Marina,Evac Area 4 Beach,144.0,162.0,162.0,165.0,25.0,0,None
2,Vessel 3,2,Evac Area 4 Beach,Safe Area 2 Harbor,165.0,183.24,183.24,186.24,25.0,12,Evac Area 4
3,Vessel 3,3,Safe Area 2 Harbor,Evac Area 2 Marina,186.24,198.24,198.24,201.24,25.0,0,None
4,Vessel 3,4,Evac Area 2 Marina,Safe Area 2 Harbor,201.24,213.24,213.24,216.24,25.0,4,Evac Area 2
5,Vessel 3,5,Safe Area 2 Harbor,Evac Area 2 Marina,216.24,228.24,228.24,231.24,25.0,0,None
6,Vessel 3,6,Evac Area 2 Marina,Safe Area 2 Harbor,231.24,243.24,243.24,246.24,25.0,12,Evac Area 2
7,Vessel 3,7,Safe Area 2 Harbor,Evac Area 2 Marina,246.24,258.24,258.24,261.24,25.0,0,None
8,Vessel 3,8,Evac Area 2 Marina,Safe Area 2 Harbor,261.24,273.24,273.24,276.24,25.0,12,Evac Area 2
9,Vessel 3,9,Safe Area 2 Harbor,Evac Area 2 Marina,276.24,288.24,288.24,291.24,25.0,0,None
10,Vessel 3,10,Evac Area 2 Marina,Safe Area 2 Harbor,291.24,303.24,303.24,306.24,25.0,12,Evac Area 2
11,Vessel 3,11,Safe Area 2 Harbor,Evac Area 2 Marina,306.24,318.24,318.24,321.24,25.0,0,None
12,Vessel 3,12,Evac Area 2 Marina,Safe Area 2 Harbor,321.24,333.24,333.24,336.24,25.0,12,Evac Area 2
13,Vessel 3,13,Safe Area 2 Harbor,Evac Area 2 Marina,336.24,348.24,348.24,351.24,25.0,0,None
14,Vessel 3,14,Evac Area 2 Marina,Safe Area 2 Harbor,351.24,363.24,363.24,366.24,25.0,12,Evac Area 2
15,Vessel 3,15,Safe Area 2 Harbor,Evac Area 4 Beach,366.24,384.48,384.48,387.48,25.0,0,None
16,Vessel 3,16,Evac Area 4 Beach,Safe Area 2 Harbor,387.48,405.72,405.72,408.72,25.0,12,Evac Area 4
17,Vessel 3,17,Safe Area 2 Harbor,Evac Area 4 Beach,408.72,426.96000000000004,426.96000000000004,429.96000000000004,25.0,0,None
18,Vessel 3,18,Evac Area 4 Beach,Safe Area 2 Harbor,429.96000000000004,448.20000000000005,448.20000000000005,451.20000000000005,25.0,12,Evac Area 4
19,Vessel 3,19,Safe Area 2 Harbor,Evac Area 2 Marina,451.20000000000005,463.20000000000005,463.20000000000005,466.20000000000005,25.0,0,None
20,Vessel 3,20,Evac Area 2 Marina,Safe Area 2 Harbor,466.20000000000005,478.20000000000005,478.20000000000005,481.20000000000005,25.0,12,Evac Area 2
1,Vessel 4,1,Safe Area 2 Harbor,Evac Area 4 Dock,105.84,124.08,124.08,129.08,25.0,0,None
2,Vessel 4,2,Evac Area 4 Dock,Safe Area 3 Marina,129.08,147.07999999999998,147.07999999999998,152.07999999999998,25.0,36,Evac Area 4
3,Vessel 4,3,Safe Area 3 Marina,Evac Area 4 Dock,152.07999999999998,170.07999999999998,170.07999999999998,175.07999999999998,25.0,0,None
4,Vessel 4,4,Evac Area 4 Dock,Safe Area 3 Marina,175.07999999999998,193.07999999999998,193.07999999999998,198.07999999999998,25.0,38,Evac Area 4
5,Vessel 4,5,Safe Area 3 Marina,Evac Area 4 Dock,198.07999999999998,216.07999999999998,216.07999999999998,221.07999999999998,25.0,0,None
6,Vessel 4,6,Evac Area 4 Dock,Safe Area 3 Marina,221.07999999999998,239.07999999999998,239.07999999999998,244.07999999999998,25.0,38,Evac Area 4
7,Vessel 4,7,Safe Area 3 Marina,Evac Area 4 Dock,244.07999999999998,262.08,262.08,267.08,25.0,0,None
8,Vessel 4,8,Evac Area 4 Dock,Safe Area 3 Marina,267.08,285.08,285.08,290.08,25.0,38,Evac Area 4
9,Vessel 4,9,Safe Area 3 Marina,Evac Area 4 Dock,290.08,308.08,308.08,313.08,25.0,0,None
10,Vessel 4,10,Evac Area 4 Dock,Safe Area 3 Marina,313.08,331.08,331.08,336.08,25.0,38,Evac Area 4
11,Vessel 4,11,Safe Area 3 Marina,Evac Area 4 Dock,336.08,354.08,354.08,359.08,25.0,0,None
12,Vessel 4,12,Evac Area 4 Dock,Safe Area 3 Marina,359.08,377.08,377.08,382.08,25.0,38,Evac Area 4
13,Vessel 4,13,Safe Area 3 Marina,Evac Area 4 Dock,382.08,400.08,400.08,405.08,25.0,0,None
14,Vessel 4,14,Evac Area 4 Dock,Safe Area 3 Marina,405.08,423.08,423.08,428.08,25.0,38,Evac Area 4
15,Vessel 4,15,Safe Area 3 Marina,Evac Area 4 Dock,428.08,446.08,446.08,451.08,25.0,0,None
16,Vessel 4,16,Evac Area 4 Dock,Safe Area 3 Marina,451.08,469.08,469.08,474.08,25.0,38,Evac Area 4
1,Vessel 5,1,Safe Area 3 Marina,Evac Area 4 Dock,105.0,130.0,130.0,140.0,18.0,0,None
2,Vessel 5,2,Evac Area 4 Dock,Safe Area 3 Marina,140.0,165.0,165.0,175.0,18.0,120,Evac Area 4
3,Vessel 5,3,Safe Area 3 Marina,Evac Area 4 Dock,175.0,200.0,200.0,210.0,18.0,0,None
4,Vessel 5,4,Evac Area 4 Dock,Safe Area 3 Marina,210.0,235.0,235.0,245.0,18.0,120,Evac Area 4
5,Vessel 5,5,Safe Area 3 Marina,Evac Area 4 Dock,245.0,270.0,270.0,280.0,18.0,0,None
6,Vessel 5,6,Evac Area 4 Dock,Safe Area 3 Marina,280.0,305.0,305.0,315.0,18.0,120,Evac Area 4
7,Vessel 5,7,Safe Area 3 Marina,Evac Area 4 Dock,315.0,340.0,340.0,350.0,18.0,0,None
8,Vessel 5,8,Evac Area 4 Dock,Safe Area 3 Marina,350.0,375.0,375.0,385.0,18.0,120,Evac Area 4
9,Vessel 5,9,Safe Area 3 Marina,Evac Area 4 Dock,385.0,410.0,410.0,420.0,18.0,0,None
10,Vessel 5,10,Evac Area 4 Dock,Safe Area 3 Marina,420.0,445.0,445.0,455.0,18.0,120,Evac Area 4
1,Vessel 6,1,Safe Area 3 Marina,Evac Area 3 Dock,128.39999999999998,139.2,139.2,142.2,25.0,0,None
2,Vessel 6,2,Evac Area 3 Dock,Safe Area 3 Marina,142.2,152.99999999999997,152.99999999999997,155.99999999999997,25.0,5,Evac Area 3
3,Vessel 6,3,Safe Area 3 Marina,Evac Area 4 Beach,155.99999999999997,173.99999999999997,173.99999999999997,176.99999999999997,25.0,0,None
4,Vessel 6,4,Evac Area 4 Beach,Safe Area 3 Marina,176.99999999999997,194.99999999999997,194.99999999999997,197.99999999999997,25.0,12,Evac Area 4
5,Vessel 6,5,Safe Area 3 Marina,Evac Area 4 Beach,197.99999999999997,215.99999999999997,215.99999999999997,218.99999999999997,25.0,0,None
6,Vessel 6,6,Evac Area 4 Beach,Safe Area 3 Marina,218.99999999999997,236.99999999999997,236.99999999999997,239.99999999999997,25.0,12,Evac Area 4
7,Vessel 6,7,Safe Area 3 Marina,Evac Area 4 Dock,239.99999999999997,258.0,258.0,261.0,25.0,0,None
8,Vessel 6,8,Evac Area 4 Dock,Safe Area 3 Marina,261.0,279.0,279.0,282.0,25.0,12,Evac Area 4
9,Vessel 6,9,Safe Area 3 Marina,Evac Area 3 Dock,282.0,292.79999999999995,292.79999999999995,295.79999999999995,25.0,0,None
10,Vessel 6,10,Evac Area 3 Dock,Safe Area 3 Marina,295.79999999999995,306.6,306.6,309.6,25.0,12,Evac Area 3
11,Vessel 6,11,Safe Area 3 Marina,Evac Area 4 Dock,309.6,327.6,327.6,330.6,25.0,0,None
12,Vessel 6,12,Evac Area 4 Dock,Safe Area 3 Marina,330.6,348.6,348.6,351.6,25.0,12,Evac Area 4
13,Vessel 6,13,Safe Area 3 Marina,Evac Area 4 Beach,351.6,369.6,369.6,372.6,25.0,0,None
14,Vessel 6,14,Evac Area 4 Beach,Safe Area 3 Marina,372.6,390.6,390.6,393.6,25.0,12,Evac Area 4
15,Vessel 6,15,Safe Area 3 Marina,Evac Area 4 Dock,393.6,411.6,411.6,414.6,25.0,0,None
16,Vessel 6,16,Evac Area 4 Dock,Safe Area 3 Marina,414.6,432.6,432.6,435.6,25.0,12,Evac Area 4
17,Vessel 6,17,Safe Area 3 Marina,Evac Area 4 Dock,435.6,453.6,453.6,456.6,25.0,0,None
18,Vessel 6,18,Evac Area 4 Dock,Safe Area 3 Marina,456.6,474.6,474.6,477.6,25.0,12,Evac Area 4
