segment_id,resource_id,route_segment_id,origin,destination,route_start_time,route_end_time,load_start_time,load_end_time,resource_speed,evacuees,evacuated_location
1,Vessel 1,1,Safe Area 1 Terminal,Evac Area 1 Ferry Terminal,10.0,24.0,24.0,34.0,12.0,0,None
2,Vessel 1,2,Evac Area 1 Ferry Terminal,Safe Area 1 Terminal,34.0,48.0,48.0,58.0,12.0,1,Evac Area 1
1,Vessel 2,1,Safe Area 2 Harbor,Evac Area 4 Beach,10.0,28.24,28.24,31.24,25.0,0,None
2,Vessel 2,2,Evac Area 4 Beach,Safe Area 2 Harbor,31.24,49.48,49.48,52.48,25.0,12,Evac Area 4
1,Vessel 4,1,Safe Area 1 Terminal,Evac Area 4 Dock,10.0,31.6,31.6,36.6,25.0,0,None
2,Vessel 4,2,Evac Area 4 Dock,Safe Area 3 Marina,36.6,54.6,54.6,59.6,25.0,38,Evac Area 4
1,Vessel 2,1,Safe Area 2 Harbor,Evac Area 4 Dock,52.48,70.72,70.72,73.72,25.0,0,None
2,Vessel 2,2,Evac Area 4 Dock,Safe Area 3 Marina,73.72,91.72,91.72,94.72,25.0,12,Evac Area 4
3,Vessel 2,3,Safe Area 3 Marina,Evac Area 3 Dock,94.72,105.52,105.52,108.52,25.0,0,None
4,Vessel 2,4,Evac Area 3 Dock,Safe Area 3 Marina,108.52,119.32,119.32,122.32,25.0,1,Evac Area 3
5,Vessel 2,5,Safe Area 3 Marina,Evac Area 3 Dock,122.32,133.12,133.12,136.12,25.0,0,None
6,Vessel 2,6,Evac Area 3 Dock,Safe Area 3 Marina,136.12,146.92,146.92,149.92,25.0,12,Evac Area 3
7,Vessel 2,7,Safe Area 3 Marina,Evac Area 4 Dock,149.92,167.92,167.92,170.92,25.0,0,None
8,Vessel 2,8,Evac Area 4 Dock,Safe Area 2 Harbor,170.92,189.16,189.16,192.16,25.0,12,Evac Area 4
9,Vessel 2,9,Safe Area 2 Harbor,Evac Area 2 Marina,192.16,204.16,204.16,207.16,25.0,0,None
10,Vessel 2,10,Evac Area 2 Marina,Safe Area 2 Harbor,207.16,219.16,219.16,222.16,25.0,12,Evac Area 2
11,Vessel 2,11,Safe Area 2 Harbor,Evac Area 4 Dock,222.16,240.4,240.4,243.4,25.0,0,None
12,Vessel 2,12,Evac Area 4 Dock,Safe Area 2 Harbor,243.4,261.64,261.64,264.64,25.0,12,Evac Area 4
13,Vessel 2,13,Safe Area 2 Harbor,Evac Area 4 Beach,264.64,282.88,282.88,285.88,25.0,0,None
14,Vessel 2,14,Evac Area 4 Beach,Safe Area 2 Harbor,285.88,304.12,304.12,307.12,25.0,12,Evac Area 4
15,Vessel 2,15,Safe Area 2 Harbor,Evac Area 2 Marina,307.12,319.12,319.12,322.12,25.0,0,None
16,Vessel 2,16,Evac Area 2 Marina,Safe Area 2 Harbor,322.12,334.12,334.12,337.12,25.0,12,Evac Area 2
17,Vessel 2,17,Safe Area 2 Harbor,Evac Area 4 Dock,337.12,355.36,355.36,358.36,25.0,0,None
18,Vessel 2,18,Evac Area 4 Dock,Safe Area 3 Marina,358.36,376.36,376.36,379.36,25.0,12,Evac Area 4
19,Vessel 2,19,Safe Area 3 Marina,Evac Area 4 Beach,379.36,397.36,397.36,400.36,25.0,0,None
20,Vessel 2,20,Evac Area 4 Beach,Safe Area 3 Marina,400.36,418.36,418.36,421.36,25.0,12,Evac Area 4
21,Vessel 2,21,Safe Area 3 Marina,Evac Area 4 Beach,421.36,439.36,439.36,442.36,25.0,0,None
22,Vessel 2,22,Evac Area 4 Beach,Safe Area 2 Harbor,442.36,460.6,460.6,463.6,25.0,12,Evac Area 4
23,Vessel 2,23,Safe Area 2 Harbor,Evac Area 2 Marina,463.6,475.6,475.6,478.6,25.0,0,None
24,Vessel 2,24,Evac Area 2 Marina,Safe Area 2 Harbor,478.6,490.6,490.6,493.6,25.0,12,Evac Area 2
1,Vessel 3,1,Safe Area 3 Marina,Evac Area 4 Dock,60.0,78.0,78.0,81.0,25.0,0,None
2,Vessel 3,2,Evac Area 4 Dock,Safe Area 3 Marina,81.0,99.0,99.0,102.0,25.0,12,Evac Area 4
3,Vessel 3,3,Safe Area 3 Marina,Evac Area 4 Dock,102.0,120.0,120.0,123.0,25.0,0,None
4,Vessel 3,4,Evac Area 4 Dock,Safe Area 2 Harbor,123.0,141.24,141.24,144.24,25.0,12,Evac Area 4
5,Vessel 3,5,Safe Area 2 Harbor,Evac Area 2 Marina,144.24,156.24,156.24,159.24,25.0,0,None
6,Vessel 3,6,Evac Area 2 Marina,Safe Area 2 Harbor,159.24,171.24,171.24,174.24,25.0,12,Evac Area 2
7,Vessel 3,7,Safe Area 2 Harbor,Evac Area 2 Marina,174.24,186.24,186.24,189.24,25.0,0,None
8,Vessel 3,8,Evac Area 2 Marina,Safe Area 2 Harbor,189.24,201.24,201.24,204.24,25.0,12,Evac Area 2
9,Vessel 3,9,Safe Area 2 Harbor,Evac Area 2 Marina,204.24,216.24,216.24,219.24,25.0,0,None
10,Vessel 3,10,Evac Area 2 Marina,Safe Area 2 Harbor,219.24,231.24,231.24,234.24,25.0,12,Evac Area 2
11,Vessel 3,11,Safe Area 2 Harbor,Evac Area 4 Beach,234.24,252.48000000000002,252.48000000000002,255.48000000000002,25.0,0,None
12,Vessel 3,12,Evac Area 4 Beach,Safe Area 2 Harbor,255.48000000000002,273.72,273.72,276.72,25.0,12,Evac Area 4
13,Vessel 3,13,Safe Area 2 Harbor,Evac Area 2 Marina,276.72,288.72,288.72,291.72,25.0,0,None
14,Vessel 3,14,Evac Area 2 Marina,Safe Area 2 Harbor,291.72,303.72,303.72,306.72,25.0,12,Evac Area 2
15,Vessel 3,15,Safe Area 2 Harbor,Evac Area 4 Beach,306.72,324.96000000000004,324.96000000000004,327.96000000000004,25.0,0,None
16,Vessel 3,16,Evac Area 4 Beach,Safe Area 2 Harbor,327.96000000000004,346.20000000000005,346.20000000000005,349.20000000000005,25.0,12,Evac Area 4
17,Vessel 3,17,Safe Area 2 Harbor,Evac Area 4 Dock,349.20000000000005,367.44000000000005,367.44000000000005,370.44000000000005,25.0,0,None
18,Vessel 3,18,Evac Area 4 Dock,Safe Area 2 Harbor,370.44000000000005,388.68000000000006,388.68000000000006,391.68000000000006,25.0,12,Evac Area 4
19,Vessel 3,19,Safe Area 2 Harbor,Evac Area 4 Beach,391.68000000000006,409.9200000000001,409.9200000000001,412.9200000000001,25.0,0,None
20,Vessel 3,20,Evac Area 4 Beach,Safe Area 2 Harbor,412.9200000000001,431.1600000000001,431.1600000000001,434.1600000000001,25.0,1,Evac Area 4
21,Vessel 3,21,Safe Area 2 Harbor,Evac Area 2 Marina,434.1600000000001,446.1600000000001,446.1600000000001,449.1600000000001,25.0,0,None
22,Vessel 3,22,Evac Area 2 Marina,Safe Area 2 Harbor,449.1600000000001,461.1600000000001,461.1600000000001,464.1600000000001,25.0,7,Evac Area 2
23,Vessel 3,23,Safe Area 2 Harbor,Evac Area 2 Marina,464.1600000000001,476.1600000000001,476.1600000000001,479.1600000000001,25.0,0,None
24,Vessel 3,24,Evac Area 2 Marina,Safe Area 2 Harbor,479.1600000000001,491.1600000000001,491.1600000000001,494.1600000000001,25.0,12,Evac Area 2
1,Vessel 4,1,Safe Area 3 Marina,Evac Area 4 Dock,59.6,77.6,77.6,82.6,25.0,0,None
2,Vessel 4,2,Evac Area 4 Dock,Safe Area 3 Marina,82.6,100.6,100.6,105.6,25.0,38,Evac Area 4
3,Vessel 4,3,Safe Area 3 Marina,Evac Area 4 Dock,105.6,123.6,123.6,128.6,25.0,0,None
4,Vessel 4,4,Evac Area 4 Dock,Safe Area 3 Marina,128.6,146.6,146.6,151.6,25.0,38,Evac Area 4
5,Vessel 4,5,Safe Area 3 Marina,Evac Area 4 Dock,151.6,169.6,169.6,174.6,25.0,0,None
6,Vessel 4,6,Evac Area 4 Dock,Safe Area 2 Harbor,174.6,192.84,192.84,197.84,25.0,38,Evac Area 4
7,Vessel 4,7,Safe Area 2 Harbor,Evac Area 4 Dock,197.84,216.08,216.08,221.08,25.0,0,None
8,Vessel 4,8,Evac Area 4 Dock,Safe Area 3 Marina,221.08,239.08,239.08,244.08,25.0,38,Evac Area 4
9,Vessel 4,9,Safe Area 3 Marina,Evac Area 4 Dock,244.08,262.08000000000004,262.08000000000004,267.08000000000004,25.0,0,None
10,Vessel 4,10,Evac Area 4 Dock,Safe Area 3 Marina,267.08000000000004,285.08000000000004,285.08000000000004,290.08000000000004,25.0,38,Evac Area 4
11,Vessel 4,11,Safe Area 3 Marina,Evac Area 4 Dock,290.08000000000004,308.08000000000004,308.08000000000004,313.08000000000004,25.0,0,None
12,Vessel 4,12,Evac Area 4 Dock,Safe Area 2 Harbor,313.08000000000004,331.32000000000005,331.32000000000005,336.32000000000005,25.0,38,Evac Area 4
13,Vessel 4,13,Safe Area 2 Harbor,Evac Area 4 Dock,336.32000000000005,354.56000000000006,354.56000000000006,359.56000000000006,25.0,0,None
14,Vessel 4,14,Evac Area 4 Dock,Safe Area 2 Harbor,359.56000000000006,377.80000000000007,377.80000000000007,382.80000000000007,25.0,38,Evac Area 4
15,Vessel 4,15,Safe Area 2 Harbor,Evac Area 4 Dock,382.80000000000007,401.0400000000001,401.0400000000001,406.0400000000001,25.0,0,None
16,Vessel 4,16,Evac Area 4 Dock,Safe Area 2 Harbor,406.0400000000001,424.2800000000001,424.2800000000001,429.2800000000001,25.0,38,Evac Area 4
17,Vessel 4,17,Safe Area 2 Harbor,Evac Area 4 Dock,429.2800000000001,447.5200000000001,447.5200000000001,452.5200000000001,25.0,0,None
18,Vessel 4,18,Evac Area 4 Dock,Safe Area 3 Marina,452.5200000000001,470.5200000000001,470.5200000000001,475.5200000000001,25.0,38,Evac Area 4
19,Vessel 4,19,Safe Area 3 Marina,Evac Area 4 Dock,475.5200000000001,493.5200000000001,493.5200000000001,498.5200000000001,25.0,0,None
20,Vessel 4,20,Evac Area 4 Dock,Safe Area 3 Marina,498.5200000000001,516.5200000000001,516.5200000000001,521.5200000000001,25.0,38,Evac Area 4
1,Vessel 5,1,Safe Area 1 Terminal,Evac Area 4 Dock,30.0,60.0,60.0,70.0,18.0,0,None
2,Vessel 5,2,Evac Area 4 Dock,Safe Area 3 Marina,70.0,95.0,95.0,105.0,18.0,120,Evac Area 4
3,Vessel 5,3,Safe Area 3 Marina,Evac Area 4 Dock,105.0,130.0,130.0,140.0,18.0,0,None
4,Vessel 5,4,Evac Area 4 Dock,Safe Area 3 Marina,140.0,165.0,165.0,175.0,18.0,120,Evac Area 4
5,Vessel 5,5,Safe Area 3 Marina,Evac Area 4 Dock,175.0,200.0,200.0,210.0,18.0,0,None
6,Vessel 5,6,Evac Area 4 Dock,Safe Area 3 Marina,210.0,235.0,235.0,245.0,18.0,120,Evac Area 4
7,Vessel 5,7,Safe Area 3 Marina,Evac Area 4 Dock,245.0,270.0,270.0,280.0,18.0,0,None
8,Vessel 5,8,Evac Area 4 Dock,Safe Area 3 Marina,280.0,305.0,305.0,315.0,18.0,120,Evac Area 4
9,Vessel 5,9,Safe Area 3 Marina,Evac Area 4 Dock,315.0,340.0,340.0,350.0,18.0,0,None
10,Vessel 5,10,Evac Area 4 Dock,Safe Area 3 Marina,350.0,375.0,375.0,385.0,18.0,120,Evac Area 4
11,Vessel 5,11,Safe Area 3 Marina,Evac Area 4 Dock,385.0,410.0,410.0,420.0,18.0,0,None
12,Vessel 5,12,Evac Area 4 Dock,Safe Area 3 Marina,420.0,445.0,445.0,455.0,18.0,120,Evac Area 4
13,Vessel 5,13,Safe Area 3 Marina,Evac Area 4 Dock,455.0,480.0,480.0,490.0,18.0,0,None
14,Vessel 5,14,Evac Area 4 Dock,Safe Area 3 Marina,490.0,515.0,515.0,525.0,18.0,120,Evac Area 4
1,Vessel 6,1,Safe Area 1 Terminal,Evac Area 3 Dock,30.0,42.0,42.0,45.0,25.0,0,None
2,Vessel 6,2,Evac Area 3 Dock,Safe Area 3 Marina,45.0,55.8,55.8,58.8,25.0,12,Evac Area 3
3,Vessel 6,3,Safe Area 3 Marina,Evac Area 3 Dock,58.8,69.6,69.6,72.6,25.0,0,None
4,Vessel 6,4,Evac Area 3 Dock,Safe Area 3 Marina,72.6,83.39999999999999,83.39999999999999,86.39999999999999,25.0,12,Evac Area 3
5,Vessel 6,5,Safe Area 3 Marina,Evac Area 4 Dock,86.39999999999999,104.39999999999999,104.39999999999999,107.39999999999999,25.0,0,None
6,Vessel 6,6,Evac Area 4 Dock,Safe Area 2 Harbor,107.39999999999999,125.63999999999999,125.63999999999999,128.64,25.0,12,Evac Area 4
7,Vessel 6,7,Safe Area 2 Harbor,Evac Area 4 Beach,128.64,146.88,146.88,149.88,25.0,0,None
8,Vessel 6,8,Evac Area 4 Beach,Safe Area 3 Marina,149.88,167.88,167.88,170.88,25.0,12,Evac Area 4
9,Vessel 6,9,Safe Area 3 Marina,Evac Area 3 Dock,170.88,181.68,181.68,184.68,25.0,0,None
10,Vessel 6,10,Evac Area 3 Dock,Safe Area 3 Marina,184.68,195.48000000000002,195.48000000000002,198.48000000000002,25.0,12,Evac Area 3
11,Vessel 6,11,Safe Area 3 Marina,Evac Area 4 Dock,198.48000000000002,216.48000000000002,216.48000000000002,219.48000000000002,25.0,0,None
12,Vessel 6,12,Evac Area 4 Dock,Safe Area 2 Harbor,219.48000000000002,237.72000000000003,237.72000000000003,240.72000000000003,25.0,12,Evac Area 4
13,Vessel 6,13,Safe Area 2 Harbor,Evac Area 4 Dock,240.72000000000003,258.96000000000004,258.96000000000004,261.96000000000004,25.0,0,None
14,Vessel 6,14,Evac Area 4 Dock,Safe Area 2 Harbor,261.96000000000004,280.20000000000005,280.20000000000005,283.20000000000005,25.0,12,Evac Area 4
15,Vessel 6,15,Safe Area 2 Harbor,Evac Area 4 Dock,283.20000000000005,301.44000000000005,301.44000000000005,304.44000000000005,25.0,0,None
16,Vessel 6,16,Evac Area 4 Dock,Safe Area 2 Harbor,304.44000000000005,322.68000000000006,322.68000000000006,325.68000000000006,25.0,12,Evac Area 4
17,Vessel 6,17,Safe Area 2 Harbor,Evac Area 4 Dock,325.68000000000006,343.9200000000001,343.9200000000001,346.9200000000001,25.0,0,None
18,Vessel 6,18,Evac Area 4 Dock,Safe Area 3 Marina,346.9200000000001,364.9200000000001,364.9200000000001,367.9200000000001,25.0,12,Evac Area 4
19,Vessel 6,19,Safe Area 3 Marina,Evac Area 4 Dock,367.9200000000001,385.9200000000001,385.9200000000001,388.9200000000001,25.0,0,None
20,Vessel 6,20,Evac Area 4 Dock,Safe Area 2 Harbor,388.9200000000001,407.1600000000001,407.1600000000001,410.1600000000001,25.0,12,Evac Area 4
21,Vessel 6,21,Safe Area 2 Harbor,Evac Area 4 Beach,410.1600000000001,428.4000000000001,428.4000000000001,431.4000000000001,25.0,0,None
22,Vessel 6,22,Evac Area 4 Beach,Safe Area 2 Harbor,431.4000000000001,449.6400000000001,449.6400000000001,452.6400000000001,25.0,12,Evac Area 4
23,Vessel 6,23,Safe Area 2 Harbor,Evac Area 2 Marina,452.6400000000001,464.6400000000001,464.6400000000001,467.6400000000001,25.0,0,None
24,Vessel 6,24,Evac Area 2 Marina,Safe Area 2 Harbor,467.6400000000001,479.6400000000001,479.6400000000001,482.6400000000001,25.0,12,Evac Area 2
