segment_id,resource_id,route_segment_id,origin,destination,route_start_time,route_end_time,load_start_time,load_end_time,resource_speed,evacuees,evacuated_location,post_run_correction
1,Vessel 1,1,Safe Area 1 Terminal,Evac Area 1 Ferry Terminal,10.0,24.0,24.0,34.0,12.0,0,None,
2,Vessel 1,2,Evac Area 1 Ferry Terminal,Safe Area 1 Terminal,34.0,48.0,48.0,58.0,12.0,7,Evac Area 1,
3,Vessel 1,3,Safe Area 1 Terminal,Evac Area 1 Ferry Terminal,58.0,72.0,72.0,82.0,12.0,0,None,
4,Vessel 1,4,Evac Area 1 Ferry Terminal,Safe Area 1 Terminal,82.0,96.0,96.0,106.0,12.0,457,Evac Area 1,
1,Vessel 2,1,Safe Area 2 Harbor,Evac Area 4 Dock,10.0,28.24000000000001,28.24000000000001,31.24000000000001,25.0,0,None,
2,Vessel 2,2,Evac Area 4 Dock,Safe Area 3 Marina,31.24000000000001,49.24000000000001,49.24000000000001,52.24000000000001,25.0,12,Evac Area 4,
3,Vessel 2,3,Safe Area 3 Marina,Evac Area 2 Marina,52.24000000000001,69.03999999999996,69.03999999999996,72.03999999999996,25.0,0,None,
4,Vessel 2,4,Evac Area 2 Marina,Safe Area 2 Harbor,72.03999999999996,84.03999999999996,84.03999999999996,87.03999999999996,25.0,12,Evac Area 2,
5,Vessel 2,5,Safe Area 2 Harbor,Evac Area 2 Marina,87.03999999999996,99.04000000000002,99.04000000000002,102.04000000000002,25.0,0,None,
6,Vessel 2,6,Evac Area 2 Marina,Safe Area 2 Harbor,102.04000000000002,114.04000000000002,114.04000000000002,117.04000000000002,25.0,12,Evac Area 2,
7,Vessel 2,7,Safe Area 2 Harbor,Evac Area 2 Marina,117.04000000000002,129.03999999999996,129.03999999999996,132.03999999999996,25.0,0,None,
8,Vessel 2,8,Evac Area 2 Marina,Safe Area 2 Harbor,132.03999999999996,144.04,144.04,147.04,25.0,12,Evac Area 2,
9,Vessel 2,9,Safe Area 2 Harbor,Evac Area 2 Marina,147.04,159.04,159.04,162.04,25.0,0,None,
10,Vessel 2,10,Evac Area 2 Marina,Safe Area 2 Harbor,162.04,174.04,174.04,177.04,25.0,12,Evac Area 2,
11,Vessel 2,11,Safe Area 2 Harbor,Evac Area 2 Marina,177.04,189.04,189.04,192.04,25.0,0,None,
12,Vessel 2,12,Evac Area 2 Marina,Safe Area 2 Harbor,192.04,204.04,204.04,207.04,25.0,12,Evac Area 2,
13,Vessel 2,13,Safe Area 2 Harbor,Evac Area 2 Marina,207.04,219.04,219.04,222.04,25.0,0,None,
14,Vessel 2,14,Evac Area 2 Marina,Safe Area 2 Harbor,222.04,234.04,234.04,237.04,25.0,12,Evac Area 2,
15,Vessel 2,15,Safe Area 2 Harbor,Evac Area 2 Marina,237.04,249.04,249.04,252.04,25.0,0,None,
16,Vessel 2,16,Evac Area 2 Marina,Safe Area 2 Harbor,252.04,264.04,264.04,267.04,25.0,12,Evac Area 2,
17,Vessel 2,17,Safe Area 2 Harbor,Evac Area 2 Marina,267.04,279.04,279.04,282.04,25.0,0,None,
18,Vessel 2,18,Evac Area 2 Marina,Safe Area 2 Harbor,282.04,294.04,294.04,297.04,25.0,12,Evac Area 2,
19,Vessel 2,19,Safe Area 2 Harbor,Evac Area 2 Marina,297.04,309.04,309.04,312.04,25.0,0,None,
20,Vessel 2,20,Evac Area 2 Marina,Safe Area 2 Harbor,312.04,324.04,324.04,327.04,25.0,12,Evac Area 2,
21,Vessel 2,21,Safe Area 2 Harbor,Evac Area 2 Marina,327.04,339.04,339.04,342.04,25.0,0,None,
22,Vessel 2,22,Evac Area 2 Marina,Safe Area 2 Harbor,342.04,354.04,354.04,357.04,25.0,12,Evac Area 2,
23,Vessel 2,23,Safe Area 2 Harbor,Evac Area 2 Marina,357.04,369.04,369.04,372.04,25.0,0,None,
24,Vessel 2,24,Evac Area 2 Marina,Safe Area 2 Harbor,372.04,384.04,384.04,387.04,25.0,12,Evac Area 2,
1,Vessel 3,1,Safe Area 3 Marina,Evac Area 4 Beach,60.0,78.0,78.0,81.0,25.0,0,None,
2,Vessel 3,2,Evac Area 4 Beach,Safe Area 2 Harbor,81.0,99.24000000000001,99.24000000000001,102.24000000000001,25.0,12,Evac Area 4,
3,Vessel 3,3,Safe Area 2 Harbor,Evac Area 2 Marina,102.24000000000001,114.24000000000001,114.24000000000001,117.24000000000001,25.0,0,None,
4,Vessel 3,4,Evac Area 2 Marina,Safe Area 2 Harbor,117.24000000000001,129.24,129.24,132.24,25.0,12,Evac Area 2,
5,Vessel 3,5,Safe Area 2 Harbor,Evac Area 2 Marina,132.24,144.24,144.24,147.24,25.0,0,None,
6,Vessel 3,6,Evac Area 2 Marina,Safe Area 2 Harbor,147.24,159.24,159.24,162.24,25.0,12,Evac Area 2,
7,Vessel 3,7,Safe Area 2 Harbor,Evac Area 2 Marina,162.24,174.24,174.24,177.24,25.0,0,None,
8,Vessel 3,8,Evac Area 2 Marina,Safe Area 2 Harbor,177.24,189.24,189.24,192.24,25.0,12,Evac Area 2,
9,Vessel 3,9,Safe Area 2 Harbor,Evac Area 2 Marina,192.24,204.24,204.24,207.24,25.0,0,None,
10,Vessel 3,10,Evac Area 2 Marina,Safe Area 2 Harbor,207.24,219.24,219.24,222.24,25.0,12,Evac Area 2,
11,Vessel 3,11,Safe Area 2 Harbor,Evac Area 2 Marina,222.24,234.24,234.24,237.24,25.0,0,None,
12,Vessel 3,12,Evac Area 2 Marina,Safe Area 3 Marina,237.24,254.04,254.04,257.04,25.0,12,Evac Area 2,
13,Vessel 3,13,Safe Area 3 Marina,Evac Area 2 Marina,257.04,273.84000000000003,273.84000000000003,276.84000000000003,25.0,0,None,
14,Vessel 3,14,Evac Area 2 Marina,Safe Area 2 Harbor,276.84000000000003,288.84000000000003,288.84000000000003,291.84000000000003,25.0,12,Evac Area 2,
15,Vessel 3,15,Safe Area 2 Harbor,Evac Area 2 Marina,291.84000000000003,303.84000000000003,303.84000000000003,306.84000000000003,25.0,0,None,
16,Vessel 3,16,Evac Area 2 Marina,Safe Area 2 Harbor,306.84000000000003,318.84000000000003,318.84000000000003,321.84000000000003,25.0,12,Evac Area 2,
17,Vessel 3,17,Safe Area 2 Harbor,Evac Area 2 Marina,321.84000000000003,333.84000000000003,333.84000000000003,336.84000000000003,25.0,0,None,
18,Vessel 3,18,Evac Area 2 Marina,Safe Area 2 Harbor,336.84000000000003,348.84000000000003,348.84000000000003,351.84000000000003,25.0,12,Evac Area 2,
19,Vessel 3,19,Safe Area 2 Harbor,Evac Area 2 Marina,351.84000000000003,363.84,363.84,366.84,25.0,0,None,
20,Vessel 3,20,Evac Area 2 Marina,Safe Area 2 Harbor,366.84,378.84,378.84,381.84,25.0,10,Evac Area 2,
1,Vessel 4,1,Safe Area 1 Terminal,Evac Area 4 Dock,10.0,31.600000000000023,31.600000000000023,36.60000000000002,25.0,0,None,
2,Vessel 4,2,Evac Area 4 Dock,Safe Area 2 Harbor,36.60000000000002,54.839999999999975,54.839999999999975,59.839999999999975,25.0,34,Evac Area 4,
3,Vessel 4,3,Safe Area 2 Harbor,Evac Area 2 Marina,59.839999999999975,71.83999999999997,71.83999999999997,76.83999999999997,25.0,0,None,
4,Vessel 4,4,Evac Area 2 Marina,Safe Area 2 Harbor,76.83999999999997,88.83999999999997,88.83999999999997,93.84000000000003,25.0,38,Evac Area 2,
5,Vessel 4,5,Safe Area 2 Harbor,Evac Area 2 Marina,93.84000000000003,105.84000000000003,105.84000000000003,110.84000000000003,25.0,0,None,
6,Vessel 4,6,Evac Area 2 Marina,Safe Area 2 Harbor,110.84000000000003,122.84000000000003,122.84000000000003,127.84000000000003,25.0,38,Evac Area 2,
7,Vessel 4,7,Safe Area 2 Harbor,Evac Area 2 Marina,127.84000000000003,139.83999999999995,139.83999999999995,144.83999999999995,25.0,0,None,
8,Vessel 4,8,Evac Area 2 Marina,Safe Area 2 Harbor,144.83999999999995,156.83999999999995,156.83999999999995,161.83999999999995,25.0,38,Evac Area 2,
9,Vessel 4,9,Safe Area 2 Harbor,Evac Area 2 Marina,161.83999999999995,173.83999999999995,173.83999999999995,178.83999999999995,25.0,0,None,
10,Vessel 4,10,Evac Area 2 Marina,Safe Area 2 Harbor,178.83999999999995,190.84,190.84,195.84,25.0,38,Evac Area 2,
11,Vessel 4,11,Safe Area 2 Harbor,Evac Area 2 Marina,195.84,207.84,207.84,212.84,25.0,0,None,
12,Vessel 4,12,Evac Area 2 Marina,Safe Area 2 Harbor,212.84,224.84,224.84,229.84,25.0,38,Evac Area 2,
13,Vessel 4,13,Safe Area 2 Harbor,Evac Area 2 Marina,229.84,241.84,241.84,246.84,25.0,0,None,
14,Vessel 4,14,Evac Area 2 Marina,Safe Area 2 Harbor,246.84,258.84,258.84,263.84,25.0,38,Evac Area 2,
15,Vessel 4,15,Safe Area 2 Harbor,Evac Area 2 Marina,263.84,275.84,275.84,280.84,25.0,0,None,
16,Vessel 4,16,Evac Area 2 Marina,Safe Area 2 Harbor,280.84,292.84,292.84,297.84,25.0,38,Evac Area 2,
17,Vessel 4,17,Safe Area 2 Harbor,Evac Area 2 Marina,297.84,309.84,309.84,314.84,25.0,0,None,
18,Vessel 4,18,Evac Area 2 Marina,Safe Area 2 Harbor,314.84,326.84,326.84,331.84,25.0,38,Evac Area 2,
19,Vessel 4,19,Safe Area 2 Harbor,Evac Area 2 Marina,331.84,343.84,343.84,348.84,25.0,0,None,
20,Vessel 4,20,Evac Area 2 Marina,Safe Area 2 Harbor,348.84,360.84,360.84,365.84,25.0,38,Evac Area 2,
1,Vessel 5,1,Safe Area 1 Terminal,Evac Area 4 Dock,30.0,60.0,60.0,70.0,18.0,0,None,
2,Vessel 5,2,Evac Area 4 Dock,Safe Area 3 Marina,70.0,95.0,95.0,105.0,18.0,120,Evac Area 4,
3,Vessel 5,3,Safe Area 3 Marina,Evac Area 4 Dock,105.0,130.0,130.0,140.0,18.0,0,None,
4,Vessel 5,4,Evac Area 4 Dock,Safe Area 2 Harbor,140.0,165.33333333333334,165.33333333333334,175.33333333333334,18.0,120,Evac Area 4,
5,Vessel 5,5,Safe Area 2 Harbor,Evac Area 2 Marina,175.33333333333334,192.0,192.0,202.0,18.0,0,None,
6,Vessel 5,6,Evac Area 2 Marina,Safe Area 2 Harbor,202.0,218.66666666666663,218.66666666666663,228.66666666666663,18.0,120,Evac Area 2,
7,Vessel 5,7,Safe Area 2 Harbor,Evac Area 2 Marina,228.66666666666663,245.3333333333333,245.3333333333333,255.3333333333333,18.0,0,None,
8,Vessel 5,8,Evac Area 2 Marina,Safe Area 2 Harbor,255.3333333333333,272.0,272.0,282.0,18.0,120,Evac Area 2,
9,Vessel 5,9,Safe Area 2 Harbor,Evac Area 2 Marina,282.0,298.6666666666667,298.6666666666667,308.6666666666667,18.0,0,None,
10,Vessel 5,10,Evac Area 2 Marina,Safe Area 2 Harbor,308.6666666666667,325.33333333333337,325.33333333333337,335.33333333333337,18.0,120,Evac Area 2,
11,Vessel 5,11,Safe Area 2 Harbor,Evac Area 2 Marina,335.33333333333337,352.00000000000006,352.00000000000006,362.00000000000006,18.0,0,None,
12,Vessel 5,12,Evac Area 2 Marina,Safe Area 2 Harbor,362.00000000000006,378.66666666666674,378.66666666666674,388.66666666666674,18.0,120,Evac Area 2,
1,Vessel 6,1,Safe Area 1 Terminal,Evac Area 3 Dock,30.0,42.0,42.0,45.0,25.0,0,None,
2,Vessel 6,2,Evac Area 3 Dock,Safe Area 3 Marina,45.0,55.80000000000001,55.80000000000001,58.80000000000001,25.0,12,Evac Area 3,
3,Vessel 6,3,Safe Area 3 Marina,Evac Area 4 Dock,58.80000000000001,76.80000000000001,76.80000000000001,79.80000000000001,25.0,0,None,
4,Vessel 6,4,Evac Area 4 Dock,Safe Area 2 Harbor,79.80000000000001,98.04000000000002,98.04000000000002,101.04000000000002,25.0,12,Evac Area 4,
5,Vessel 6,5,Safe Area 2 Harbor,Evac Area 2 Marina,101.04000000000002,113.04000000000002,113.04000000000002,116.04000000000002,25.0,0,None,
6,Vessel 6,6,Evac Area 2 Marina,Safe Area 2 Harbor,116.04000000000002,128.03999999999996,128.03999999999996,131.03999999999996,25.0,12,Evac Area 2,
7,Vessel 6,7,Safe Area 2 Harbor,Evac Area 2 Marina,131.03999999999996,143.04,143.04,146.04,25.0,0,None,
8,Vessel 6,8,Evac Area 2 Marina,Safe Area 2 Harbor,146.04,158.04,158.04,161.04,25.0,12,Evac Area 2,
9,Vessel 6,9,Safe Area 2 Harbor,Evac Area 2 Marina,161.04,173.04,173.04,176.04,25.0,0,None,
10,Vessel 6,10,Evac Area 2 Marina,Safe Area 2 Harbor,176.04,188.04,188.04,191.04,25.0,12,Evac Area 2,
11,Vessel 6,11,Safe Area 2 Harbor,Evac Area 3 Dock,191.04,210.24,210.24,213.24,25.0,0,None,
12,Vessel 6,12,Evac Area 3 Dock,Safe Area 3 Marina,213.24,224.04,224.04,227.04,25.0,12,Evac Area 3,
13,Vessel 6,13,Safe Area 3 Marina,Evac Area 3 Dock,227.04,237.84,237.84,240.84,25.0,0,None,
14,Vessel 6,14,Evac Area 3 Dock,Safe Area 3 Marina,240.84,251.64,251.64,254.64,25.0,5,Evac Area 3,
15,Vessel 6,15,Safe Area 3 Marina,Evac Area 2 Marina,254.64,271.44,271.44,274.44,25.0,0,None,
16,Vessel 6,16,Evac Area 2 Marina,Safe Area 2 Harbor,274.44,286.44,286.44,289.44,25.0,12,Evac Area 2,
17,Vessel 6,17,Safe Area 2 Harbor,Evac Area 2 Marina,289.44,301.44,301.44,304.44,25.0,0,None,
18,Vessel 6,18,Evac Area 2 Marina,Safe Area 2 Harbor,304.44,316.44,316.44,319.44,25.0,12,Evac Area 2,
19,Vessel 6,19,Safe Area 2 Harbor,Evac Area 2 Marina,319.44,331.44,331.44,334.44,25.0,0,None,
20,Vessel 6,20,Evac Area 2 Marina,Safe Area 2 Harbor,334.44,346.44,346.44,349.44,25.0,12,Evac Area 2,
21,Vessel 6,21,Safe Area 2 Harbor,Evac Area 2 Marina,349.44,361.44,361.44,364.44,25.0,0,None,
22,Vessel 6,22,Evac Area 2 Marina,Safe Area 2 Harbor,364.44,376.44,376.44,379.44,25.0,12,Evac Area 2,
1,Vessel 1,1,Safe Area 1 Terminal,Evac Area 1 Ferry Terminal,388.66666666666674,402.66666666666674,402.66666666666674,412.66666666666674,12.0,0,None,yes
2,Vessel 1,2,Evac Area 1 Ferry Terminal,Safe Area 1 Terminal,412.66666666666674,426.66666666666674,426.66666666666674,436.66666666666674,12.0,77,Evac Area 1,yes
1,Vessel 2,1,Safe Area 2 Harbor,Evac Area 3 Dock,388.66666666666674,407.86666666666673,407.86666666666673,410.86666666666673,25.0,0,None,yes
2,Vessel 2,2,Evac Area 3 Dock,Safe Area 3 Marina,410.86666666666673,421.66666666666674,421.66666666666674,424.66666666666674,25.0,5,Evac Area 3,yes
1,Vessel 4,1,Safe Area 2 Harbor,Evac Area 4 Dock,388.66666666666674,406.90666666666675,406.90666666666675,411.90666666666675,25.0,0,None,yes
2,Vessel 4,2,Evac Area 4 Dock,Safe Area 3 Marina,411.90666666666675,429.90666666666675,429.90666666666675,434.90666666666675,25.0,18,Evac Area 4,yes
