segment_id,resource_id,route_segment_id,origin,destination,route_start_time,route_end_time,load_start_time,load_end_time,resource_speed,evacuees,evacuated_location
1,Vessel 1,1,Safe Area 1 Terminal,Evac Area 1 Ferry Terminal,10.0,24.0,24.0,34.0,12.0,0,None
2,Vessel 1,2,Evac Area 1 Ferry Terminal,Safe Area 1 Terminal,34.0,48.0,48.0,58.0,12.0,457,Evac Area 1
3,Vessel 1,3,Safe Area 1 Terminal,Evac Area 1 Ferry Terminal,58.0,72.0,72.0,82.0,12.0,0,None
4,Vessel 1,4,Evac Area 1 Ferry Terminal,Safe Area 1 Terminal,82.0,96.0,96.0,106.0,12.0,14,Evac Area 1
5,Vessel 1,5,Safe Area 1 Terminal,Evac Area 1 Ferry Terminal,106.0,120.0,120.0,130.0,12.0,0,None
6,Vessel 1,6,Evac Area 1 Ferry Terminal,Safe Area 1 Terminal,130.0,144.0,144.0,154.0,12.0,457,Evac Area 1
1,Vessel 2,1,Safe Area 2 Harbor,Evac Area 4 Dock,10.0,28.24,28.24,31.24,25.0,0,None
2,Vessel 2,2,Evac Area 4 Dock,Safe Area 3 Marina,31.24,49.239999999999995,49.239999999999995,52.239999999999995,25.0,12,Evac Area 4
3,Vessel 2,3,Safe Area 3 Marina,Evac Area 4 Dock,52.239999999999995,70.24,70.24,73.24,25.0,0,None
4,Vessel 2,4,Evac Area 4 Dock,Safe Area 3 Marina,73.24,91.24,91.24,94.24,25.0,12,Evac Area 4
5,Vessel 2,5,Safe Area 3 Marina,Evac Area 4 Beach,94.24,112.24,112.24,115.24,25.0,0,None
6,Vessel 2,6,Evac Area 4 Beach,Safe Area 3 Marina,115.24,133.24,133.24,136.24,25.0,12,Evac Area 4
7,Vessel 2,7,Safe Area 3 Marina,Evac Area 4 Beach,136.24,154.24,154.24,157.24,25.0,0,None
8,Vessel 2,8,Evac Area 4 Beach,Safe Area 2 Harbor,157.24,175.48000000000002,175.48000000000002,178.48000000000002,25.0,12,Evac Area 4
9,Vessel 2,9,Safe Area 2 Harbor,Evac Area 2 Marina,178.48000000000002,190.48000000000002,190.48000000000002,193.48000000000002,25.0,0,None
10,Vessel 2,10,Evac Area 2 Marina,Safe Area 2 Harbor,193.48000000000002,205.48000000000002,205.48000000000002,208.48000000000002,25.0,12,Evac Area 2
11,Vessel 2,11,Safe Area 2 Harbor,Evac Area 4 Dock,208.48000000000002,226.72000000000003,226.72000000000003,229.72000000000003,25.0,0,None
12,Vessel 2,12,Evac Area 4 Dock,Safe Area 3 Marina,229.72000000000003,247.72000000000003,247.72000000000003,250.72000000000003,25.0,12,Evac Area 4
13,Vessel 2,13,Safe Area 3 Marina,Evac Area 4 Beach,250.72000000000003,268.72,268.72,271.72,25.0,0,None
14,Vessel 2,14,Evac Area 4 Beach,Safe Area 3 Marina,271.72,289.72,289.72,292.72,25.0,12,Evac Area 4
15,Vessel 2,15,Safe Area 3 Marina,Evac Area 2 Marina,292.72,309.52000000000004,309.52000000000004,312.52000000000004,25.0,0,None
16,Vessel 2,16,Evac Area 2 Marina,Safe Area 1 Terminal,312.52000000000004,336.52000000000004,336.52000000000004,339.52000000000004,25.0,12,Evac Area 2
17,Vessel 2,17,Safe Area 1 Terminal,Evac Area 2 Marina,339.52000000000004,363.52000000000004,363.52000000000004,366.52000000000004,25.0,0,None
18,Vessel 2,18,Evac Area 2 Marina,Safe Area 2 Harbor,366.52000000000004,378.52000000000004,378.52000000000004,381.52000000000004,25.0,12,Evac Area 2
19,Vessel 2,19,Safe Area 2 Harbor,Evac Area 2 Marina,381.52000000000004,393.52000000000004,393.52000000000004,396.52000000000004,25.0,0,None
20,Vessel 2,20,Evac Area 2 Marina,Safe Area 2 Harbor,396.52000000000004,408.52000000000004,408.52000000000004,411.52000000000004,25.0,12,Evac Area 2
1,Vessel 3,1,Safe Area 3 Marina,Evac Area 4 Dock,60.0,78.0,78.0,81.0,25.0,0,None
2,Vessel 3,2,Evac Area 4 Dock,Safe Area 2 Harbor,81.0,99.24,99.24,102.24,25.0,12,Evac Area 4
3,Vessel 3,3,Safe Area 2 Harbor,Evac Area 2 Marina,102.24,114.24,114.24,117.24,25.0,0,None
4,Vessel 3,4,Evac Area 2 Marina,Safe Area 3 Marina,117.24,134.04,134.04,137.04,25.0,12,Evac Area 2
5,Vessel 3,5,Safe Area 3 Marina,Evac Area 2 Marina,137.04,153.84,153.84,156.84,25.0,0,None
6,Vessel 3,6,Evac Area 2 Marina,Safe Area 2 Harbor,156.84,168.84,168.84,171.84,25.0,12,Evac Area 2
7,Vessel 3,7,Safe Area 2 Harbor,Evac Area 2 Marina,171.84,183.84,183.84,186.84,25.0,0,None
8,Vessel 3,8,Evac Area 2 Marina,Safe Area 2 Harbor,186.84,198.84,198.84,201.84,25.0,12,Evac Area 2
9,Vessel 3,9,Safe Area 2 Harbor,Evac Area 2 Marina,201.84,213.84,213.84,216.84,25.0,0,None
10,Vessel 3,10,Evac Area 2 Marina,Safe Area 3 Marina,216.84,233.64000000000001,233.64000000000001,236.64000000000001,25.0,12,Evac Area 2
11,Vessel 3,11,Safe Area 3 Marina,Evac Area 2 Marina,236.64000000000001,253.44000000000003,253.44000000000003,256.44000000000005,25.0,0,None
12,Vessel 3,12,Evac Area 2 Marina,Safe Area 2 Harbor,256.44000000000005,268.44000000000005,268.44000000000005,271.44000000000005,25.0,12,Evac Area 2
13,Vessel 3,13,Safe Area 2 Harbor,Evac Area 2 Marina,271.44000000000005,283.44000000000005,283.44000000000005,286.44000000000005,25.0,0,None
14,Vessel 3,14,Evac Area 2 Marina,Safe Area 2 Harbor,286.44000000000005,298.44000000000005,298.44000000000005,301.44000000000005,25.0,12,Evac Area 2
15,Vessel 3,15,Safe Area 2 Harbor,Evac Area 2 Marina,301.44000000000005,313.44000000000005,313.44000000000005,316.44000000000005,25.0,0,None
16,Vessel 3,16,Evac Area 2 Marina,Safe Area 2 Harbor,316.44000000000005,328.44000000000005,328.44000000000005,331.44000000000005,25.0,12,Evac Area 2
17,Vessel 3,17,Safe Area 2 Harbor,Evac Area 2 Marina,331.44000000000005,343.44000000000005,343.44000000000005,346.44000000000005,25.0,0,None
18,Vessel 3,18,Evac Area 2 Marina,Safe Area 2 Harbor,346.44000000000005,358.44000000000005,358.44000000000005,361.44000000000005,25.0,12,Evac Area 2
19,Vessel 3,19,Safe Area 2 Harbor,Evac Area 2 Marina,361.44000000000005,373.44000000000005,373.44000000000005,376.44000000000005,25.0,0,None
20,Vessel 3,20,Evac Area 2 Marina,Safe Area 2 Harbor,376.44000000000005,388.44000000000005,388.44000000000005,391.44000000000005,25.0,12,Evac Area 2
21,Vessel 3,21,Safe Area 2 Harbor,Evac Area 2 Marina,391.44000000000005,403.44000000000005,403.44000000000005,406.44000000000005,25.0,0,None
22,Vessel 3,22,Evac Area 2 Marina,Safe Area 2 Harbor,406.44000000000005,418.44000000000005,418.44000000000005,421.44000000000005,25.0,12,Evac Area 2
1,Vessel 4,1,Safe Area 1 Terminal,Evac Area 3 Dock,10.0,22.0,22.0,27.0,25.0,0,None
2,Vessel 4,2,Evac Area 3 Dock,Safe Area 3 Marina,27.0,37.8,37.8,42.8,25.0,29,Evac Area 3
3,Vessel 4,3,Safe Area 3 Marina,Evac Area 4 Dock,42.8,60.8,60.8,65.8,25.0,0,None
4,Vessel 4,4,Evac Area 4 Dock,Safe Area 3 Marina,65.8,83.8,83.8,88.8,25.0,38,Evac Area 4
5,Vessel 4,5,Safe Area 3 Marina,Evac Area 4 Dock,88.8,106.8,106.8,111.8,25.0,0,None
6,Vessel 4,6,Evac Area 4 Dock,Safe Area 2 Harbor,111.8,130.04,130.04,135.04,25.0,38,Evac Area 4
7,Vessel 4,7,Safe Area 2 Harbor,Evac Area 2 Marina,135.04,147.04,147.04,152.04,25.0,0,None
8,Vessel 4,8,Evac Area 2 Marina,Safe Area 2 Harbor,152.04,164.04,164.04,169.04,25.0,38,Evac Area 2
9,Vessel 4,9,Safe Area 2 Harbor,Evac Area 2 Marina,169.04,181.04,181.04,186.04,25.0,0,None
10,Vessel 4,10,Evac Area 2 Marina,Safe Area 2 Harbor,186.04,198.04,198.04,203.04,25.0,38,Evac Area 2
11,Vessel 4,11,Safe Area 2 Harbor,Evac Area 2 Marina,203.04,215.04,215.04,220.04,25.0,0,None
12,Vessel 4,12,Evac Area 2 Marina,Safe Area 2 Harbor,220.04,232.04,232.04,237.04,25.0,38,Evac Area 2
13,Vessel 4,13,Safe Area 2 Harbor,Evac Area 2 Marina,237.04,249.04,249.04,254.04,25.0,0,None
14,Vessel 4,14,Evac Area 2 Marina,Safe Area 2 Harbor,254.04,266.03999999999996,266.03999999999996,271.03999999999996,25.0,38,Evac Area 2
15,Vessel 4,15,Safe Area 2 Harbor,Evac Area 2 Marina,271.03999999999996,283.03999999999996,283.03999999999996,288.03999999999996,25.0,0,None
16,Vessel 4,16,Evac Area 2 Marina,Safe Area 2 Harbor,288.03999999999996,300.03999999999996,300.03999999999996,305.03999999999996,25.0,38,Evac Area 2
17,Vessel 4,17,Safe Area 2 Harbor,Evac Area 2 Marina,305.03999999999996,317.03999999999996,317.03999999999996,322.03999999999996,25.0,0,None
18,Vessel 4,18,Evac Area 2 Marina,Safe Area 2 Harbor,322.03999999999996,334.03999999999996,334.03999999999996,339.03999999999996,25.0,38,Evac Area 2
19,Vessel 4,19,Safe Area 2 Harbor,Evac Area 2 Marina,339.03999999999996,351.03999999999996,351.03999999999996,356.03999999999996,25.0,0,None
20,Vessel 4,20,Evac Area 2 Marina,Safe Area 2 Harbor,356.03999999999996,368.03999999999996,368.03999999999996,373.03999999999996,25.0,38,Evac Area 2
21,Vessel 4,21,Safe Area 2 Harbor,Evac Area 4 Dock,373.03999999999996,391.28,391.28,396.28,25.0,0,None
22,Vessel 4,22,Evac Area 4 Dock,Safe Area 3 Marina,396.28,414.28,414.28,419.28,25.0,38,Evac Area 4
1,Vessel 5,1,Safe Area 1 Terminal,Evac Area 4 Dock,30.0,60.0,60.0,70.0,18.0,0,None
2,Vessel 5,2,Evac Area 4 Dock,Safe Area 2 Harbor,70.0,95.33333333333333,95.33333333333333,105.33333333333333,18.0,120,Evac Area 4
3,Vessel 5,3,Safe Area 2 Harbor,Evac Area 2 Marina,105.33333333333333,122.0,122.0,132.0,18.0,0,None
4,Vessel 5,4,Evac Area 2 Marina,Safe Area 2 Harbor,132.0,148.66666666666666,148.66666666666666,158.66666666666666,18.0,120,Evac Area 2
5,Vessel 5,5,Safe Area 2 Harbor,Evac Area 2 Marina,158.66666666666666,175.33333333333331,175.33333333333331,185.33333333333331,18.0,0,None
6,Vessel 5,6,Evac Area 2 Marina,Safe Area 2 Harbor,185.33333333333331,201.99999999999997,201.99999999999997,211.99999999999997,18.0,119,Evac Area 2
7,Vessel 5,7,Safe Area 2 Harbor,Evac Area 4 Dock,211.99999999999997,237.33333333333331,237.33333333333331,247.33333333333331,18.0,0,None
8,Vessel 5,8,Evac Area 4 Dock,Safe Area 3 Marina,247.33333333333331,272.3333333333333,272.3333333333333,282.3333333333333,18.0,120,Evac Area 4
9,Vessel 5,9,Safe Area 3 Marina,Evac Area 4 Dock,282.3333333333333,307.3333333333333,307.3333333333333,317.3333333333333,18.0,0,None
10,Vessel 5,10,Evac Area 4 Dock,Safe Area 3 Marina,317.3333333333333,342.3333333333333,342.3333333333333,352.3333333333333,18.0,120,Evac Area 4
11,Vessel 5,11,Safe Area 3 Marina,Evac Area 4 Dock,352.3333333333333,377.3333333333333,377.3333333333333,387.3333333333333,18.0,0,None
12,Vessel 5,12,Evac Area 4 Dock,Safe Area 3 Marina,387.3333333333333,412.3333333333333,412.3333333333333,422.3333333333333,18.0,120,Evac Area 4
1,Vessel 6,1,Safe Area 1 Terminal,Evac Area 3 Dock,30.0,42.0,42.0,45.0,25.0,0,None
2,Vessel 6,2,Evac Area 3 Dock,Safe Area 3 Marina,45.0,55.8,55.8,58.8,25.0,12,Evac Area 3
3,Vessel 6,3,Safe Area 3 Marina,Evac Area 4 Dock,58.8,76.8,76.8,79.8,25.0,0,None
4,Vessel 6,4,Evac Area 4 Dock,Safe Area 2 Harbor,79.8,98.03999999999999,98.03999999999999,101.03999999999999,25.0,8,Evac Area 4
5,Vessel 6,5,Safe Area 2 Harbor,Evac Area 2 Marina,101.03999999999999,113.03999999999999,113.03999999999999,116.03999999999999,25.0,0,None
6,Vessel 6,6,Evac Area 2 Marina,Safe Area 2 Harbor,116.03999999999999,128.04,128.04,131.04,25.0,12,Evac Area 2
7,Vessel 6,7,Safe Area 2 Harbor,Evac Area 2 Marina,131.04,143.04,143.04,146.04,25.0,0,None
8,Vessel 6,8,Evac Area 2 Marina,Safe Area 2 Harbor,146.04,158.04,158.04,161.04,25.0,12,Evac Area 2
9,Vessel 6,9,Safe Area 2 Harbor,Evac Area 2 Marina,161.04,173.04,173.04,176.04,25.0,0,None
10,Vessel 6,10,Evac Area 2 Marina,Safe Area 2 Harbor,176.04,188.04,188.04,191.04,25.0,12,Evac Area 2
11,Vessel 6,11,Safe Area 2 Harbor,Evac Area 4 Dock,191.04,209.28,209.28,212.28,25.0,0,None
12,Vessel 6,12,Evac Area 4 Dock,Safe Area 2 Harbor,212.28,230.52,230.52,233.52,25.0,12,Evac Area 4
13,Vessel 6,13,Safe Area 2 Harbor,Evac Area 4 Beach,233.52,251.76000000000002,251.76000000000002,254.76000000000002,25.0,0,None
14,Vessel 6,14,Evac Area 4 Beach,Safe Area 2 Harbor,254.76000000000002,273.0,273.0,276.0,25.0,12,Evac Area 4
15,Vessel 6,15,Safe Area 2 Harbor,Evac Area 2 Marina,276.0,288.0,288.0,291.0,25.0,0,None
16,Vessel 6,16,Evac Area 2 Marina,Safe Area 2 Harbor,291.0,303.0,303.0,306.0,25.0,12,Evac Area 2
17,Vessel 6,17,Safe Area 2 Harbor,Evac Area 2 Marina,306.0,318.0,318.0,321.0,25.0,0,None
18,Vessel 6,18,Evac Area 2 Marina,Safe Area 2 Harbor,321.0,333.0,333.0,336.0,25.0,12,Evac Area 2
19,Vessel 6,19,Safe Area 2 Harbor,Evac Area 2 Marina,336.0,348.0,348.0,351.0,25.0,0,None
20,Vessel 6,20,Evac Area 2 Marina,Safe Area 3 Marina,351.0,367.8,367.8,370.8,25.0,12,Evac Area 2
