segment_id,resource_id,route_segment_id,origin,destination,route_start_time,route_end_time,load_start_time,load_end_time,resource_speed,evacuees,evacuated_location,post_run_correction
1,Vessel 1,1,Safe Area 1 Terminal,Evac Area 1 Ferry Terminal,10.0,24.0,24.0,34.0,12.0,0,None,
2,Vessel 1,2,Evac Area 1 Ferry Terminal,Safe Area 1 Terminal,34.0,48.0,48.0,58.0,12.0,1,Evac Area 1,
1,Vessel 2,1,Safe Area 2 Harbor,Evac Area 4 Beach,10.0,28.24000000000001,28.24000000000001,31.24000000000001,25.0,0,None,
2,Vessel 2,2,Evac Area 4 Beach,Safe Area 3 Marina,31.24000000000001,49.24000000000001,49.24000000000001,52.24000000000001,25.0,12,Evac Area 4,
3,Vessel 2,3,Safe Area 3 Marina,Evac Area 4 Beach,52.24000000000001,70.24000000000001,70.24000000000001,73.24000000000001,25.0,0,None,
4,Vessel 2,4,Evac Area 4 Beach,Safe Area 3 Marina,73.24000000000001,91.24000000000001,91.24000000000001,94.24000000000001,25.0,12,Evac Area 4,
5,Vessel 2,5,Safe Area 3 Marina,Evac Area 4 Dock,94.24000000000001,112.24000000000001,112.24000000000001,115.24000000000001,25.0,0,None,
6,Vessel 2,6,Evac Area 4 Dock,Safe Area 3 Marina,115.24000000000001,133.24,133.24,136.24,25.0,12,Evac Area 4,
7,Vessel 2,7,Safe Area 3 Marina,Evac Area 4 Dock,136.24,154.24,154.24,157.24,25.0,0,None,
8,Vessel 2,8,Evac Area 4 Dock,Safe Area 2 Harbor,157.24,175.48000000000002,175.48000000000002,178.48000000000002,25.0,12,Evac Area 4,
9,Vessel 2,9,Safe Area 2 Harbor,Evac Area 2 Marina,178.48000000000002,190.48000000000002,190.48000000000002,193.48000000000002,25.0,0,None,
10,Vessel 2,10,Evac Area 2 Marina,Safe Area 2 Harbor,193.48000000000002,205.48000000000002,205.48000000000002,208.48000000000002,25.0,1,Evac Area 2,
11,Vessel 2,11,Safe Area 2 Harbor,Evac Area 4 Beach,208.48000000000002,226.72000000000003,226.72000000000003,229.72000000000003,25.0,0,None,
12,Vessel 2,12,Evac Area 4 Beach,Safe Area 3 Marina,229.72000000000003,247.72000000000003,247.72000000000003,250.72000000000003,25.0,12,Evac Area 4,
13,Vessel 2,13,Safe Area 3 Marina,Evac Area 4 Dock,250.72000000000003,268.72,268.72,271.72,25.0,0,None,
14,Vessel 2,14,Evac Area 4 Dock,Safe Area 3 Marina,271.72,289.72,289.72,292.72,25.0,12,Evac Area 4,
15,Vessel 2,15,Safe Area 3 Marina,Evac Area 4 Beach,292.72,310.72,310.72,313.72,25.0,0,None,
16,Vessel 2,16,Evac Area 4 Beach,Safe Area 2 Harbor,313.72,331.96000000000004,331.96000000000004,334.96000000000004,25.0,12,Evac Area 4,
17,Vessel 2,17,Safe Area 2 Harbor,Evac Area 4 Dock,334.96000000000004,353.20000000000005,353.20000000000005,356.20000000000005,25.0,0,None,
18,Vessel 2,18,Evac Area 4 Dock,Safe Area 3 Marina,356.20000000000005,374.2000000000001,374.2000000000001,377.2000000000001,25.0,12,Evac Area 4,
19,Vessel 2,19,Safe Area 3 Marina,Evac Area 4 Beach,377.2000000000001,395.2000000000001,395.2000000000001,398.2000000000001,25.0,0,None,
20,Vessel 2,20,Evac Area 4 Beach,Safe Area 3 Marina,398.2000000000001,416.2000000000001,416.2000000000001,419.2000000000001,25.0,12,Evac Area 4,
21,Vessel 2,21,Safe Area 3 Marina,Evac Area 4 Beach,419.2000000000001,437.2000000000001,437.2000000000001,440.2000000000001,25.0,0,None,
22,Vessel 2,22,Evac Area 4 Beach,Safe Area 3 Marina,440.2000000000001,458.2000000000001,458.2000000000001,461.2000000000001,25.0,12,Evac Area 4,
23,Vessel 2,23,Safe Area 3 Marina,Evac Area 4 Dock,461.2000000000001,479.2000000000001,479.2000000000001,482.2000000000001,25.0,0,None,
24,Vessel 2,24,Evac Area 4 Dock,Safe Area 3 Marina,482.2000000000001,500.2000000000001,500.2000000000001,503.2000000000001,25.0,12,Evac Area 4,
25,Vessel 2,25,Safe Area 3 Marina,Evac Area 4 Beach,503.2000000000001,521.2,521.2,524.2,25.0,0,None,
26,Vessel 2,26,Evac Area 4 Beach,Safe Area 3 Marina,524.2,542.2,542.2,545.2,25.0,12,Evac Area 4,
27,Vessel 2,27,Safe Area 3 Marina,Evac Area 4 Dock,545.2,563.2,563.2,566.2,25.0,0,None,
28,Vessel 2,28,Evac Area 4 Dock,Safe Area 3 Marina,566.2,584.2,584.2,587.2,25.0,12,Evac Area 4,
29,Vessel 2,29,Safe Area 3 Marina,Evac Area 4 Dock,587.2,605.2,605.2,608.2,25.0,0,None,
30,Vessel 2,30,Evac Area 4 Dock,Safe Area 3 Marina,608.2,626.2,626.2,629.2,25.0,12,Evac Area 4,
31,Vessel 2,31,Safe Area 3 Marina,Evac Area 4 Dock,629.2,647.2,647.2,650.2,25.0,0,None,
32,Vessel 2,32,Evac Area 4 Dock,Safe Area 3 Marina,650.2,668.2,668.2,671.2,25.0,12,Evac Area 4,
33,Vessel 2,33,Safe Area 3 Marina,Evac Area 4 Beach,671.2,689.2,689.2,692.2,25.0,0,None,
34,Vessel 2,34,Evac Area 4 Beach,Safe Area 3 Marina,692.2,710.2,710.2,713.2,25.0,12,Evac Area 4,
1,Vessel 3,1,Safe Area 3 Marina,Evac Area 4 Dock,60.0,78.0,78.0,81.0,25.0,0,None,
2,Vessel 3,2,Evac Area 4 Dock,Safe Area 2 Harbor,81.0,99.24000000000001,99.24000000000001,102.24000000000001,25.0,12,Evac Area 4,
3,Vessel 3,3,Safe Area 2 Harbor,Evac Area 2 Marina,102.24000000000001,114.24000000000001,114.24000000000001,117.24000000000001,25.0,0,None,
4,Vessel 3,4,Evac Area 2 Marina,Safe Area 2 Harbor,117.24000000000001,129.24,129.24,132.24,25.0,12,Evac Area 2,
5,Vessel 3,5,Safe Area 2 Harbor,Evac Area 2 Marina,132.24,144.24,144.24,147.24,25.0,0,None,
6,Vessel 3,6,Evac Area 2 Marina,Safe Area 2 Harbor,147.24,159.24,159.24,162.24,25.0,12,Evac Area 2,
7,Vessel 3,7,Safe Area 2 Harbor,Evac Area 2 Marina,162.24,174.24,174.24,177.24,25.0,0,None,
8,Vessel 3,8,Evac Area 2 Marina,Safe Area 2 Harbor,177.24,189.24,189.24,192.24,25.0,12,Evac Area 2,
9,Vessel 3,9,Safe Area 2 Harbor,Evac Area 4 Dock,192.24,210.48000000000002,210.48000000000002,213.48000000000002,25.0,0,None,
10,Vessel 3,10,Evac Area 4 Dock,Safe Area 3 Marina,213.48000000000002,231.48000000000002,231.48000000000002,234.48000000000002,25.0,12,Evac Area 4,
11,Vessel 3,11,Safe Area 3 Marina,Evac Area 4 Beach,234.48000000000002,252.48000000000002,252.48000000000002,255.48000000000002,25.0,0,None,
12,Vessel 3,12,Evac Area 4 Beach,Safe Area 3 Marina,255.48000000000002,273.48,273.48,276.48,25.0,12,Evac Area 4,
13,Vessel 3,13,Safe Area 3 Marina,Evac Area 4 Beach,276.48,294.48,294.48,297.48,25.0,0,None,
14,Vessel 3,14,Evac Area 4 Beach,Safe Area 3 Marina,297.48,315.48,315.48,318.48,25.0,12,Evac Area 4,
15,Vessel 3,15,Safe Area 3 Marina,Evac Area 4 Dock,318.48,336.48,336.48,339.48,25.0,0,None,
16,Vessel 3,16,Evac Area 4 Dock,Safe Area 3 Marina,339.48,357.48,357.48,360.48,25.0,12,Evac Area 4,
17,Vessel 3,17,Safe Area 3 Marina,Evac Area 4 Dock,360.48,378.48,378.48,381.48,25.0,0,None,
18,Vessel 3,18,Evac Area 4 Dock,Safe Area 3 Marina,381.48,399.48,399.48,402.48,25.0,12,Evac Area 4,
19,Vessel 3,19,Safe Area 3 Marina,Evac Area 3 Dock,402.48,413.28,413.28,416.28,25.0,0,None,
20,Vessel 3,20,Evac Area 3 Dock,Safe Area 3 Marina,416.28,427.08,427.08,430.08,25.0,11,Evac Area 3,
21,Vessel 3,21,Safe Area 3 Marina,Evac Area 3 Dock,430.08,440.88000000000005,440.88000000000005,443.88000000000005,25.0,0,None,
22,Vessel 3,22,Evac Area 3 Dock,Safe Area 3 Marina,443.88000000000005,454.68000000000006,454.68000000000006,457.68000000000006,25.0,12,Evac Area 3,
23,Vessel 3,23,Safe Area 3 Marina,Evac Area 4 Beach,457.68000000000006,475.68000000000006,475.68000000000006,478.68000000000006,25.0,0,None,
24,Vessel 3,24,Evac Area 4 Beach,Safe Area 3 Marina,478.68000000000006,496.68000000000006,496.68000000000006,499.68000000000006,25.0,12,Evac Area 4,
25,Vessel 3,25,Safe Area 3 Marina,Evac Area 4 Dock,499.68000000000006,517.6800000000001,517.6800000000001,520.6800000000001,25.0,0,None,
26,Vessel 3,26,Evac Area 4 Dock,Safe Area 3 Marina,520.6800000000001,538.6800000000001,538.6800000000001,541.6800000000001,25.0,12,Evac Area 4,
27,Vessel 3,27,Safe Area 3 Marina,Evac Area 4 Beach,541.6800000000001,559.6800000000001,559.6800000000001,562.6800000000001,25.0,0,None,
28,Vessel 3,28,Evac Area 4 Beach,Safe Area 2 Harbor,562.6800000000001,580.9200000000001,580.9200000000001,583.9200000000001,25.0,12,Evac Area 4,
29,Vessel 3,29,Safe Area 2 Harbor,Evac Area 2 Marina,583.9200000000001,595.9200000000001,595.9200000000001,598.9200000000001,25.0,0,None,
30,Vessel 3,30,Evac Area 2 Marina,Safe Area 2 Harbor,598.9200000000001,610.9200000000001,610.9200000000001,613.9200000000001,25.0,12,Evac Area 2,
31,Vessel 3,31,Safe Area 2 Harbor,Evac Area 2 Marina,613.9200000000001,625.9200000000001,625.9200000000001,628.9200000000001,25.0,0,None,
32,Vessel 3,32,Evac Area 2 Marina,Safe Area 2 Harbor,628.9200000000001,640.9200000000001,640.9200000000001,643.9200000000001,25.0,12,Evac Area 2,
33,Vessel 3,33,Safe Area 2 Harbor,Evac Area 2 Marina,643.9200000000001,655.9200000000001,655.9200000000001,658.9200000000001,25.0,0,None,
34,Vessel 3,34,Evac Area 2 Marina,Safe Area 2 Harbor,658.9200000000001,670.9200000000001,670.9200000000001,673.9200000000001,25.0,12,Evac Area 2,
35,Vessel 3,35,Safe Area 2 Harbor,Evac Area 2 Marina,673.9200000000001,685.9200000000001,685.9200000000001,688.9200000000001,25.0,0,None,
36,Vessel 3,36,Evac Area 2 Marina,Safe Area 2 Harbor,688.9200000000001,700.9200000000001,700.9200000000001,703.9200000000001,25.0,12,Evac Area 2,
1,Vessel 4,1,Safe Area 1 Terminal,Evac Area 3 Dock,10.0,22.0,22.0,27.0,25.0,0,None,
2,Vessel 4,2,Evac Area 3 Dock,Safe Area 3 Marina,27.0,37.799999999999955,37.799999999999955,42.799999999999955,25.0,38,Evac Area 3,
3,Vessel 4,3,Safe Area 3 Marina,Evac Area 4 Dock,42.799999999999955,60.799999999999955,60.799999999999955,65.79999999999995,25.0,0,None,
4,Vessel 4,4,Evac Area 4 Dock,Safe Area 3 Marina,65.79999999999995,83.79999999999995,83.79999999999995,88.79999999999995,25.0,38,Evac Area 4,
5,Vessel 4,5,Safe Area 3 Marina,Evac Area 4 Dock,88.79999999999995,106.79999999999995,106.79999999999995,111.79999999999995,25.0,0,None,
6,Vessel 4,6,Evac Area 4 Dock,Safe Area 3 Marina,111.79999999999995,129.79999999999995,129.79999999999995,134.79999999999995,25.0,38,Evac Area 4,
7,Vessel 4,7,Safe Area 3 Marina,Evac Area 4 Dock,134.79999999999995,152.79999999999995,152.79999999999995,157.79999999999995,25.0,0,None,
8,Vessel 4,8,Evac Area 4 Dock,Safe Area 3 Marina,157.79999999999995,175.79999999999995,175.79999999999995,180.79999999999995,25.0,38,Evac Area 4,
9,Vessel 4,9,Safe Area 3 Marina,Evac Area 4 Dock,180.79999999999995,198.79999999999995,198.79999999999995,203.79999999999995,25.0,0,None,
10,Vessel 4,10,Evac Area 4 Dock,Safe Area 3 Marina,203.79999999999995,221.8,221.8,226.8,25.0,38,Evac Area 4,
11,Vessel 4,11,Safe Area 3 Marina,Evac Area 4 Dock,226.8,244.8,244.8,249.8,25.0,0,None,
12,Vessel 4,12,Evac Area 4 Dock,Safe Area 3 Marina,249.8,267.8,267.8,272.8,25.0,38,Evac Area 4,
13,Vessel 4,13,Safe Area 3 Marina,Evac Area 4 Dock,272.8,290.8,290.8,295.8,25.0,0,None,
14,Vessel 4,14,Evac Area 4 Dock,Safe Area 3 Marina,295.8,313.8,313.8,318.8,25.0,38,Evac Area 4,
15,Vessel 4,15,Safe Area 3 Marina,Evac Area 4 Dock,318.8,336.8,336.8,341.8,25.0,0,None,
16,Vessel 4,16,Evac Area 4 Dock,Safe Area 3 Marina,341.8,359.8,359.8,364.8,25.0,38,Evac Area 4,
17,Vessel 4,17,Safe Area 3 Marina,Evac Area 4 Dock,364.8,382.8,382.8,387.8,25.0,0,None,
18,Vessel 4,18,Evac Area 4 Dock,Safe Area 3 Marina,387.8,405.8,405.8,410.8,25.0,38,Evac Area 4,
19,Vessel 4,19,Safe Area 3 Marina,Evac Area 4 Dock,410.8,428.8,428.8,433.8,25.0,0,None,
20,Vessel 4,20,Evac Area 4 Dock,Safe Area 3 Marina,433.8,451.8,451.8,456.8,25.0,38,Evac Area 4,
21,Vessel 4,21,Safe Area 3 Marina,Evac Area 4 Dock,456.8,474.8,474.8,479.8,25.0,0,None,
22,Vessel 4,22,Evac Area 4 Dock,Safe Area 3 Marina,479.8,497.8,497.8,502.8,25.0,38,Evac Area 4,
23,Vessel 4,23,Safe Area 3 Marina,Evac Area 4 Dock,502.8,520.8,520.8,525.8,25.0,0,None,
24,Vessel 4,24,Evac Area 4 Dock,Safe Area 3 Marina,525.8,543.8,543.8,548.8,25.0,38,Evac Area 4,
25,Vessel 4,25,Safe Area 3 Marina,Evac Area 4 Dock,548.8,566.8,566.8,571.8,25.0,0,None,
26,Vessel 4,26,Evac Area 4 Dock,Safe Area 3 Marina,571.8,589.8,589.8,594.8,25.0,38,Evac Area 4,
27,Vessel 4,27,Safe Area 3 Marina,Evac Area 4 Dock,594.8,612.8,612.8,617.8,25.0,0,None,
28,Vessel 4,28,Evac Area 4 Dock,Safe Area 3 Marina,617.8,635.8,635.8,640.8,25.0,38,Evac Area 4,
29,Vessel 4,29,Safe Area 3 Marina,Evac Area 4 Dock,640.8,658.8,658.8,663.8,25.0,0,None,
30,Vessel 4,30,Evac Area 4 Dock,Safe Area 2 Harbor,663.8,682.04,682.04,687.04,25.0,38,Evac Area 4,
31,Vessel 4,31,Safe Area 2 Harbor,Evac Area 2 Marina,687.04,699.04,699.04,704.04,25.0,0,None,
32,Vessel 4,32,Evac Area 2 Marina,Safe Area 2 Harbor,704.04,716.04,716.04,721.04,25.0,38,Evac Area 2,
1,Vessel 5,1,Safe Area 1 Terminal,Evac Area 4 Dock,30.0,60.0,60.0,70.0,18.0,0,None,
2,Vessel 5,2,Evac Area 4 Dock,Safe Area 3 Marina,70.0,95.0,95.0,105.0,18.0,120,Evac Area 4,
3,Vessel 5,3,Safe Area 3 Marina,Evac Area 4 Dock,105.0,130.0,130.0,140.0,18.0,0,None,
4,Vessel 5,4,Evac Area 4 Dock,Safe Area 3 Marina,140.0,165.0,165.0,175.0,18.0,120,Evac Area 4,
5,Vessel 5,5,Safe Area 3 Marina,Evac Area 4 Dock,175.0,200.0,200.0,210.0,18.0,0,None,
6,Vessel 5,6,Evac Area 4 Dock,Safe Area 3 Marina,210.0,235.0,235.0,245.0,18.0,120,Evac Area 4,
7,Vessel 5,7,Safe Area 3 Marina,Evac Area 4 Dock,245.0,270.0,270.0,280.0,18.0,0,None,
8,Vessel 5,8,Evac Area 4 Dock,Safe Area 3 Marina,280.0,305.0,305.0,315.0,18.0,120,Evac Area 4,
9,Vessel 5,9,Safe Area 3 Marina,Evac Area 4 Dock,315.0,340.0,340.0,350.0,18.0,0,None,
10,Vessel 5,10,Evac Area 4 Dock,Safe Area 3 Marina,350.0,375.0,375.0,385.0,18.0,120,Evac Area 4,
11,Vessel 5,11,Safe Area 3 Marina,Evac Area 4 Dock,385.0,410.0,410.0,420.0,18.0,0,None,
12,Vessel 5,12,Evac Area 4 Dock,Safe Area 3 Marina,420.0,445.0,445.0,455.0,18.0,120,Evac Area 4,
13,Vessel 5,13,Safe Area 3 Marina,Evac Area 4 Dock,455.0,480.0,480.0,490.0,18.0,0,None,
14,Vessel 5,14,Evac Area 4 Dock,Safe Area 3 Marina,490.0,515.0,515.0,525.0,18.0,120,Evac Area 4,
15,Vessel 5,15,Safe Area 3 Marina,Evac Area 4 Dock,525.0,550.0,550.0,560.0,18.0,0,None,
16,Vessel 5,16,Evac Area 4 Dock,Safe Area 3 Marina,560.0,585.0,585.0,595.0,18.0,120,Evac Area 4,
17,Vessel 5,17,Safe Area 3 Marina,Evac Area 4 Dock,595.0,620.0,620.0,630.0,18.0,0,None,
18,Vessel 5,18,Evac Area 4 Dock,Safe Area 3 Marina,630.0,655.0,655.0,665.0,18.0,120,Evac Area 4,
1,Vessel 6,1,Safe Area 1 Terminal,Evac Area 3 Dock,30.0,42.0,42.0,45.0,25.0,0,None,
2,Vessel 6,2,Evac Area 3 Dock,Safe Area 3 Marina,45.0,55.799999999999955,55.799999999999955,58.799999999999955,25.0,12,Evac Area 3,
3,Vessel 6,3,Safe Area 3 Marina,Evac Area 3 Dock,58.799999999999955,69.60000000000002,69.60000000000002,72.60000000000002,25.0,0,None,
4,Vessel 6,4,Evac Area 3 Dock,Safe Area 3 Marina,72.60000000000002,83.39999999999998,83.39999999999998,86.39999999999998,25.0,12,Evac Area 3,
5,Vessel 6,5,Safe Area 3 Marina,Evac Area 4 Beach,86.39999999999998,104.39999999999998,104.39999999999998,107.39999999999998,25.0,0,None,
6,Vessel 6,6,Evac Area 4 Beach,Safe Area 3 Marina,107.39999999999998,125.39999999999998,125.39999999999998,128.39999999999998,25.0,12,Evac Area 4,
7,Vessel 6,7,Safe Area 3 Marina,Evac Area 4 Beach,128.39999999999998,146.39999999999998,146.39999999999998,149.39999999999998,25.0,0,None,
8,Vessel 6,8,Evac Area 4 Beach,Safe Area 3 Marina,149.39999999999998,167.39999999999998,167.39999999999998,170.39999999999998,25.0,12,Evac Area 4,
9,Vessel 6,9,Safe Area 3 Marina,Evac Area 4 Beach,170.39999999999998,188.39999999999998,188.39999999999998,191.39999999999998,25.0,0,None,
10,Vessel 6,10,Evac Area 4 Beach,Safe Area 3 Marina,191.39999999999998,209.39999999999998,209.39999999999998,212.39999999999998,25.0,12,Evac Area 4,
11,Vessel 6,11,Safe Area 3 Marina,Evac Area 4 Beach,212.39999999999998,230.39999999999998,230.39999999999998,233.39999999999998,25.0,0,None,
12,Vessel 6,12,Evac Area 4 Beach,Safe Area 3 Marina,233.39999999999998,251.39999999999998,251.39999999999998,254.39999999999998,25.0,12,Evac Area 4,
13,Vessel 6,13,Safe Area 3 Marina,Evac Area 4 Dock,254.39999999999998,272.4,272.4,275.4,25.0,0,None,
14,Vessel 6,14,Evac Area 4 Dock,Safe Area 3 Marina,275.4,293.4,293.4,296.4,25.0,12,Evac Area 4,
15,Vessel 6,15,Safe Area 3 Marina,Evac Area 4 Beach,296.4,314.4,314.4,317.4,25.0,0,None,
16,Vessel 6,16,Evac Area 4 Beach,Safe Area 3 Marina,317.4,335.4,335.4,338.4,25.0,12,Evac Area 4,
17,Vessel 6,17,Safe Area 3 Marina,Evac Area 4 Beach,338.4,356.4,356.4,359.4,25.0,0,None,
18,Vessel 6,18,Evac Area 4 Beach,Safe Area 3 Marina,359.4,377.4,377.4,380.4,25.0,12,Evac Area 4,
19,Vessel 6,19,Safe Area 3 Marina,Evac Area 4 Beach,380.4,398.4,398.4,401.4,25.0,0,None,
20,Vessel 6,20,Evac Area 4 Beach,Safe Area 3 Marina,401.4,419.4,419.4,422.4,25.0,12,Evac Area 4,
21,Vessel 6,21,Safe Area 3 Marina,Evac Area 4 Dock,422.4,440.4,440.4,443.4,25.0,0,None,
22,Vessel 6,22,Evac Area 4 Dock,Safe Area 3 Marina,443.4,461.4,461.4,464.4,25.0,12,Evac Area 4,
23,Vessel 6,23,Safe Area 3 Marina,Evac Area 4 Dock,464.4,482.4,482.4,485.4,25.0,0,None,
24,Vessel 6,24,Evac Area 4 Dock,Safe Area 3 Marina,485.4,503.4,503.4,506.4,25.0,12,Evac Area 4,
25,Vessel 6,25,Safe Area 3 Marina,Evac Area 4 Dock,506.4,524.4,524.4,527.4,25.0,0,None,
26,Vessel 6,26,Evac Area 4 Dock,Safe Area 3 Marina,527.4,545.4,545.4,548.4,25.0,12,Evac Area 4,
27,Vessel 6,27,Safe Area 3 Marina,Evac Area 4 Beach,548.4,566.4,566.4,569.4,25.0,0,None,
28,Vessel 6,28,Evac Area 4 Beach,Safe Area 3 Marina,569.4,587.4,587.4,590.4,25.0,12,Evac Area 4,
29,Vessel 6,29,Safe Area 3 Marina,Evac Area 4 Beach,590.4,608.4,608.4,611.4,25.0,0,None,
30,Vessel 6,30,Evac Area 4 Beach,Safe Area 3 Marina,611.4,629.4,629.4,632.4,25.0,12,Evac Area 4,
31,Vessel 6,31,Safe Area 3 Marina,Evac Area 4 Dock,632.4,650.4,650.4,653.4,25.0,0,None,
32,Vessel 6,32,Evac Area 4 Dock,Safe Area 3 Marina,653.4,671.4,671.4,674.4,25.0,9,Evac Area 4,
33,Vessel 6,33,Safe Area 3 Marina,Evac Area 4 Dock,674.4,692.4,692.4,695.4,25.0,0,None,
34,Vessel 6,34,Evac Area 4 Dock,Safe Area 3 Marina,695.4,713.4,713.4,716.4,25.0,12,Evac Area 4,
