segment_id,resource_id,route_segment_id,origin,destination,route_start_time,route_end_time,load_start_time,load_end_time,resource_speed,evacuees,evacuated_location
1,Vessel 1,1,Safe Area 1 Terminal,Evac Area 1 Ferry Terminal,10.0,24.0,24.0,34.0,12.0,0,None
2,Vessel 1,2,Evac Area 1 Ferry Terminal,Safe Area 1 Terminal,34.0,48.0,48.0,58.0,12.0,1,Evac Area 1
1,Vessel 2,1,Safe Area 2 Harbor,Evac Area 4 Beach,10.0,28.239999999999995,28.239999999999995,31.239999999999995,25.0,0,None
2,Vessel 2,2,Evac Area 4 Beach,Safe Area 2 Harbor,31.239999999999995,49.47999999999999,49.47999999999999,52.47999999999999,25.0,12,Evac Area 4
3,Vessel 2,3,Safe Area 2 Harbor,Evac Area 2 Marina,52.47999999999999,64.47999999999999,64.47999999999999,67.47999999999999,25.0,0,None
4,Vessel 2,4,Evac Area 2 Marina,Safe Area 2 Harbor,67.47999999999999,79.47999999999999,79.47999999999999,82.47999999999999,25.0,12,Evac Area 2
1,Vessel 2,1,Safe Area 2 Harbor,Evac Area 4 Dock,82.47999999999999,100.71999999999998,100.71999999999998,103.71999999999998,25.0,0,None
2,Vessel 2,2,Evac Area 4 Dock,Safe Area 2 Harbor,103.71999999999998,121.95999999999998,121.95999999999998,124.95999999999998,25.0,12,Evac Area 4
1,Vessel 3,1,Safe Area 3 Marina,Evac Area 4 Beach,60.0,78.0,78.0,81.0,25.0,0,None
2,Vessel 3,2,Evac Area 4 Beach,Safe Area 3 Marina,81.0,99.0,99.0,102.0,25.0,12,Evac Area 4
1,Vessel 3,1,Safe Area 3 Marina,Evac Area 4 Beach,102.0,120.0,120.0,123.0,25.0,0,None
2,Vessel 3,2,Evac Area 4 Beach,Safe Area 2 Harbor,123.0,141.24,141.24,144.24,25.0,12,Evac Area 4
1,Vessel 4,1,Safe Area 1 Terminal,Evac Area 3 Dock,10.0,22.0,22.0,27.0,25.0,0,None
2,Vessel 4,2,Evac Area 3 Dock,Safe Area 3 Marina,27.0,37.8,37.8,42.8,25.0,27,Evac Area 3
3,Vessel 4,3,Safe Area 3 Marina,Evac Area 4 Dock,42.8,60.8,60.8,65.8,25.0,0,None
4,Vessel 4,4,Evac Area 4 Dock,Safe Area 3 Marina,65.8,83.8,83.8,88.8,25.0,38,Evac Area 4
1,Vessel 4,1,Safe Area 3 Marina,Evac Area 4 Dock,88.8,106.8,106.8,111.8,25.0,0,None
2,Vessel 4,2,Evac Area 4 Dock,Safe Area 3 Marina,111.8,129.8,129.8,134.8,25.0,38,Evac Area 4
1,Vessel 5,1,Safe Area 1 Terminal,Evac Area 4 Dock,30.0,60.0,60.0,70.0,18.0,0,None
2,Vessel 5,2,Evac Area 4 Dock,Safe Area 3 Marina,70.0,95.0,95.0,105.0,18.0,120,Evac Area 4
1,Vessel 5,1,Safe Area 3 Marina,Evac Area 4 Dock,105.0,130.0,130.0,140.0,18.0,0,None
2,Vessel 5,2,Evac Area 4 Dock,Safe Area 3 Marina,140.0,165.0,165.0,175.0,18.0,120,Evac Area 4
1,Vessel 6,1,Safe Area 1 Terminal,Evac Area 4 Dock,30.0,51.599999999999994,51.599999999999994,54.599999999999994,25.0,0,None
2,Vessel 6,2,Evac Area 4 Dock,Safe Area 3 Marina,54.599999999999994,72.6,72.6,75.6,25.0,12,Evac Area 4
1,Vessel 6,1,Safe Area 3 Marina,Evac Area 4 Beach,75.6,93.6,93.6,96.6,25.0,0,None
2,Vessel 6,2,Evac Area 4 Beach,Safe Area 2 Harbor,96.6,114.84,114.84,117.84,25.0,12,Evac Area 4
3,Vessel 6,3,Safe Area 2 Harbor,Evac Area 4 Beach,117.84,136.07999999999998,136.07999999999998,139.07999999999998,25.0,0,None
4,Vessel 6,4,Evac Area 4 Beach,Safe Area 2 Harbor,139.07999999999998,157.32,157.32,160.32,25.0,12,Evac Area 4
1,Vessel 2,1,Safe Area 2 Harbor,Evac Area 2 Marina,124.95999999999998,136.95999999999998,136.95999999999998,139.95999999999998,25.0,0,None
2,Vessel 2,2,Evac Area 2 Marina,Safe Area 2 Harbor,139.95999999999998,151.95999999999998,151.95999999999998,154.95999999999998,25.0,12,Evac Area 2
3,Vessel 2,3,Safe Area 2 Harbor,Evac Area 4 Dock,154.95999999999998,173.2,173.2,176.2,25.0,0,None
4,Vessel 2,4,Evac Area 4 Dock,Safe Area 3 Marina,176.2,194.2,194.2,197.2,25.0,12,Evac Area 4
5,Vessel 2,5,Safe Area 3 Marina,Evac Area 4 Beach,197.2,215.2,215.2,218.2,25.0,0,None
6,Vessel 2,6,Evac Area 4 Beach,Safe Area 3 Marina,218.2,236.2,236.2,239.2,25.0,12,Evac Area 4
7,Vessel 2,7,Safe Area 3 Marina,Evac Area 2 Marina,239.2,255.99999999999997,255.99999999999997,259.0,25.0,0,None
8,Vessel 2,8,Evac Area 2 Marina,Safe Area 2 Harbor,259.0,271.0,271.0,274.0,25.0,8,Evac Area 2
9,Vessel 2,9,Safe Area 2 Harbor,Evac Area 4 Beach,274.0,292.24,292.24,295.24,25.0,0,None
10,Vessel 2,10,Evac Area 4 Beach,Safe Area 3 Marina,295.24,313.24,313.24,316.24,25.0,12,Evac Area 4
11,Vessel 2,11,Safe Area 3 Marina,Evac Area 4 Beach,316.24,334.24,334.24,337.24,25.0,0,None
12,Vessel 2,12,Evac Area 4 Beach,Safe Area 3 Marina,337.24,355.24,355.24,358.24,25.0,12,Evac Area 4
13,Vessel 2,13,Safe Area 3 Marina,Evac Area 4 Dock,358.24,376.24,376.24,379.24,25.0,0,None
14,Vessel 2,14,Evac Area 4 Dock,Safe Area 3 Marina,379.24,397.24,397.24,400.24,25.0,12,Evac Area 4
15,Vessel 2,15,Safe Area 3 Marina,Evac Area 4 Beach,400.24,418.24,418.24,421.24,25.0,0,None
16,Vessel 2,16,Evac Area 4 Beach,Safe Area 3 Marina,421.24,439.24,439.24,442.24,25.0,12,Evac Area 4
17,Vessel 2,17,Safe Area 3 Marina,Evac Area 4 Beach,442.24,460.24,460.24,463.24,25.0,0,None
18,Vessel 2,18,Evac Area 4 Beach,Safe Area 3 Marina,463.24,481.24,481.24,484.24,25.0,12,Evac Area 4
19,Vessel 2,19,Safe Area 3 Marina,Evac Area 4 Dock,484.24,502.24,502.24,505.24,25.0,0,None
20,Vessel 2,20,Evac Area 4 Dock,Safe Area 3 Marina,505.24,523.24,523.24,526.24,25.0,12,Evac Area 4
21,Vessel 2,21,Safe Area 3 Marina,Evac Area 4 Dock,526.24,544.24,544.24,547.24,25.0,0,None
22,Vessel 2,22,Evac Area 4 Dock,Safe Area 3 Marina,547.24,565.24,565.24,568.24,25.0,12,Evac Area 4
23,Vessel 2,23,Safe Area 3 Marina,Evac Area 4 Dock,568.24,586.24,586.24,589.24,25.0,0,None
24,Vessel 2,24,Evac Area 4 Dock,Safe Area 3 Marina,589.24,607.24,607.24,610.24,25.0,12,Evac Area 4
25,Vessel 2,25,Safe Area 3 Marina,Evac Area 4 Beach,610.24,628.24,628.24,631.24,25.0,0,None
26,Vessel 2,26,Evac Area 4 Beach,Safe Area 3 Marina,631.24,649.24,649.24,652.24,25.0,12,Evac Area 4
1,Vessel 3,1,Safe Area 2 Harbor,Evac Area 4 Beach,144.24,162.48000000000002,162.48000000000002,165.48000000000002,25.0,0,None
2,Vessel 3,2,Evac Area 4 Beach,Safe Area 3 Marina,165.48000000000002,183.48000000000002,183.48000000000002,186.48000000000002,25.0,12,Evac Area 4
3,Vessel 3,3,Safe Area 3 Marina,Evac Area 4 Dock,186.48000000000002,204.48000000000002,204.48000000000002,207.48000000000002,25.0,0,None
4,Vessel 3,4,Evac Area 4 Dock,Safe Area 3 Marina,207.48000000000002,225.48000000000002,225.48000000000002,228.48000000000002,25.0,12,Evac Area 4
5,Vessel 3,5,Safe Area 3 Marina,Evac Area 4 Beach,228.48000000000002,246.48000000000002,246.48000000000002,249.48000000000002,25.0,0,None
6,Vessel 3,6,Evac Area 4 Beach,Safe Area 2 Harbor,249.48000000000002,267.72,267.72,270.72,25.0,12,Evac Area 4
7,Vessel 3,7,Safe Area 2 Harbor,Evac Area 2 Marina,270.72,282.72,282.72,285.72,25.0,0,None
8,Vessel 3,8,Evac Area 2 Marina,Safe Area 2 Harbor,285.72,297.72,297.72,300.72,25.0,12,Evac Area 2
9,Vessel 3,9,Safe Area 2 Harbor,Evac Area 2 Marina,300.72,312.72,312.72,315.72,25.0,0,None
10,Vessel 3,10,Evac Area 2 Marina,Safe Area 2 Harbor,315.72,327.72,327.72,330.72,25.0,12,Evac Area 2
11,Vessel 3,11,Safe Area 2 Harbor,Evac Area 4 Beach,330.72,348.96000000000004,348.96000000000004,351.96000000000004,25.0,0,None
12,Vessel 3,12,Evac Area 4 Beach,Safe Area 2 Harbor,351.96000000000004,370.20000000000005,370.20000000000005,373.20000000000005,25.0,12,Evac Area 4
13,Vessel 3,13,Safe Area 2 Harbor,Evac Area 4 Beach,373.20000000000005,391.44000000000005,391.44000000000005,394.44000000000005,25.0,0,None
14,Vessel 3,14,Evac Area 4 Beach,Safe Area 3 Marina,394.44000000000005,412.44000000000005,412.44000000000005,415.44000000000005,25.0,12,Evac Area 4
15,Vessel 3,15,Safe Area 3 Marina,Evac Area 4 Beach,415.44000000000005,433.44000000000005,433.44000000000005,436.44000000000005,25.0,0,None
16,Vessel 3,16,Evac Area 4 Beach,Safe Area 3 Marina,436.44000000000005,454.44000000000005,454.44000000000005,457.44000000000005,25.0,12,Evac Area 4
17,Vessel 3,17,Safe Area 3 Marina,Evac Area 4 Beach,457.44000000000005,475.44000000000005,475.44000000000005,478.44000000000005,25.0,0,None
18,Vessel 3,18,Evac Area 4 Beach,Safe Area 2 Harbor,478.44000000000005,496.68000000000006,496.68000000000006,499.68000000000006,25.0,12,Evac Area 4
19,Vessel 3,19,Safe Area 2 Harbor,Evac Area 2 Marina,499.68000000000006,511.68000000000006,511.68000000000006,514.6800000000001,25.0,0,None
20,Vessel 3,20,Evac Area 2 Marina,Safe Area 2 Harbor,514.6800000000001,526.6800000000001,526.6800000000001,529.6800000000001,25.0,12,Evac Area 2
21,Vessel 3,21,Safe Area 2 Harbor,Evac Area 2 Marina,529.6800000000001,541.6800000000001,541.6800000000001,544.6800000000001,25.0,0,None
22,Vessel 3,22,Evac Area 2 Marina,Safe Area 2 Harbor,544.6800000000001,556.6800000000001,556.6800000000001,559.6800000000001,25.0,12,Evac Area 2
23,Vessel 3,23,Safe Area 2 Harbor,Evac Area 4 Beach,559.6800000000001,577.9200000000001,577.9200000000001,580.9200000000001,25.0,0,None
24,Vessel 3,24,Evac Area 4 Beach,Safe Area 2 Harbor,580.9200000000001,599.1600000000001,599.1600000000001,602.1600000000001,25.0,12,Evac Area 4
1,Vessel 4,1,Safe Area 3 Marina,Evac Area 4 Dock,134.8,152.8,152.8,157.8,25.0,0,None
2,Vessel 4,2,Evac Area 4 Dock,Safe Area 3 Marina,157.8,175.8,175.8,180.8,25.0,38,Evac Area 4
3,Vessel 4,3,Safe Area 3 Marina,Evac Area 4 Dock,180.8,198.8,198.8,203.8,25.0,0,None
4,Vessel 4,4,Evac Area 4 Dock,Safe Area 3 Marina,203.8,221.8,221.8,226.8,25.0,38,Evac Area 4
5,Vessel 4,5,Safe Area 3 Marina,Evac Area 4 Dock,226.8,244.8,244.8,249.8,25.0,0,None
6,Vessel 4,6,Evac Area 4 Dock,Safe Area 3 Marina,249.8,267.8,267.8,272.8,25.0,38,Evac Area 4
7,Vessel 4,7,Safe Area 3 Marina,Evac Area 4 Dock,272.8,290.8,290.8,295.8,25.0,0,None
8,Vessel 4,8,Evac Area 4 Dock,Safe Area 3 Marina,295.8,313.8,313.8,318.8,25.0,38,Evac Area 4
9,Vessel 4,9,Safe Area 3 Marina,Evac Area 4 Dock,318.8,336.8,336.8,341.8,25.0,0,None
10,Vessel 4,10,Evac Area 4 Dock,Safe Area 3 Marina,341.8,359.8,359.8,364.8,25.0,38,Evac Area 4
11,Vessel 4,11,Safe Area 3 Marina,Evac Area 4 Dock,364.8,382.8,382.8,387.8,25.0,0,None
12,Vessel 4,12,Evac Area 4 Dock,Safe Area 3 Marina,387.8,405.8,405.8,410.8,25.0,38,Evac Area 4
13,Vessel 4,13,Safe Area 3 Marina,Evac Area 4 Dock,410.8,428.8,428.8,433.8,25.0,0,None
14,Vessel 4,14,Evac Area 4 Dock,Safe Area 3 Marina,433.8,451.8,451.8,456.8,25.0,38,Evac Area 4
15,Vessel 4,15,Safe Area 3 Marina,Evac Area 4 Dock,456.8,474.8,474.8,479.8,25.0,0,None
16,Vessel 4,16,Evac Area 4 Dock,Safe Area 3 Marina,479.8,497.8,497.8,502.8,25.0,38,Evac Area 4
17,Vessel 4,17,Safe Area 3 Marina,Evac Area 4 Dock,502.8,520.8,520.8,525.8,25.0,0,None
18,Vessel 4,18,Evac Area 4 Dock,Safe Area 3 Marina,525.8,543.8,543.8,548.8,25.0,38,Evac Area 4
19,Vessel 4,19,Safe Area 3 Marina,Evac Area 4 Dock,548.8,566.8,566.8,571.8,25.0,0,None
20,Vessel 4,20,Evac Area 4 Dock,Safe Area 3 Marina,571.8,589.8,589.8,594.8,25.0,38,Evac Area 4
21,Vessel 4,21,Safe Area 3 Marina,Evac Area 4 Dock,594.8,612.8,612.8,617.8,25.0,0,None
22,Vessel 4,22,Evac Area 4 Dock,Safe Area 2 Harbor,617.8,636.04,636.04,641.04,25.0,38,Evac Area 4
1,Vessel 5,1,Safe Area 3 Marina,Evac Area 3 Dock,175.0,190.0,190.0,200.0,18.0,0,None
2,Vessel 5,2,Evac Area 3 Dock,Safe Area 1 Terminal,200.0,216.66666666666669,216.66666666666669,226.66666666666669,18.0,44,Evac Area 3
3,Vessel 5,3,Safe Area 1 Terminal,Evac Area 4 Dock,226.66666666666669,256.6666666666667,256.6666666666667,266.6666666666667,18.0,0,None
4,Vessel 5,4,Evac Area 4 Dock,Safe Area 3 Marina,266.6666666666667,291.6666666666667,291.6666666666667,301.6666666666667,18.0,120,Evac Area 4
5,Vessel 5,5,Safe Area 3 Marina,Evac Area 4 Dock,301.6666666666667,326.6666666666667,326.6666666666667,336.6666666666667,18.0,0,None
6,Vessel 5,6,Evac Area 4 Dock,Safe Area 3 Marina,336.6666666666667,361.6666666666667,361.6666666666667,371.6666666666667,18.0,120,Evac Area 4
7,Vessel 5,7,Safe Area 3 Marina,Evac Area 4 Dock,371.6666666666667,396.6666666666667,396.6666666666667,406.6666666666667,18.0,0,None
8,Vessel 5,8,Evac Area 4 Dock,Safe Area 3 Marina,406.6666666666667,431.6666666666667,431.6666666666667,441.6666666666667,18.0,120,Evac Area 4
9,Vessel 5,9,Safe Area 3 Marina,Evac Area 4 Dock,441.6666666666667,466.6666666666667,466.6666666666667,476.6666666666667,18.0,0,None
10,Vessel 5,10,Evac Area 4 Dock,Safe Area 3 Marina,476.6666666666667,501.6666666666667,501.6666666666667,511.6666666666667,18.0,120,Evac Area 4
11,Vessel 5,11,Safe Area 3 Marina,Evac Area 4 Dock,511.6666666666667,536.6666666666667,536.6666666666667,546.6666666666667,18.0,0,None
12,Vessel 5,12,Evac Area 4 Dock,Safe Area 3 Marina,546.6666666666667,571.6666666666667,571.6666666666667,581.6666666666667,18.0,120,Evac Area 4
13,Vessel 5,13,Safe Area 3 Marina,Evac Area 4 Dock,581.6666666666667,606.6666666666667,606.6666666666667,616.6666666666667,18.0,0,None
14,Vessel 5,14,Evac Area 4 Dock,Safe Area 3 Marina,616.6666666666667,641.6666666666667,641.6666666666667,651.6666666666667,18.0,120,Evac Area 4
1,Vessel 6,1,Safe Area 2 Harbor,Evac Area 4 Beach,160.32,178.56,178.56,181.56,25.0,0,None
2,Vessel 6,2,Evac Area 4 Beach,Safe Area 3 Marina,181.56,199.56,199.56,202.56,25.0,12,Evac Area 4
3,Vessel 6,3,Safe Area 3 Marina,Evac Area 4 Beach,202.56,220.56,220.56,223.56,25.0,0,None
4,Vessel 6,4,Evac Area 4 Beach,Safe Area 3 Marina,223.56,241.56,241.56,244.56,25.0,12,Evac Area 4
5,Vessel 6,5,Safe Area 3 Marina,Evac Area 4 Dock,244.56,262.56,262.56,265.56,25.0,0,None
6,Vessel 6,6,Evac Area 4 Dock,Safe Area 2 Harbor,265.56,283.8,283.8,286.8,25.0,12,Evac Area 4
7,Vessel 6,7,Safe Area 2 Harbor,Evac Area 2 Marina,286.8,298.8,298.8,301.8,25.0,0,None
8,Vessel 6,8,Evac Area 2 Marina,Safe Area 2 Harbor,301.8,313.8,313.8,316.8,25.0,12,Evac Area 2
9,Vessel 6,9,Safe Area 2 Harbor,Evac Area 4 Dock,316.8,335.04,335.04,338.04,25.0,0,None
10,Vessel 6,10,Evac Area 4 Dock,Safe Area 3 Marina,338.04,356.04,356.04,359.04,25.0,12,Evac Area 4
11,Vessel 6,11,Safe Area 3 Marina,Evac Area 4 Dock,359.04,377.04,377.04,380.04,25.0,0,None
12,Vessel 6,12,Evac Area 4 Dock,Safe Area 3 Marina,380.04,398.04,398.04,401.04,25.0,12,Evac Area 4
13,Vessel 6,13,Safe Area 3 Marina,Evac Area 4 Dock,401.04,419.04,419.04,422.04,25.0,0,None
14,Vessel 6,14,Evac Area 4 Dock,Safe Area 2 Harbor,422.04,440.28000000000003,440.28000000000003,443.28000000000003,25.0,12,Evac Area 4
15,Vessel 6,15,Safe Area 2 Harbor,Evac Area 4 Dock,443.28000000000003,461.52000000000004,461.52000000000004,464.52000000000004,25.0,0,None
16,Vessel 6,16,Evac Area 4 Dock,Safe Area 2 Harbor,464.52000000000004,482.76000000000005,482.76000000000005,485.76000000000005,25.0,12,Evac Area 4
17,Vessel 6,17,Safe Area 2 Harbor,Evac Area 2 Marina,485.76000000000005,497.76000000000005,497.76000000000005,500.76000000000005,25.0,0,None
18,Vessel 6,18,Evac Area 2 Marina,Safe Area 2 Harbor,500.76000000000005,512.76,512.76,515.76,25.0,12,Evac Area 2
19,Vessel 6,19,Safe Area 2 Harbor,Evac Area 4 Beach,515.76,534.0,534.0,537.0,25.0,0,None
20,Vessel 6,20,Evac Area 4 Beach,Safe Area 3 Marina,537.0,555.0,555.0,558.0,25.0,12,Evac Area 4
21,Vessel 6,21,Safe Area 3 Marina,Evac Area 4 Beach,558.0,576.0,576.0,579.0,25.0,0,None
22,Vessel 6,22,Evac Area 4 Beach,Safe Area 3 Marina,579.0,597.0,597.0,600.0,25.0,12,Evac Area 4
