segment_id,resource_id,route_segment_id,origin,destination,route_start_time,route_end_time,load_start_time,load_end_time,resource_speed,evacuees,evacuated_location,post_run_correction
1,Vessel 1,1,Safe Area 1 Terminal,Evac Area 1 Ferry Terminal,10.0,24.0,24.0,34.0,12.0,0,None,
2,Vessel 1,2,Evac Area 1 Ferry Terminal,Safe Area 1 Terminal,34.0,48.0,48.0,58.0,12.0,1,Evac Area 1,
1,Vessel 2,1,Safe Area 2 Harbor,Evac Area 4 Beach,10.0,28.24,28.24,31.24,25.0,0,None,
2,Vessel 2,2,Evac Area 4 Beach,Safe Area 2 Harbor,31.24,49.48,49.48,52.48,25.0,12,Evac Area 4,
3,Vessel 2,3,Safe Area 2 Harbor,Evac Area 2 Marina,52.48,64.47999999999999,64.47999999999999,67.47999999999999,25.0,0,None,
4,Vessel 2,4,Evac Area 2 Marina,Safe Area 2 Harbor,67.47999999999999,79.47999999999999,79.47999999999999,82.47999999999999,25.0,12,Evac Area 2,
5,Vessel 2,5,Safe Area 2 Harbor,Evac Area 2 Marina,82.47999999999999,94.47999999999999,94.47999999999999,97.47999999999999,25.0,0,None,
6,Vessel 2,6,Evac Area 2 Marina,Safe Area 2 Harbor,97.47999999999999,109.47999999999999,109.47999999999999,112.47999999999999,25.0,12,Evac Area 2,
7,Vessel 2,7,Safe Area 2 Harbor,Evac Area 2 Marina,112.47999999999999,124.47999999999999,124.47999999999999,127.47999999999999,25.0,0,None,
8,Vessel 2,8,Evac Area 2 Marina,Safe Area 2 Harbor,127.47999999999999,139.48,139.48,142.48,25.0,12,Evac Area 2,
9,Vessel 2,9,Safe Area 2 Harbor,Evac Area 4 Beach,142.48,160.72,160.72,163.72,25.0,0,None,
10,Vessel 2,10,Evac Area 4 Beach,Safe Area 2 Harbor,163.72,181.96,181.96,184.96,25.0,12,Evac Area 4,
11,Vessel 2,11,Safe Area 2 Harbor,Evac Area 4 Beach,184.96,203.20000000000002,203.20000000000002,206.20000000000002,25.0,0,None,
12,Vessel 2,12,Evac Area 4 Beach,Safe Area 3 Marina,206.20000000000002,224.20000000000002,224.20000000000002,227.20000000000002,25.0,12,Evac Area 4,
13,Vessel 2,13,Safe Area 3 Marina,Evac Area 4 Dock,227.20000000000002,245.20000000000002,245.20000000000002,248.20000000000002,25.0,0,None,
14,Vessel 2,14,Evac Area 4 Dock,Safe Area 2 Harbor,248.20000000000002,266.44,266.44,269.44,25.0,12,Evac Area 4,
15,Vessel 2,15,Safe Area 2 Harbor,Evac Area 4 Beach,269.44,287.68,287.68,290.68,25.0,0,None,
16,Vessel 2,16,Evac Area 4 Beach,Safe Area 2 Harbor,290.68,308.92,308.92,311.92,25.0,12,Evac Area 4,
17,Vessel 2,17,Safe Area 2 Harbor,Evac Area 4 Beach,311.92,330.16,330.16,333.16,25.0,0,None,
18,Vessel 2,18,Evac Area 4 Beach,Safe Area 2 Harbor,333.16,351.40000000000003,351.40000000000003,354.40000000000003,25.0,12,Evac Area 4,
19,Vessel 2,19,Safe Area 2 Harbor,Evac Area 4 Beach,354.40000000000003,372.64000000000004,372.64000000000004,375.64000000000004,25.0,0,None,
20,Vessel 2,20,Evac Area 4 Beach,Safe Area 2 Harbor,375.64000000000004,393.88000000000005,393.88000000000005,396.88000000000005,25.0,12,Evac Area 4,
1,Vessel 3,1,Safe Area 3 Marina,Evac Area 4 Beach,60.0,78.0,78.0,81.0,25.0,0,None,
2,Vessel 3,2,Evac Area 4 Beach,Safe Area 3 Marina,81.0,99.0,99.0,102.0,25.0,12,Evac Area 4,
3,Vessel 3,3,Safe Area 3 Marina,Evac Area 4 Beach,102.0,120.0,120.0,123.0,25.0,0,None,
4,Vessel 3,4,Evac Area 4 Beach,Safe Area 3 Marina,123.0,141.0,141.0,144.0,25.0,12,Evac Area 4,
5,Vessel 3,5,Safe Area 3 Marina,Evac Area 4 Dock,144.0,162.0,162.0,165.0,25.0,0,None,
6,Vessel 3,6,Evac Area 4 Dock,Safe Area 3 Marina,165.0,183.0,183.0,186.0,25.0,12,Evac Area 4,
7,Vessel 3,7,Safe Area 3 Marina,Evac Area 4 Dock,186.0,204.0,204.0,207.0,25.0,0,None,
8,Vessel 3,8,Evac Area 4 Dock,Safe Area 3 Marina,207.0,225.0,225.0,228.0,25.0,12,Evac Area 4,
9,Vessel 3,9,Safe Area 3 Marina,Evac Area 4 Dock,228.0,246.0,246.0,249.0,25.0,0,None,
10,Vessel 3,10,Evac Area 4 Dock,Safe Area 3 Marina,249.0,267.0,267.0,270.0,25.0,12,Evac Area 4,
11,Vessel 3,11,Safe Area 3 Marina,Evac Area 4 Dock,270.0,288.0,288.0,291.0,25.0,0,None,
12,Vessel 3,12,Evac Area 4 Dock,Safe Area 3 Marina,291.0,309.0,309.0,312.0,25.0,12,Evac Area 4,
13,Vessel 3,13,Safe Area 3 Marina,Evac Area 4 Beach,312.0,330.0,330.0,333.0,25.0,0,None,
14,Vessel 3,14,Evac Area 4 Beach,Safe Area 3 Marina,333.0,351.0,351.0,354.0,25.0,12,Evac Area 4,
15,Vessel 3,15,Safe Area 3 Marina,Evac Area 4 Beach,354.0,372.0,372.0,375.0,25.0,0,None,
16,Vessel 3,16,Evac Area 4 Beach,Safe Area 3 Marina,375.0,393.0,393.0,396.0,25.0,12,Evac Area 4,
17,Vessel 3,17,Safe Area 3 Marina,Evac Area 4 Dock,396.0,414.0,414.0,417.0,25.0,0,None,
18,Vessel 3,18,Evac Area 4 Dock,Safe Area 3 Marina,417.0,435.0,435.0,438.0,25.0,12,Evac Area 4,
1,Vessel 4,1,Safe Area 1 Terminal,Evac Area 3 Dock,10.0,22.0,22.0,27.0,25.0,0,None,
2,Vessel 4,2,Evac Area 3 Dock,Safe Area 3 Marina,27.0,37.8,37.8,42.8,25.0,27,Evac Area 3,
3,Vessel 4,3,Safe Area 3 Marina,Evac Area 4 Dock,42.8,60.8,60.8,65.8,25.0,0,None,
4,Vessel 4,4,Evac Area 4 Dock,Safe Area 3 Marina,65.8,83.8,83.8,88.8,25.0,38,Evac Area 4,
5,Vessel 4,5,Safe Area 3 Marina,Evac Area 4 Dock,88.8,106.8,106.8,111.8,25.0,0,None,
6,Vessel 4,6,Evac Area 4 Dock,Safe Area 3 Marina,111.8,129.8,129.8,134.8,25.0,38,Evac Area 4,
7,Vessel 4,7,Safe Area 3 Marina,Evac Area 4 Dock,134.8,152.8,152.8,157.8,25.0,0,None,
8,Vessel 4,8,Evac Area 4 Dock,Safe Area 3 Marina,157.8,175.8,175.8,180.8,25.0,38,Evac Area 4,
9,Vessel 4,9,Safe Area 3 Marina,Evac Area 4 Dock,180.8,198.8,198.8,203.8,25.0,0,None,
10,Vessel 4,10,Evac Area 4 Dock,Safe Area 2 Harbor,203.8,222.04000000000002,222.04000000000002,227.04000000000002,25.0,38,Evac Area 4,
11,Vessel 4,11,Safe Area 2 Harbor,Evac Area 4 Dock,227.04000000000002,245.28000000000003,245.28000000000003,250.28000000000003,25.0,0,None,
12,Vessel 4,12,Evac Area 4 Dock,Safe Area 3 Marina,250.28000000000003,268.28000000000003,268.28000000000003,273.28000000000003,25.0,38,Evac Area 4,
13,Vessel 4,13,Safe Area 3 Marina,Evac Area 4 Dock,273.28000000000003,291.28000000000003,291.28000000000003,296.28000000000003,25.0,0,None,
14,Vessel 4,14,Evac Area 4 Dock,Safe Area 2 Harbor,296.28000000000003,314.52000000000004,314.52000000000004,319.52000000000004,25.0,38,Evac Area 4,
15,Vessel 4,15,Safe Area 2 Harbor,Evac Area 4 Dock,319.52000000000004,337.76000000000005,337.76000000000005,342.76000000000005,25.0,0,None,
16,Vessel 4,16,Evac Area 4 Dock,Safe Area 2 Harbor,342.76000000000005,361.00000000000006,361.00000000000006,366.00000000000006,25.0,38,Evac Area 4,
17,Vessel 4,17,Safe Area 2 Harbor,Evac Area 2 Marina,366.00000000000006,378.00000000000006,378.00000000000006,383.00000000000006,25.0,0,None,
18,Vessel 4,18,Evac Area 2 Marina,Safe Area 2 Harbor,383.00000000000006,395.00000000000006,395.00000000000006,400.00000000000006,25.0,32,Evac Area 2,
19,Vessel 4,19,Safe Area 2 Harbor,Evac Area 2 Marina,400.00000000000006,412.00000000000006,412.00000000000006,417.00000000000006,25.0,0,None,
20,Vessel 4,20,Evac Area 2 Marina,Safe Area 2 Harbor,417.00000000000006,429.00000000000006,429.00000000000006,434.00000000000006,25.0,38,Evac Area 2,
1,Vessel 5,1,Safe Area 1 Terminal,Evac Area 4 Dock,30.0,60.0,60.0,70.0,18.0,0,None,
2,Vessel 5,2,Evac Area 4 Dock,Safe Area 3 Marina,70.0,95.0,95.0,105.0,18.0,120,Evac Area 4,
3,Vessel 5,3,Safe Area 3 Marina,Evac Area 4 Dock,105.0,130.0,130.0,140.0,18.0,0,None,
4,Vessel 5,4,Evac Area 4 Dock,Safe Area 3 Marina,140.0,165.0,165.0,175.0,18.0,120,Evac Area 4,
5,Vessel 5,5,Safe Area 3 Marina,Evac Area 4 Dock,175.0,200.0,200.0,210.0,18.0,0,None,
6,Vessel 5,6,Evac Area 4 Dock,Safe Area 3 Marina,210.0,235.0,235.0,245.0,18.0,120,Evac Area 4,
7,Vessel 5,7,Safe Area 3 Marina,Evac Area 4 Dock,245.0,270.0,270.0,280.0,18.0,0,None,
8,Vessel 5,8,Evac Area 4 Dock,Safe Area 3 Marina,280.0,305.0,305.0,315.0,18.0,120,Evac Area 4,
9,Vessel 5,9,Safe Area 3 Marina,Evac Area 4 Dock,315.0,340.0,340.0,350.0,18.0,0,None,
10,Vessel 5,10,Evac Area 4 Dock,Safe Area 3 Marina,350.0,375.0,375.0,385.0,18.0,120,Evac Area 4,
11,Vessel 5,11,Safe Area 3 Marina,Evac Area 4 Dock,385.0,410.0,410.0,420.0,18.0,0,None,
12,Vessel 5,12,Evac Area 4 Dock,Safe Area 3 Marina,420.0,445.0,445.0,455.0,18.0,120,Evac Area 4,
1,Vessel 6,1,Safe Area 1 Terminal,Evac Area 4 Dock,30.0,51.599999999999994,51.599999999999994,54.599999999999994,25.0,0,None,
2,Vessel 6,2,Evac Area 4 Dock,Safe Area 3 Marina,54.599999999999994,72.6,72.6,75.6,25.0,12,Evac Area 4,
3,Vessel 6,3,Safe Area 3 Marina,Evac Area 3 Dock,75.6,86.39999999999999,86.39999999999999,89.39999999999999,25.0,0,None,
4,Vessel 6,4,Evac Area 3 Dock,Safe Area 3 Marina,89.39999999999999,100.19999999999999,100.19999999999999,103.19999999999999,25.0,12,Evac Area 3,
5,Vessel 6,5,Safe Area 3 Marina,Evac Area 3 Dock,103.19999999999999,113.99999999999999,113.99999999999999,116.99999999999999,25.0,0,None,
6,Vessel 6,6,Evac Area 3 Dock,Safe Area 3 Marina,116.99999999999999,127.79999999999998,127.79999999999998,130.79999999999998,25.0,12,Evac Area 3,
7,Vessel 6,7,Safe Area 3 Marina,Evac Area 4 Dock,130.79999999999998,148.79999999999998,148.79999999999998,151.79999999999998,25.0,0,None,
8,Vessel 6,8,Evac Area 4 Dock,Safe Area 3 Marina,151.79999999999998,169.79999999999998,169.79999999999998,172.79999999999998,25.0,12,Evac Area 4,
9,Vessel 6,9,Safe Area 3 Marina,Evac Area 4 Dock,172.79999999999998,190.79999999999998,190.79999999999998,193.79999999999998,25.0,0,None,
10,Vessel 6,10,Evac Area 4 Dock,Safe Area 3 Marina,193.79999999999998,211.79999999999998,211.79999999999998,214.79999999999998,25.0,12,Evac Area 4,
11,Vessel 6,11,Safe Area 3 Marina,Evac Area 4 Dock,214.79999999999998,232.79999999999998,232.79999999999998,235.79999999999998,25.0,0,None,
12,Vessel 6,12,Evac Area 4 Dock,Safe Area 3 Marina,235.79999999999998,253.79999999999998,253.79999999999998,256.79999999999995,25.0,12,Evac Area 4,
13,Vessel 6,13,Safe Area 3 Marina,Evac Area 4 Beach,256.79999999999995,274.79999999999995,274.79999999999995,277.79999999999995,25.0,0,None,
14,Vessel 6,14,Evac Area 4 Beach,Safe Area 2 Harbor,277.79999999999995,296.03999999999996,296.03999999999996,299.03999999999996,25.0,12,Evac Area 4,
15,Vessel 6,15,Safe Area 2 Harbor,Evac Area 4 Dock,299.03999999999996,317.28,317.28,320.28,25.0,0,None,
16,Vessel 6,16,Evac Area 4 Dock,Safe Area 3 Marina,320.28,338.28,338.28,341.28,25.0,12,Evac Area 4,
17,Vessel 6,17,Safe Area 3 Marina,Evac Area 3 Dock,341.28,352.08,352.08,355.08,25.0,0,None,
18,Vessel 6,18,Evac Area 3 Dock,Safe Area 3 Marina,355.08,365.88,365.88,368.88,25.0,12,Evac Area 3,
19,Vessel 6,19,Safe Area 3 Marina,Evac Area 4 Beach,368.88,386.88,386.88,389.88,25.0,0,None,
20,Vessel 6,20,Evac Area 4 Beach,Safe Area 2 Harbor,389.88,408.12,408.12,411.12,25.0,10,Evac Area 4,
