segment_id,resource_id,route_segment_id,origin,destination,route_start_time,route_end_time,load_start_time,load_end_time,resource_speed,evacuees,evacuated_location
1,Vessel 1,1,Safe Area 1 Terminal,Evac Area 1 Ferry Terminal,10.0,24.0,24.0,34.0,12.0,0,None
2,Vessel 1,2,Evac Area 1 Ferry Terminal,Safe Area 1 Terminal,34.0,48.0,48.0,58.0,12.0,33,Evac Area 1
1,Vessel 2,1,Safe Area 2 Harbor,Evac Area 2 Marina,10.0,22.0,22.0,25.0,25.0,0,None
2,Vessel 2,2,Evac Area 2 Marina,Safe Area 3 Marina,25.0,41.8,41.8,44.8,25.0,12,Evac Area 2
3,Vessel 2,3,Safe Area 3 Marina,Evac Area 3 Dock,44.8,55.6,55.6,58.6,25.0,0,None
4,Vessel 2,4,Evac Area 3 Dock,Safe Area 3 Marina,58.6,69.39999999999999,69.39999999999999,72.39999999999999,25.0,12,Evac Area 3
1,Vessel 3,1,Safe Area 3 Marina,Evac Area 3 Dock,60.0,70.8,70.8,73.8,25.0,0,None
2,Vessel 3,2,Evac Area 3 Dock,Safe Area 3 Marina,73.8,84.6,84.6,87.6,25.0,12,Evac Area 3
1,Vessel 4,1,Safe Area 1 Terminal,Evac Area 3 Dock,10.0,22.0,22.0,27.0,25.0,0,None
2,Vessel 4,2,Evac Area 3 Dock,Safe Area 3 Marina,27.0,37.8,37.8,42.8,25.0,38,Evac Area 3
3,Vessel 4,3,Safe Area 3 Marina,Evac Area 3 Dock,42.8,53.6,53.6,58.6,25.0,0,None
4,Vessel 4,4,Evac Area 3 Dock,Safe Area 3 Marina,58.6,69.39999999999999,69.39999999999999,74.39999999999999,25.0,38,Evac Area 3
1,Vessel 5,1,Safe Area 1 Terminal,Evac Area 3 Dock,30.0,46.66666666666667,46.66666666666667,56.66666666666667,18.0,0,None
2,Vessel 5,2,Evac Area 3 Dock,Safe Area 3 Marina,56.66666666666667,71.66666666666667,71.66666666666667,81.66666666666667,18.0,120,Evac Area 3
1,Vessel 6,1,Safe Area 1 Terminal,Evac Area 3 Dock,30.0,42.0,42.0,45.0,25.0,0,None
2,Vessel 6,2,Evac Area 3 Dock,Safe Area 3 Marina,45.0,55.8,55.8,58.8,25.0,12,Evac Area 3
3,Vessel 6,3,Safe Area 3 Marina,Evac Area 3 Dock,58.8,69.6,69.6,72.6,25.0,0,None
4,Vessel 6,4,Evac Area 3 Dock,Safe Area 3 Marina,72.6,83.39999999999999,83.39999999999999,86.39999999999999,25.0,12,Evac Area 3
1,Vessel 2,1,Safe Area 3 Marina,Evac Area 4 Dock,72.39999999999999,90.39999999999999,90.39999999999999,93.39999999999999,25.0,0,None
2,Vessel 2,2,Evac Area 4 Dock,Safe Area 3 Marina,93.39999999999999,111.39999999999999,111.39999999999999,114.39999999999999,25.0,12,Evac Area 4
3,Vessel 2,3,Safe Area 3 Marina,Evac Area 4 Dock,114.39999999999999,132.39999999999998,132.39999999999998,135.39999999999998,25.0,0,None
4,Vessel 2,4,Evac Area 4 Dock,Safe Area 3 Marina,135.39999999999998,153.39999999999998,153.39999999999998,156.39999999999998,25.0,12,Evac Area 4
5,Vessel 2,5,Safe Area 3 Marina,Evac Area 4 Beach,156.39999999999998,174.39999999999998,174.39999999999998,177.39999999999998,25.0,0,None
6,Vessel 2,6,Evac Area 4 Beach,Safe Area 3 Marina,177.39999999999998,195.39999999999998,195.39999999999998,198.39999999999998,25.0,12,Evac Area 4
7,Vessel 2,7,Safe Area 3 Marina,Evac Area 4 Dock,198.39999999999998,216.39999999999998,216.39999999999998,219.39999999999998,25.0,0,None
8,Vessel 2,8,Evac Area 4 Dock,Safe Area 3 Marina,219.39999999999998,237.39999999999998,237.39999999999998,240.39999999999998,25.0,12,Evac Area 4
9,Vessel 2,9,Safe Area 3 Marina,Evac Area 4 Dock,240.39999999999998,258.4,258.4,261.4,25.0,0,None
10,Vessel 2,10,Evac Area 4 Dock,Safe Area 3 Marina,261.4,279.4,279.4,282.4,25.0,8,Evac Area 4
1,Vessel 3,1,Safe Area 3 Marina,Evac Area 4 Beach,87.6,105.6,105.6,108.6,25.0,0,None
2,Vessel 3,2,Evac Area 4 Beach,Safe Area 3 Marina,108.6,126.6,126.6,129.6,25.0,12,Evac Area 4
3,Vessel 3,3,Safe Area 3 Marina,Evac Area 4 Dock,129.6,147.6,147.6,150.6,25.0,0,None
4,Vessel 3,4,Evac Area 4 Dock,Safe Area 3 Marina,150.6,168.6,168.6,171.6,25.0,12,Evac Area 4
5,Vessel 3,5,Safe Area 3 Marina,Evac Area 4 Dock,171.6,189.6,189.6,192.6,25.0,0,None
6,Vessel 3,6,Evac Area 4 Dock,Safe Area 3 Marina,192.6,210.6,210.6,213.6,25.0,12,Evac Area 4
7,Vessel 3,7,Safe Area 3 Marina,Evac Area 3 Dock,213.6,224.4,224.4,227.4,25.0,0,None
8,Vessel 3,8,Evac Area 3 Dock,Safe Area 3 Marina,227.4,238.20000000000002,238.20000000000002,241.20000000000002,25.0,12,Evac Area 3
9,Vessel 3,9,Safe Area 3 Marina,Evac Area 4 Beach,241.20000000000002,259.20000000000005,259.20000000000005,262.20000000000005,25.0,0,None
10,Vessel 3,10,Evac Area 4 Beach,Safe Area 3 Marina,262.20000000000005,280.20000000000005,280.20000000000005,283.20000000000005,25.0,12,Evac Area 4
1,Vessel 4,1,Safe Area 3 Marina,Evac Area 4 Dock,74.39999999999999,92.39999999999999,92.39999999999999,97.39999999999999,25.0,0,None
2,Vessel 4,2,Evac Area 4 Dock,Safe Area 3 Marina,97.39999999999999,115.39999999999999,115.39999999999999,120.39999999999999,25.0,38,Evac Area 4
3,Vessel 4,3,Safe Area 3 Marina,Evac Area 4 Dock,120.39999999999999,138.39999999999998,138.39999999999998,143.39999999999998,25.0,0,None
4,Vessel 4,4,Evac Area 4 Dock,Safe Area 2 Harbor,143.39999999999998,161.64,161.64,166.64,25.0,38,Evac Area 4
5,Vessel 4,5,Safe Area 2 Harbor,Evac Area 4 Dock,166.64,184.88,184.88,189.88,25.0,0,None
6,Vessel 4,6,Evac Area 4 Dock,Safe Area 2 Harbor,189.88,208.12,208.12,213.12,25.0,38,Evac Area 4
7,Vessel 4,7,Safe Area 2 Harbor,Evac Area 2 Marina,213.12,225.12,225.12,230.12,25.0,0,None
8,Vessel 4,8,Evac Area 2 Marina,Safe Area 2 Harbor,230.12,242.12,242.12,247.12,25.0,26,Evac Area 2
9,Vessel 4,9,Safe Area 2 Harbor,Evac Area 2 Marina,247.12,259.12,259.12,264.12,25.0,0,None
10,Vessel 4,10,Evac Area 2 Marina,Safe Area 2 Harbor,264.12,276.12,276.12,281.12,25.0,38,Evac Area 2
1,Vessel 5,1,Safe Area 3 Marina,Evac Area 3 Dock,81.66666666666667,96.66666666666667,96.66666666666667,106.66666666666667,18.0,0,None
2,Vessel 5,2,Evac Area 3 Dock,Safe Area 3 Marina,106.66666666666667,121.66666666666667,121.66666666666667,131.66666666666669,18.0,120,Evac Area 3
3,Vessel 5,3,Safe Area 3 Marina,Evac Area 4 Dock,131.66666666666669,156.66666666666669,156.66666666666669,166.66666666666669,18.0,0,None
4,Vessel 5,4,Evac Area 4 Dock,Safe Area 2 Harbor,166.66666666666669,192.0,192.0,202.0,18.0,120,Evac Area 4
5,Vessel 5,5,Safe Area 2 Harbor,Evac Area 4 Dock,202.0,227.33333333333334,227.33333333333334,237.33333333333334,18.0,0,None
6,Vessel 5,6,Evac Area 4 Dock,Safe Area 2 Harbor,237.33333333333334,262.6666666666667,262.6666666666667,272.6666666666667,18.0,120,Evac Area 4
1,Vessel 6,1,Safe Area 3 Marina,Evac Area 4 Beach,86.39999999999999,104.39999999999999,104.39999999999999,107.39999999999999,25.0,0,None
2,Vessel 6,2,Evac Area 4 Beach,Safe Area 3 Marina,107.39999999999999,125.39999999999999,125.39999999999999,128.39999999999998,25.0,12,Evac Area 4
3,Vessel 6,3,Safe Area 3 Marina,Evac Area 4 Dock,128.39999999999998,146.39999999999998,146.39999999999998,149.39999999999998,25.0,0,None
4,Vessel 6,4,Evac Area 4 Dock,Safe Area 3 Marina,149.39999999999998,167.39999999999998,167.39999999999998,170.39999999999998,25.0,12,Evac Area 4
5,Vessel 6,5,Safe Area 3 Marina,Evac Area 4 Dock,170.39999999999998,188.39999999999998,188.39999999999998,191.39999999999998,25.0,0,None
6,Vessel 6,6,Evac Area 4 Dock,Safe Area 3 Marina,191.39999999999998,209.39999999999998,209.39999999999998,212.39999999999998,25.0,12,Evac Area 4
7,Vessel 6,7,Safe Area 3 Marina,Evac Area 4 Beach,212.39999999999998,230.39999999999998,230.39999999999998,233.39999999999998,25.0,0,None
8,Vessel 6,8,Evac Area 4 Beach,Safe Area 3 Marina,233.39999999999998,251.39999999999998,251.39999999999998,254.39999999999998,25.0,12,Evac Area 4
9,Vessel 6,9,Safe Area 3 Marina,Evac Area 3 Dock,254.39999999999998,265.2,265.2,268.2,25.0,0,None
10,Vessel 6,10,Evac Area 3 Dock,Safe Area 1 Terminal,268.2,280.2,280.2,283.2,25.0,8,Evac Area 3
