segment_id,resource_id,route_segment_id,origin,destination,route_start_time,route_end_time,load_start_time,load_end_time,resource_speed,evacuees,evacuated_location,post_run_correction
1,Vessel 1,1,Safe Area 1 Terminal,Evac Area 1 Ferry Terminal,10.0,24.0,24.0,34.0,12.0,0,None,
2,Vessel 1,2,Evac Area 1 Ferry Terminal,Safe Area 1 Terminal,34.0,48.0,48.0,58.0,12.0,71,Evac Area 1,
1,Vessel 2,1,Safe Area 2 Harbor,Evac Area 4 Dock,10.0,28.24000000000001,28.24000000000001,31.24000000000001,25.0,0,None,
2,Vessel 2,2,Evac Area 4 Dock,Safe Area 2 Harbor,31.24000000000001,49.47999999999999,49.47999999999999,52.47999999999999,25.0,12,Evac Area 4,
3,Vessel 2,3,Safe Area 2 Harbor,Evac Area 4 Beach,52.47999999999999,70.72,70.72,73.72,25.0,0,None,
4,Vessel 2,4,Evac Area 4 Beach,Safe Area 2 Harbor,73.72,91.95999999999998,91.95999999999998,94.95999999999998,25.0,12,Evac Area 4,
5,Vessel 2,5,Safe Area 2 Harbor,Evac Area 2 Marina,94.95999999999998,106.95999999999998,106.95999999999998,109.95999999999998,25.0,0,None,
6,Vessel 2,6,Evac Area 2 Marina,Safe Area 2 Harbor,109.95999999999998,121.96,121.96,124.96,25.0,12,Evac Area 2,
7,Vessel 2,7,Safe Area 2 Harbor,Evac Area 2 Marina,124.96,136.95999999999998,136.95999999999998,139.95999999999998,25.0,0,None,
8,Vessel 2,8,Evac Area 2 Marina,Safe Area 2 Harbor,139.95999999999998,151.95999999999998,151.95999999999998,154.95999999999998,25.0,12,Evac Area 2,
9,Vessel 2,9,Safe Area 2 Harbor,Evac Area 2 Marina,154.95999999999998,166.95999999999998,166.95999999999998,169.95999999999998,25.0,0,None,
10,Vessel 2,10,Evac Area 2 Marina,Safe Area 2 Harbor,169.95999999999998,181.96,181.96,184.96,25.0,12,Evac Area 2,
11,Vessel 2,11,Safe Area 2 Harbor,Evac Area 2 Marina,184.96,196.96,196.96,199.96,25.0,0,None,
12,Vessel 2,12,Evac Area 2 Marina,Safe Area 2 Harbor,199.96,211.96,211.96,214.96,25.0,11,Evac Area 2,
13,Vessel 2,13,Safe Area 2 Harbor,Evac Area 2 Marina,214.96,226.96,226.96,229.96,25.0,0,None,
14,Vessel 2,14,Evac Area 2 Marina,Safe Area 2 Harbor,229.96,241.96,241.96,244.96,25.0,12,Evac Area 2,
1,Vessel 3,1,Safe Area 3 Marina,Evac Area 4 Beach,60.0,78.0,78.0,81.0,25.0,0,None,
2,Vessel 3,2,Evac Area 4 Beach,Safe Area 3 Marina,81.0,99.0,99.0,102.0,25.0,12,Evac Area 4,
3,Vessel 3,3,Safe Area 3 Marina,Evac Area 1 Marina,102.0,109.19999999999999,109.19999999999999,112.19999999999999,25.0,0,None,
4,Vessel 3,4,Evac Area 1 Marina,Safe Area 3 Marina,112.19999999999999,119.4,119.4,122.4,25.0,0,Evac Area 1,
5,Vessel 3,5,Safe Area 3 Marina,Evac Area 4 Dock,122.4,140.4,140.4,143.4,25.0,0,None,
6,Vessel 3,6,Evac Area 4 Dock,Safe Area 3 Marina,143.4,161.4,161.4,164.4,25.0,12,Evac Area 4,
7,Vessel 3,7,Safe Area 3 Marina,Evac Area 2 Marina,164.4,181.2,181.2,184.2,25.0,0,None,
8,Vessel 3,8,Evac Area 2 Marina,Safe Area 2 Harbor,184.2,196.2,196.2,199.2,25.0,12,Evac Area 2,
9,Vessel 3,9,Safe Area 2 Harbor,Evac Area 4 Dock,199.2,217.44000000000003,217.44000000000003,220.44000000000003,25.0,0,None,
10,Vessel 3,10,Evac Area 4 Dock,Safe Area 3 Marina,220.44000000000003,238.44000000000003,238.44000000000003,241.44000000000003,25.0,12,Evac Area 4,
1,Vessel 4,1,Safe Area 1 Terminal,Evac Area 3 Dock,10.0,22.0,22.0,27.0,25.0,0,None,
2,Vessel 4,2,Evac Area 3 Dock,Safe Area 3 Marina,27.0,37.80000000000001,37.80000000000001,42.80000000000001,25.0,37,Evac Area 3,
3,Vessel 4,3,Safe Area 3 Marina,Evac Area 4 Dock,42.80000000000001,60.80000000000001,60.80000000000001,65.80000000000001,25.0,0,None,
4,Vessel 4,4,Evac Area 4 Dock,Safe Area 2 Harbor,65.80000000000001,84.03999999999999,84.03999999999999,89.03999999999999,25.0,38,Evac Area 4,
5,Vessel 4,5,Safe Area 2 Harbor,Evac Area 2 Marina,89.03999999999999,101.04000000000002,101.04000000000002,106.04000000000002,25.0,0,None,
6,Vessel 4,6,Evac Area 2 Marina,Safe Area 2 Harbor,106.04000000000002,118.04000000000002,118.04000000000002,123.04,25.0,38,Evac Area 2,
7,Vessel 4,7,Safe Area 2 Harbor,Evac Area 4 Dock,123.04,141.28,141.28,146.28,25.0,0,None,
8,Vessel 4,8,Evac Area 4 Dock,Safe Area 3 Marina,146.28,164.28,164.28,169.28,25.0,38,Evac Area 4,
9,Vessel 4,9,Safe Area 3 Marina,Evac Area 3 Dock,169.28,180.08,180.08,185.08,25.0,0,None,
10,Vessel 4,10,Evac Area 3 Dock,Safe Area 3 Marina,185.08,195.88,195.88,200.88,25.0,38,Evac Area 3,
11,Vessel 4,11,Safe Area 3 Marina,Evac Area 4 Dock,200.88,218.88,218.88,223.88,25.0,0,None,
12,Vessel 4,12,Evac Area 4 Dock,Safe Area 3 Marina,223.88,241.88,241.88,246.88,25.0,35,Evac Area 4,
1,Vessel 5,1,Safe Area 1 Terminal,Evac Area 3 Dock,30.0,46.666666666666686,46.666666666666686,56.666666666666686,18.0,0,None,
2,Vessel 5,2,Evac Area 3 Dock,Safe Area 1 Terminal,56.666666666666686,73.33333333333334,73.33333333333334,83.33333333333334,18.0,120,Evac Area 3,
3,Vessel 5,3,Safe Area 1 Terminal,Evac Area 3 Dock,83.33333333333334,100.0,100.0,110.0,18.0,0,None,
4,Vessel 5,4,Evac Area 3 Dock,Safe Area 1 Terminal,110.0,126.66666666666669,126.66666666666669,136.66666666666669,18.0,120,Evac Area 3,
5,Vessel 5,5,Safe Area 1 Terminal,Evac Area 3 Dock,136.66666666666669,153.33333333333334,153.33333333333334,163.33333333333334,18.0,0,None,
6,Vessel 5,6,Evac Area 3 Dock,Safe Area 3 Marina,163.33333333333334,178.33333333333334,178.33333333333334,188.33333333333331,18.0,120,Evac Area 3,
7,Vessel 5,7,Safe Area 3 Marina,Evac Area 3 Dock,188.33333333333331,203.33333333333331,203.33333333333331,213.33333333333331,18.0,0,None,
8,Vessel 5,8,Evac Area 3 Dock,Safe Area 3 Marina,213.33333333333331,228.33333333333331,228.33333333333331,238.33333333333331,18.0,120,Evac Area 3,
1,Vessel 6,1,Safe Area 1 Terminal,Evac Area 4 Beach,30.0,51.599999999999994,51.599999999999994,54.599999999999994,25.0,0,None,
2,Vessel 6,2,Evac Area 4 Beach,Safe Area 3 Marina,54.599999999999994,72.6,72.6,75.6,25.0,12,Evac Area 4,
3,Vessel 6,3,Safe Area 3 Marina,Evac Area 4 Beach,75.6,93.6,93.6,96.6,25.0,0,None,
4,Vessel 6,4,Evac Area 4 Beach,Safe Area 2 Harbor,96.6,114.84,114.84,117.84,25.0,12,Evac Area 4,
5,Vessel 6,5,Safe Area 2 Harbor,Evac Area 2 Marina,117.84,129.83999999999995,129.83999999999995,132.83999999999995,25.0,0,None,
6,Vessel 6,6,Evac Area 2 Marina,Safe Area 2 Harbor,132.83999999999995,144.83999999999995,144.83999999999995,147.83999999999995,25.0,12,Evac Area 2,
7,Vessel 6,7,Safe Area 2 Harbor,Evac Area 2 Marina,147.83999999999995,159.83999999999995,159.83999999999995,162.83999999999995,25.0,0,None,
8,Vessel 6,8,Evac Area 2 Marina,Safe Area 2 Harbor,162.83999999999995,174.83999999999995,174.83999999999995,177.83999999999995,25.0,12,Evac Area 2,
9,Vessel 6,9,Safe Area 2 Harbor,Evac Area 2 Marina,177.83999999999995,189.84,189.84,192.84,25.0,0,None,
10,Vessel 6,10,Evac Area 2 Marina,Safe Area 2 Harbor,192.84,204.84,204.84,207.84,25.0,12,Evac Area 2,
11,Vessel 6,11,Safe Area 2 Harbor,Evac Area 2 Marina,207.84,219.84,219.84,222.84,25.0,0,None,
12,Vessel 6,12,Evac Area 2 Marina,Safe Area 2 Harbor,222.84,234.84,234.84,237.84,25.0,12,Evac Area 2,
1,Vessel 1,1,Safe Area 1 Terminal,Evac Area 1 Ferry Terminal,246.88,260.88,260.88,270.88,12.0,0,None,yes
2,Vessel 1,2,Evac Area 1 Ferry Terminal,Safe Area 1 Terminal,270.88,284.88,284.88,294.88,12.0,18,Evac Area 1,yes
1,Vessel 2,1,Safe Area 2 Harbor,Evac Area 2 Marina,246.88,258.88,258.88,261.88,25.0,0,None,yes
2,Vessel 2,2,Evac Area 2 Marina,Safe Area 2 Harbor,261.88,273.88,273.88,276.88,25.0,12,Evac Area 2,yes
3,Vessel 2,3,Safe Area 2 Harbor,Evac Area 4 Dock,276.88,295.12,295.12,298.12,25.0,0,None,yes
4,Vessel 2,4,Evac Area 4 Dock,Safe Area 3 Marina,298.12,316.12,316.12,319.12,25.0,12,Evac Area 4,yes
5,Vessel 2,5,Safe Area 3 Marina,Evac Area 3 Dock,319.12,329.91999999999996,329.91999999999996,332.91999999999996,25.0,0,None,yes
6,Vessel 2,6,Evac Area 3 Dock,Safe Area 3 Marina,332.91999999999996,343.71999999999997,343.71999999999997,346.71999999999997,25.0,12,Evac Area 3,yes
1,Vessel 3,1,Safe Area 3 Marina,Evac Area 4 Beach,246.88,264.88,264.88,267.88,25.0,0,None,yes
2,Vessel 3,2,Evac Area 4 Beach,Safe Area 3 Marina,267.88,285.88,285.88,288.88,25.0,12,Evac Area 4,yes
3,Vessel 3,3,Safe Area 3 Marina,Evac Area 4 Beach,288.88,306.88,306.88,309.88,25.0,0,None,yes
4,Vessel 3,4,Evac Area 4 Beach,Safe Area 3 Marina,309.88,327.88,327.88,330.88,25.0,12,Evac Area 4,yes
1,Vessel 4,1,Safe Area 3 Marina,Evac Area 3 Dock,246.88,257.68,257.68,262.68,25.0,0,None,yes
2,Vessel 4,2,Evac Area 3 Dock,Safe Area 3 Marina,262.68,273.48,273.48,278.48,25.0,38,Evac Area 3,yes
3,Vessel 4,3,Safe Area 3 Marina,Evac Area 3 Dock,278.48,289.28,289.28,294.28,25.0,0,None,yes
4,Vessel 4,4,Evac Area 3 Dock,Safe Area 3 Marina,294.28,305.08,305.08,310.08,25.0,27,Evac Area 3,yes
5,Vessel 4,5,Safe Area 3 Marina,Evac Area 4 Dock,310.08,328.08,328.08,333.08,25.0,0,None,yes
6,Vessel 4,6,Evac Area 4 Dock,Safe Area 3 Marina,333.08,351.08,351.08,356.08,25.0,38,Evac Area 4,yes
1,Vessel 5,1,Safe Area 3 Marina,Evac Area 2 Marina,246.88,270.2133333333333,270.2133333333333,280.2133333333333,18.0,0,None,yes
2,Vessel 5,2,Evac Area 2 Marina,Safe Area 2 Harbor,280.2133333333333,296.88,296.88,306.88,18.0,110,Evac Area 2,yes
1,Vessel 6,1,Safe Area 2 Harbor,Evac Area 2 Marina,246.88,258.88,258.88,261.88,25.0,0,None,yes
2,Vessel 6,2,Evac Area 2 Marina,Safe Area 2 Harbor,261.88,273.88,273.88,276.88,25.0,12,Evac Area 2,yes
3,Vessel 6,3,Safe Area 2 Harbor,Evac Area 2 Marina,276.88,288.88,288.88,291.88,25.0,0,None,yes
4,Vessel 6,4,Evac Area 2 Marina,Safe Area 2 Harbor,291.88,303.88,303.88,306.88,25.0,12,Evac Area 2,yes
5,Vessel 6,5,Safe Area 2 Harbor,Evac Area 4 Dock,306.88,325.12,325.12,328.12,25.0,0,None,yes
6,Vessel 6,6,Evac Area 4 Dock,Safe Area 3 Marina,328.12,346.12,346.12,349.12,25.0,9,Evac Area 4,yes
