segment_id,resource_id,route_segment_id,origin,destination,route_start_time,route_end_time,load_start_time,load_end_time,resource_speed,evacuees,evacuated_location
1,Vessel 1,1,Safe Area 1 Terminal,Evac Area 1 Ferry Terminal,10.0,24.0,24.0,34.0,12.0,0,None
2,Vessel 1,2,Evac Area 1 Ferry Terminal,Safe Area 1 Terminal,34.0,48.0,48.0,58.0,12.0,91,Evac Area 1
1,Vessel 1,1,Safe Area 1 Terminal,Evac Area 1 Ferry Terminal,60.0,74.0,74.0,84.0,12.0,0,None
2,Vessel 1,2,Evac Area 1 Ferry Terminal,Safe Area 1 Terminal,84.0,98.0,98.0,108.0,12.0,43,Evac Area 1
1,Vessel 1,1,Safe Area 1 Terminal,Evac Area 1 Ferry Terminal,120.0,134.0,134.0,144.0,12.0,0,None
2,Vessel 1,2,Evac Area 1 Ferry Terminal,Safe Area 1 Terminal,144.0,158.0,158.0,168.0,12.0,1,Evac Area 1
1,Vessel 2,1,Safe Area 2 Harbor,Evac Area 2 Marina,10.0,22.0,22.0,25.0,25.0,0,None
2,Vessel 2,2,Evac Area 2 Marina,Safe Area 3 Marina,25.0,41.80000000000001,41.80000000000001,44.80000000000001,25.0,12,Evac Area 2
3,Vessel 2,3,Safe Area 3 Marina,Evac Area 3 Dock,44.80000000000001,55.599999999999994,55.599999999999994,58.599999999999994,25.0,0,None
4,Vessel 2,4,Evac Area 3 Dock,Safe Area 3 Marina,58.599999999999994,69.39999999999999,69.39999999999999,72.39999999999999,25.0,12,Evac Area 3
1,Vessel 2,1,Safe Area 3 Marina,Evac Area 3 Dock,72.39999999999999,83.19999999999999,83.19999999999999,86.19999999999999,25.0,0,None
2,Vessel 2,2,Evac Area 3 Dock,Safe Area 3 Marina,86.19999999999999,97.0,97.0,100.0,25.0,12,Evac Area 3
3,Vessel 2,3,Safe Area 3 Marina,Evac Area 3 Dock,100.0,110.79999999999998,110.79999999999998,113.79999999999998,25.0,0,None
4,Vessel 2,4,Evac Area 3 Dock,Safe Area 3 Marina,113.79999999999998,124.59999999999998,124.59999999999998,127.59999999999998,25.0,12,Evac Area 3
1,Vessel 2,1,Safe Area 3 Marina,Evac Area 3 Dock,127.59999999999998,138.39999999999998,138.39999999999998,141.39999999999998,25.0,0,None
2,Vessel 2,2,Evac Area 3 Dock,Safe Area 3 Marina,141.39999999999998,152.2,152.2,155.2,25.0,12,Evac Area 3
3,Vessel 2,3,Safe Area 3 Marina,Evac Area 3 Dock,155.2,165.99999999999997,165.99999999999997,168.99999999999997,25.0,0,None
4,Vessel 2,4,Evac Area 3 Dock,Safe Area 3 Marina,168.99999999999997,179.79999999999995,179.79999999999995,182.79999999999995,25.0,12,Evac Area 3
1,Vessel 3,1,Safe Area 3 Marina,Evac Area 3 Dock,60.0,70.8,70.8,73.8,25.0,0,None
2,Vessel 3,2,Evac Area 3 Dock,Safe Area 3 Marina,73.8,84.6,84.6,87.6,25.0,12,Evac Area 3
1,Vessel 3,1,Safe Area 3 Marina,Evac Area 3 Dock,87.6,98.4,98.4,101.4,25.0,0,None
2,Vessel 3,2,Evac Area 3 Dock,Safe Area 3 Marina,101.4,112.2,112.2,115.2,25.0,12,Evac Area 3
3,Vessel 3,3,Safe Area 3 Marina,Evac Area 3 Dock,115.2,126.0,126.0,129.0,25.0,0,None
4,Vessel 3,4,Evac Area 3 Dock,Safe Area 3 Marina,129.0,139.79999999999998,139.79999999999998,142.79999999999998,25.0,12,Evac Area 3
1,Vessel 3,1,Safe Area 3 Marina,Evac Area 3 Dock,142.79999999999998,153.59999999999997,153.59999999999997,156.59999999999997,25.0,0,None
2,Vessel 3,2,Evac Area 3 Dock,Safe Area 3 Marina,156.59999999999997,167.39999999999998,167.39999999999998,170.39999999999998,25.0,12,Evac Area 3
3,Vessel 3,3,Safe Area 3 Marina,Evac Area 3 Dock,170.39999999999998,181.2,181.2,184.2,25.0,0,None
4,Vessel 3,4,Evac Area 3 Dock,Safe Area 3 Marina,184.2,195.0,195.0,198.0,25.0,12,Evac Area 3
1,Vessel 4,1,Safe Area 1 Terminal,Evac Area 3 Dock,10.0,22.0,22.0,27.0,25.0,0,None
2,Vessel 4,2,Evac Area 3 Dock,Safe Area 3 Marina,27.0,37.80000000000001,37.80000000000001,42.80000000000001,25.0,38,Evac Area 3
3,Vessel 4,3,Safe Area 3 Marina,Evac Area 3 Dock,42.80000000000001,53.599999999999994,53.599999999999994,58.599999999999994,25.0,0,None
4,Vessel 4,4,Evac Area 3 Dock,Safe Area 3 Marina,58.599999999999994,69.39999999999999,69.39999999999999,74.39999999999999,25.0,38,Evac Area 3
1,Vessel 4,1,Safe Area 3 Marina,Evac Area 3 Dock,74.39999999999999,85.19999999999999,85.19999999999999,90.2,25.0,0,None
2,Vessel 4,2,Evac Area 3 Dock,Safe Area 3 Marina,90.2,101.0,101.0,106.0,25.0,38,Evac Area 3
3,Vessel 4,3,Safe Area 3 Marina,Evac Area 3 Dock,106.0,116.79999999999998,116.79999999999998,121.79999999999998,25.0,0,None
4,Vessel 4,4,Evac Area 3 Dock,Safe Area 3 Marina,121.79999999999998,132.59999999999997,132.59999999999997,137.59999999999997,25.0,38,Evac Area 3
1,Vessel 4,1,Safe Area 3 Marina,Evac Area 2 Marina,137.59999999999997,154.39999999999998,154.39999999999998,159.39999999999998,25.0,0,None
2,Vessel 4,2,Evac Area 2 Marina,Safe Area 2 Harbor,159.39999999999998,171.39999999999998,171.39999999999998,176.39999999999998,25.0,31,Evac Area 2
3,Vessel 4,3,Safe Area 2 Harbor,Evac Area 2 Marina,176.39999999999998,188.4,188.4,193.4,25.0,0,None
4,Vessel 4,4,Evac Area 2 Marina,Safe Area 2 Harbor,193.4,205.4,205.4,210.4,25.0,38,Evac Area 2
1,Vessel 5,1,Safe Area 1 Terminal,Evac Area 3 Dock,30.0,46.666666666666686,46.666666666666686,56.66666666666667,18.0,0,None
2,Vessel 5,2,Evac Area 3 Dock,Safe Area 3 Marina,56.66666666666667,71.66666666666667,71.66666666666667,81.66666666666667,18.0,120,Evac Area 3
1,Vessel 5,1,Safe Area 3 Marina,Evac Area 3 Dock,81.66666666666667,96.66666666666669,96.66666666666669,106.66666666666669,18.0,0,None
2,Vessel 5,2,Evac Area 3 Dock,Safe Area 3 Marina,106.66666666666669,121.66666666666669,121.66666666666669,131.66666666666669,18.0,120,Evac Area 3
1,Vessel 5,1,Safe Area 3 Marina,Evac Area 4 Dock,131.66666666666669,156.66666666666669,156.66666666666669,166.66666666666669,18.0,0,None
2,Vessel 5,2,Evac Area 4 Dock,Safe Area 3 Marina,166.66666666666669,191.66666666666669,191.66666666666669,201.66666666666669,18.0,97,Evac Area 4
1,Vessel 6,1,Safe Area 1 Terminal,Evac Area 3 Dock,30.0,42.0,42.0,45.0,25.0,0,None
2,Vessel 6,2,Evac Area 3 Dock,Safe Area 3 Marina,45.0,55.8,55.8,58.8,25.0,12,Evac Area 3
3,Vessel 6,3,Safe Area 3 Marina,Evac Area 3 Dock,58.8,69.6,69.6,72.6,25.0,0,None
4,Vessel 6,4,Evac Area 3 Dock,Safe Area 3 Marina,72.6,83.39999999999999,83.39999999999999,86.39999999999999,25.0,12,Evac Area 3
1,Vessel 6,1,Safe Area 3 Marina,Evac Area 3 Dock,86.39999999999999,97.2,97.2,100.2,25.0,0,None
2,Vessel 6,2,Evac Area 3 Dock,Safe Area 3 Marina,100.2,111.0,111.0,114.0,25.0,12,Evac Area 3
3,Vessel 6,3,Safe Area 3 Marina,Evac Area 4 Beach,114.0,132.0,132.0,135.0,25.0,0,None
4,Vessel 6,4,Evac Area 4 Beach,Safe Area 3 Marina,135.0,153.0,153.0,156.0,25.0,12,Evac Area 4
1,Vessel 6,1,Safe Area 3 Marina,Evac Area 3 Dock,156.0,166.8,166.8,169.8,25.0,0,None
2,Vessel 6,2,Evac Area 3 Dock,Safe Area 1 Terminal,169.8,181.8,181.8,184.8,25.0,8,Evac Area 3
1,Vessel 2,1,Safe Area 3 Marina,Evac Area 2 Marina,182.79999999999995,199.59999999999997,199.59999999999997,202.59999999999997,25.0,0,None
2,Vessel 2,2,Evac Area 2 Marina,Safe Area 2 Harbor,202.59999999999997,214.59999999999997,214.59999999999997,217.59999999999997,25.0,12,Evac Area 2
3,Vessel 2,3,Safe Area 2 Harbor,Evac Area 2 Marina,217.59999999999997,229.59999999999997,229.59999999999997,232.59999999999997,25.0,0,None
4,Vessel 2,4,Evac Area 2 Marina,Safe Area 2 Harbor,232.59999999999997,244.59999999999997,244.59999999999997,247.59999999999997,25.0,12,Evac Area 2
5,Vessel 2,5,Safe Area 2 Harbor,Evac Area 2 Marina,247.59999999999997,259.59999999999997,259.59999999999997,262.59999999999997,25.0,0,None
6,Vessel 2,6,Evac Area 2 Marina,Safe Area 2 Harbor,262.59999999999997,274.59999999999997,274.59999999999997,277.59999999999997,25.0,12,Evac Area 2
7,Vessel 2,7,Safe Area 2 Harbor,Evac Area 2 Marina,277.59999999999997,289.59999999999997,289.59999999999997,292.59999999999997,25.0,0,None
8,Vessel 2,8,Evac Area 2 Marina,Safe Area 2 Harbor,292.59999999999997,304.59999999999997,304.59999999999997,307.59999999999997,25.0,12,Evac Area 2
9,Vessel 2,9,Safe Area 2 Harbor,Evac Area 2 Marina,307.59999999999997,319.59999999999997,319.59999999999997,322.59999999999997,25.0,0,None
10,Vessel 2,10,Evac Area 2 Marina,Safe Area 2 Harbor,322.59999999999997,334.59999999999997,334.59999999999997,337.59999999999997,25.0,12,Evac Area 2
11,Vessel 2,11,Safe Area 2 Harbor,Evac Area 2 Marina,337.59999999999997,349.59999999999997,349.59999999999997,352.59999999999997,25.0,0,None
12,Vessel 2,12,Evac Area 2 Marina,Safe Area 2 Harbor,352.59999999999997,364.59999999999997,364.59999999999997,367.59999999999997,25.0,12,Evac Area 2
13,Vessel 2,13,Safe Area 2 Harbor,Evac Area 2 Marina,367.59999999999997,379.59999999999997,379.59999999999997,382.59999999999997,25.0,0,None
14,Vessel 2,14,Evac Area 2 Marina,Safe Area 2 Harbor,382.59999999999997,394.59999999999997,394.59999999999997,397.59999999999997,25.0,12,Evac Area 2
15,Vessel 2,15,Safe Area 2 Harbor,Evac Area 2 Marina,397.59999999999997,409.59999999999997,409.59999999999997,412.59999999999997,25.0,0,None
16,Vessel 2,16,Evac Area 2 Marina,Safe Area 2 Harbor,412.59999999999997,424.59999999999997,424.59999999999997,427.59999999999997,25.0,12,Evac Area 2
17,Vessel 2,17,Safe Area 2 Harbor,Evac Area 2 Marina,427.59999999999997,439.59999999999997,439.59999999999997,442.59999999999997,25.0,0,None
18,Vessel 2,18,Evac Area 2 Marina,Safe Area 2 Harbor,442.59999999999997,454.59999999999997,454.59999999999997,457.59999999999997,25.0,12,Evac Area 2
19,Vessel 2,19,Safe Area 2 Harbor,Evac Area 2 Marina,457.59999999999997,469.59999999999997,469.59999999999997,472.59999999999997,25.0,0,None
20,Vessel 2,20,Evac Area 2 Marina,Safe Area 2 Harbor,472.59999999999997,484.59999999999997,484.59999999999997,487.59999999999997,25.0,1,Evac Area 2
1,Vessel 3,1,Safe Area 3 Marina,Evac Area 2 Marina,198.0,214.8,214.8,217.8,25.0,0,None
2,Vessel 3,2,Evac Area 2 Marina,Safe Area 2 Harbor,217.8,229.8,229.8,232.8,25.0,12,Evac Area 2
3,Vessel 3,3,Safe Area 2 Harbor,Evac Area 2 Marina,232.8,244.8,244.8,247.8,25.0,0,None
4,Vessel 3,4,Evac Area 2 Marina,Safe Area 2 Harbor,247.8,259.8,259.8,262.8,25.0,12,Evac Area 2
5,Vessel 3,5,Safe Area 2 Harbor,Evac Area 2 Marina,262.8,274.8,274.8,277.8,25.0,0,None
6,Vessel 3,6,Evac Area 2 Marina,Safe Area 2 Harbor,277.8,289.8,289.8,292.8,25.0,12,Evac Area 2
7,Vessel 3,7,Safe Area 2 Harbor,Evac Area 2 Marina,292.8,304.8,304.8,307.8,25.0,0,None
8,Vessel 3,8,Evac Area 2 Marina,Safe Area 2 Harbor,307.8,319.8,319.8,322.8,25.0,12,Evac Area 2
9,Vessel 3,9,Safe Area 2 Harbor,Evac Area 2 Marina,322.8,334.8,334.8,337.8,25.0,0,None
10,Vessel 3,10,Evac Area 2 Marina,Safe Area 2 Harbor,337.8,349.8,349.8,352.8,25.0,12,Evac Area 2
11,Vessel 3,11,Safe Area 2 Harbor,Evac Area 2 Marina,352.8,364.8,364.8,367.8,25.0,0,None
12,Vessel 3,12,Evac Area 2 Marina,Safe Area 2 Harbor,367.8,379.8,379.8,382.8,25.0,12,Evac Area 2
13,Vessel 3,13,Safe Area 2 Harbor,Evac Area 2 Marina,382.8,394.8,394.8,397.8,25.0,0,None
14,Vessel 3,14,Evac Area 2 Marina,Safe Area 2 Harbor,397.8,409.8,409.8,412.8,25.0,12,Evac Area 2
15,Vessel 3,15,Safe Area 2 Harbor,Evac Area 2 Marina,412.8,424.8,424.8,427.8,25.0,0,None
16,Vessel 3,16,Evac Area 2 Marina,Safe Area 2 Harbor,427.8,439.8,439.8,442.8,25.0,12,Evac Area 2
17,Vessel 3,17,Safe Area 2 Harbor,Evac Area 2 Marina,442.8,454.8,454.8,457.8,25.0,0,None
18,Vessel 3,18,Evac Area 2 Marina,Safe Area 2 Harbor,457.8,469.8,469.8,472.8,25.0,12,Evac Area 2
1,Vessel 4,1,Safe Area 2 Harbor,Evac Area 2 Marina,210.4,222.4,222.4,227.4,25.0,0,None
2,Vessel 4,2,Evac Area 2 Marina,Safe Area 2 Harbor,227.4,239.4,239.4,244.4,25.0,38,Evac Area 2
3,Vessel 4,3,Safe Area 2 Harbor,Evac Area 2 Marina,244.4,256.4,256.4,261.4,25.0,0,None
4,Vessel 4,4,Evac Area 2 Marina,Safe Area 2 Harbor,261.4,273.4,273.4,278.4,25.0,38,Evac Area 2
5,Vessel 4,5,Safe Area 2 Harbor,Evac Area 2 Marina,278.4,290.4,290.4,295.4,25.0,0,None
6,Vessel 4,6,Evac Area 2 Marina,Safe Area 2 Harbor,295.4,307.4,307.4,312.4,25.0,38,Evac Area 2
7,Vessel 4,7,Safe Area 2 Harbor,Evac Area 2 Marina,312.4,324.4,324.4,329.4,25.0,0,None
8,Vessel 4,8,Evac Area 2 Marina,Safe Area 2 Harbor,329.4,341.4,341.4,346.4,25.0,38,Evac Area 2
9,Vessel 4,9,Safe Area 2 Harbor,Evac Area 2 Marina,346.4,358.4,358.4,363.4,25.0,0,None
10,Vessel 4,10,Evac Area 2 Marina,Safe Area 2 Harbor,363.4,375.4,375.4,380.4,25.0,38,Evac Area 2
11,Vessel 4,11,Safe Area 2 Harbor,Evac Area 2 Marina,380.4,392.4,392.4,397.4,25.0,0,None
12,Vessel 4,12,Evac Area 2 Marina,Safe Area 2 Harbor,397.4,409.4,409.4,414.4,25.0,38,Evac Area 2
13,Vessel 4,13,Safe Area 2 Harbor,Evac Area 2 Marina,414.4,426.4,426.4,431.4,25.0,0,None
14,Vessel 4,14,Evac Area 2 Marina,Safe Area 2 Harbor,431.4,443.4,443.4,448.4,25.0,38,Evac Area 2
15,Vessel 4,15,Safe Area 2 Harbor,Evac Area 2 Marina,448.4,460.4,460.4,465.4,25.0,0,None
16,Vessel 4,16,Evac Area 2 Marina,Safe Area 2 Harbor,465.4,477.4,477.4,482.4,25.0,38,Evac Area 2
1,Vessel 5,1,Safe Area 3 Marina,Evac Area 3 Dock,201.66666666666669,216.66666666666669,216.66666666666669,226.66666666666669,18.0,0,None
2,Vessel 5,2,Evac Area 3 Dock,Safe Area 3 Marina,226.66666666666669,241.66666666666669,241.66666666666669,251.66666666666669,18.0,120,Evac Area 3
3,Vessel 5,3,Safe Area 3 Marina,Evac Area 3 Dock,251.66666666666669,266.6666666666667,266.6666666666667,276.6666666666667,18.0,0,None
4,Vessel 5,4,Evac Area 3 Dock,Safe Area 3 Marina,276.6666666666667,291.6666666666667,291.6666666666667,301.6666666666667,18.0,120,Evac Area 3
5,Vessel 5,5,Safe Area 3 Marina,Evac Area 3 Dock,301.6666666666667,316.6666666666667,316.6666666666667,326.6666666666667,18.0,0,None
6,Vessel 5,6,Evac Area 3 Dock,Safe Area 3 Marina,326.6666666666667,341.6666666666667,341.6666666666667,351.6666666666667,18.0,120,Evac Area 3
7,Vessel 5,7,Safe Area 3 Marina,Evac Area 3 Dock,351.6666666666667,366.6666666666667,366.6666666666667,376.6666666666667,18.0,0,None
8,Vessel 5,8,Evac Area 3 Dock,Safe Area 3 Marina,376.6666666666667,391.6666666666667,391.6666666666667,401.6666666666667,18.0,120,Evac Area 3
9,Vessel 5,9,Safe Area 3 Marina,Evac Area 3 Dock,401.6666666666667,416.6666666666667,416.6666666666667,426.6666666666667,18.0,0,None
10,Vessel 5,10,Evac Area 3 Dock,Safe Area 3 Marina,426.6666666666667,441.6666666666667,441.6666666666667,451.6666666666667,18.0,120,Evac Area 3
11,Vessel 5,11,Safe Area 3 Marina,Evac Area 3 Dock,451.6666666666667,466.6666666666667,466.6666666666667,476.6666666666667,18.0,0,None
12,Vessel 5,12,Evac Area 3 Dock,Safe Area 3 Marina,476.6666666666667,491.6666666666667,491.6666666666667,501.6666666666667,18.0,120,Evac Area 3
1,Vessel 6,1,Safe Area 1 Terminal,Evac Area 3 Dock,184.8,196.8,196.8,199.8,25.0,0,None
2,Vessel 6,2,Evac Area 3 Dock,Safe Area 1 Terminal,199.8,211.8,211.8,214.8,25.0,12,Evac Area 3
3,Vessel 6,3,Safe Area 1 Terminal,Evac Area 3 Dock,214.8,226.8,226.8,229.8,25.0,0,None
4,Vessel 6,4,Evac Area 3 Dock,Safe Area 3 Marina,229.8,240.60000000000002,240.60000000000002,243.60000000000002,25.0,12,Evac Area 3
5,Vessel 6,5,Safe Area 3 Marina,Evac Area 3 Dock,243.60000000000002,254.4,254.4,257.4,25.0,0,None
6,Vessel 6,6,Evac Area 3 Dock,Safe Area 3 Marina,257.4,268.2,268.2,271.2,25.0,12,Evac Area 3
7,Vessel 6,7,Safe Area 3 Marina,Evac Area 3 Dock,271.2,282.0,282.0,285.0,25.0,0,None
8,Vessel 6,8,Evac Area 3 Dock,Safe Area 3 Marina,285.0,295.8,295.8,298.8,25.0,12,Evac Area 3
9,Vessel 6,9,Safe Area 3 Marina,Evac Area 3 Dock,298.8,309.6,309.6,312.6,25.0,0,None
10,Vessel 6,10,Evac Area 3 Dock,Safe Area 3 Marina,312.6,323.4,323.4,326.4,25.0,12,Evac Area 3
11,Vessel 6,11,Safe Area 3 Marina,Evac Area 3 Dock,326.4,337.20000000000005,337.20000000000005,340.20000000000005,25.0,0,None
12,Vessel 6,12,Evac Area 3 Dock,Safe Area 3 Marina,340.20000000000005,351.0,351.0,354.0,25.0,12,Evac Area 3
13,Vessel 6,13,Safe Area 3 Marina,Evac Area 3 Dock,354.0,364.80000000000007,364.80000000000007,367.80000000000007,25.0,0,None
14,Vessel 6,14,Evac Area 3 Dock,Safe Area 3 Marina,367.80000000000007,378.6,378.6,381.6,25.0,12,Evac Area 3
15,Vessel 6,15,Safe Area 3 Marina,Evac Area 3 Dock,381.6,392.4000000000001,392.4000000000001,395.4000000000001,25.0,0,None
16,Vessel 6,16,Evac Area 3 Dock,Safe Area 3 Marina,395.4000000000001,406.20000000000005,406.20000000000005,409.20000000000005,25.0,10,Evac Area 3
