segment_id,resource_id,route_segment_id,origin,destination,route_start_time,route_end_time,load_start_time,load_end_time,resource_speed,evacuees,evacuated_location
1,Vessel 1,1,Safe Area 1 Terminal,Evac Area 1 Ferry Terminal,10.0,24.0,24.0,34.0,12.0,0,None
2,Vessel 1,2,Evac Area 1 Ferry Terminal,Safe Area 1 Terminal,34.0,48.0,48.0,58.0,12.0,116,Evac Area 1
1,Vessel 1,1,Safe Area 1 Terminal,Evac Area 1 Ferry Terminal,58.0,72.0,72.0,82.0,12.0,0,None
2,Vessel 1,2,Evac Area 1 Ferry Terminal,Safe Area 1 Terminal,82.0,96.0,96.0,106.0,12.0,11,Evac Area 1
1,Vessel 2,1,Safe Area 2 Harbor,Evac Area 2 Marina,10.0,22.0,22.0,25.0,25.0,0,None
2,Vessel 2,2,Evac Area 2 Marina,Safe Area 2 Harbor,25.0,37.0,37.0,40.0,25.0,12,Evac Area 2
1,Vessel 2,1,Safe Area 2 Harbor,Evac Area 2 Marina,40.0,52.0,52.0,55.0,25.0,0,None
2,Vessel 2,2,Evac Area 2 Marina,Safe Area 2 Harbor,55.0,67.0,67.0,70.0,25.0,12,Evac Area 2
1,Vessel 3,1,Safe Area 3 Marina,Evac Area 4 Dock,60.0,78.0,78.0,81.0,25.0,0,None
2,Vessel 3,2,Evac Area 4 Dock,Safe Area 3 Marina,81.0,99.0,99.0,102.0,25.0,12,Evac Area 4
1,Vessel 4,1,Safe Area 1 Terminal,Evac Area 2 Marina,10.0,34.0,34.0,39.0,25.0,0,None
2,Vessel 4,2,Evac Area 2 Marina,Safe Area 2 Harbor,39.0,51.0,51.0,56.0,25.0,38,Evac Area 2
1,Vessel 4,1,Safe Area 2 Harbor,Evac Area 4 Dock,56.0,74.24,74.24,79.24,25.0,0,None
2,Vessel 4,2,Evac Area 4 Dock,Safe Area 3 Marina,79.24,97.24,97.24,102.24,25.0,28,Evac Area 4
1,Vessel 5,1,Safe Area 1 Terminal,Evac Area 3 Dock,30.0,46.66666666666667,46.66666666666667,56.66666666666667,18.0,0,None
2,Vessel 5,2,Evac Area 3 Dock,Safe Area 3 Marina,56.66666666666667,71.66666666666667,71.66666666666667,81.66666666666667,18.0,120,Evac Area 3
1,Vessel 6,1,Safe Area 1 Terminal,Evac Area 3 Dock,30.0,42.0,42.0,45.0,25.0,0,None
2,Vessel 6,2,Evac Area 3 Dock,Safe Area 3 Marina,45.0,55.8,55.8,58.8,25.0,12,Evac Area 3
1,Vessel 6,1,Safe Area 3 Marina,Evac Area 3 Dock,58.8,69.6,69.6,72.6,25.0,0,None
2,Vessel 6,2,Evac Area 3 Dock,Safe Area 3 Marina,72.6,83.39999999999999,83.39999999999999,86.39999999999999,25.0,12,Evac Area 3
1,Vessel 2,1,Safe Area 2 Harbor,Evac Area 2 Marina,70.0,82.0,82.0,85.0,25.0,0,None
2,Vessel 2,2,Evac Area 2 Marina,Safe Area 2 Harbor,85.0,97.0,97.0,100.0,25.0,12,Evac Area 2
3,Vessel 2,3,Safe Area 2 Harbor,Evac Area 2 Marina,100.0,112.0,112.0,115.0,25.0,0,None
4,Vessel 2,4,Evac Area 2 Marina,Safe Area 2 Harbor,115.0,127.0,127.0,130.0,25.0,12,Evac Area 2
5,Vessel 2,5,Safe Area 2 Harbor,Evac Area 2 Marina,130.0,142.0,142.0,145.0,25.0,0,None
6,Vessel 2,6,Evac Area 2 Marina,Safe Area 2 Harbor,145.0,157.0,157.0,160.0,25.0,12,Evac Area 2
7,Vessel 2,7,Safe Area 2 Harbor,Evac Area 2 Marina,160.0,172.0,172.0,175.0,25.0,0,None
8,Vessel 2,8,Evac Area 2 Marina,Safe Area 2 Harbor,175.0,187.0,187.0,190.0,25.0,12,Evac Area 2
9,Vessel 2,9,Safe Area 2 Harbor,Evac Area 2 Marina,190.0,202.0,202.0,205.0,25.0,0,None
10,Vessel 2,10,Evac Area 2 Marina,Safe Area 2 Harbor,205.0,217.0,217.0,220.0,25.0,12,Evac Area 2
11,Vessel 2,11,Safe Area 2 Harbor,Evac Area 2 Marina,220.0,232.0,232.0,235.0,25.0,0,None
12,Vessel 2,12,Evac Area 2 Marina,Safe Area 2 Harbor,235.0,247.0,247.0,250.0,25.0,12,Evac Area 2
13,Vessel 2,13,Safe Area 2 Harbor,Evac Area 4 Dock,250.0,268.24,268.24,271.24,25.0,0,None
14,Vessel 2,14,Evac Area 4 Dock,Safe Area 2 Harbor,271.24,289.48,289.48,292.48,25.0,12,Evac Area 4
15,Vessel 2,15,Safe Area 2 Harbor,Evac Area 2 Marina,292.48,304.48,304.48,307.48,25.0,0,None
16,Vessel 2,16,Evac Area 2 Marina,Safe Area 2 Harbor,307.48,319.48,319.48,322.48,25.0,12,Evac Area 2
17,Vessel 2,17,Safe Area 2 Harbor,Evac Area 2 Marina,322.48,334.48,334.48,337.48,25.0,0,None
18,Vessel 2,18,Evac Area 2 Marina,Safe Area 2 Harbor,337.48,349.48,349.48,352.48,25.0,12,Evac Area 2
19,Vessel 2,19,Safe Area 2 Harbor,Evac Area 2 Marina,352.48,364.48,364.48,367.48,25.0,0,None
20,Vessel 2,20,Evac Area 2 Marina,Safe Area 2 Harbor,367.48,379.48,379.48,382.48,25.0,12,Evac Area 2
21,Vessel 2,21,Safe Area 2 Harbor,Evac Area 2 Marina,382.48,394.48,394.48,397.48,25.0,0,None
22,Vessel 2,22,Evac Area 2 Marina,Safe Area 2 Harbor,397.48,409.48,409.48,412.48,25.0,12,Evac Area 2
23,Vessel 2,23,Safe Area 2 Harbor,Evac Area 2 Marina,412.48,424.48,424.48,427.48,25.0,0,None
24,Vessel 2,24,Evac Area 2 Marina,Safe Area 2 Harbor,427.48,439.48,439.48,442.48,25.0,12,Evac Area 2
25,Vessel 2,25,Safe Area 2 Harbor,Evac Area 2 Marina,442.48,454.48,454.48,457.48,25.0,0,None
26,Vessel 2,26,Evac Area 2 Marina,Safe Area 2 Harbor,457.48,469.48,469.48,472.48,25.0,12,Evac Area 2
27,Vessel 2,27,Safe Area 2 Harbor,Evac Area 4 Beach,472.48,490.72,490.72,493.72,25.0,0,None
28,Vessel 2,28,Evac Area 4 Beach,Safe Area 3 Marina,493.72,511.72,511.72,514.72,25.0,5,Evac Area 4
29,Vessel 2,29,Safe Area 3 Marina,Evac Area 3 Dock,514.72,525.52,525.52,528.52,25.0,0,None
30,Vessel 2,30,Evac Area 3 Dock,Safe Area 3 Marina,528.52,539.32,539.32,542.32,25.0,12,Evac Area 3
1,Vessel 3,1,Safe Area 3 Marina,Evac Area 3 Dock,102.0,112.8,112.8,115.8,25.0,0,None
2,Vessel 3,2,Evac Area 3 Dock,Safe Area 3 Marina,115.8,126.6,126.6,129.6,25.0,12,Evac Area 3
3,Vessel 3,3,Safe Area 3 Marina,Evac Area 3 Dock,129.6,140.39999999999998,140.39999999999998,143.39999999999998,25.0,0,None
4,Vessel 3,4,Evac Area 3 Dock,Safe Area 3 Marina,143.39999999999998,154.2,154.2,157.2,25.0,12,Evac Area 3
5,Vessel 3,5,Safe Area 3 Marina,Evac Area 3 Dock,157.2,168.0,168.0,171.0,25.0,0,None
6,Vessel 3,6,Evac Area 3 Dock,Safe Area 3 Marina,171.0,181.79999999999998,181.79999999999998,184.79999999999998,25.0,12,Evac Area 3
7,Vessel 3,7,Safe Area 3 Marina,Evac Area 3 Dock,184.79999999999998,195.6,195.6,198.6,25.0,0,None
8,Vessel 3,8,Evac Area 3 Dock,Safe Area 3 Marina,198.6,209.4,209.4,212.4,25.0,12,Evac Area 3
9,Vessel 3,9,Safe Area 3 Marina,Evac Area 3 Dock,212.4,223.20000000000002,223.20000000000002,226.20000000000002,25.0,0,None
10,Vessel 3,10,Evac Area 3 Dock,Safe Area 3 Marina,226.20000000000002,237.00000000000003,237.00000000000003,240.00000000000003,25.0,12,Evac Area 3
11,Vessel 3,11,Safe Area 3 Marina,Evac Area 3 Dock,240.00000000000003,250.80000000000004,250.80000000000004,253.80000000000004,25.0,0,None
12,Vessel 3,12,Evac Area 3 Dock,Safe Area 3 Marina,253.80000000000004,264.6,264.6,267.6,25.0,12,Evac Area 3
13,Vessel 3,13,Safe Area 3 Marina,Evac Area 3 Dock,267.6,278.4000000000001,278.4000000000001,281.4000000000001,25.0,0,None
14,Vessel 3,14,Evac Area 3 Dock,Safe Area 3 Marina,281.4000000000001,292.20000000000005,292.20000000000005,295.20000000000005,25.0,12,Evac Area 3
15,Vessel 3,15,Safe Area 3 Marina,Evac Area 3 Dock,295.20000000000005,306.0000000000001,306.0000000000001,309.0000000000001,25.0,0,None
16,Vessel 3,16,Evac Area 3 Dock,Safe Area 3 Marina,309.0000000000001,319.80000000000007,319.80000000000007,322.80000000000007,25.0,12,Evac Area 3
17,Vessel 3,17,Safe Area 3 Marina,Evac Area 3 Dock,322.80000000000007,333.6000000000001,333.6000000000001,336.6000000000001,25.0,0,None
18,Vessel 3,18,Evac Area 3 Dock,Safe Area 3 Marina,336.6000000000001,347.4000000000001,347.4000000000001,350.4000000000001,25.0,12,Evac Area 3
19,Vessel 3,19,Safe Area 3 Marina,Evac Area 3 Dock,350.4000000000001,361.2000000000001,361.2000000000001,364.2000000000001,25.0,0,None
20,Vessel 3,20,Evac Area 3 Dock,Safe Area 3 Marina,364.2000000000001,375.0000000000001,375.0000000000001,378.0000000000001,25.0,12,Evac Area 3
21,Vessel 3,21,Safe Area 3 Marina,Evac Area 3 Dock,378.0000000000001,388.8000000000001,388.8000000000001,391.8000000000001,25.0,0,None
22,Vessel 3,22,Evac Area 3 Dock,Safe Area 3 Marina,391.8000000000001,402.60000000000014,402.60000000000014,405.60000000000014,25.0,12,Evac Area 3
23,Vessel 3,23,Safe Area 3 Marina,Evac Area 3 Dock,405.60000000000014,416.40000000000015,416.40000000000015,419.40000000000015,25.0,0,None
24,Vessel 3,24,Evac Area 3 Dock,Safe Area 3 Marina,419.40000000000015,430.20000000000016,430.20000000000016,433.20000000000016,25.0,12,Evac Area 3
25,Vessel 3,25,Safe Area 3 Marina,Evac Area 3 Dock,433.20000000000016,444.00000000000017,444.00000000000017,447.00000000000017,25.0,0,None
26,Vessel 3,26,Evac Area 3 Dock,Safe Area 3 Marina,447.00000000000017,457.8000000000002,457.8000000000002,460.8000000000002,25.0,12,Evac Area 3
27,Vessel 3,27,Safe Area 3 Marina,Evac Area 3 Dock,460.8000000000002,471.6000000000002,471.6000000000002,474.6000000000002,25.0,0,None
28,Vessel 3,28,Evac Area 3 Dock,Safe Area 3 Marina,474.6000000000002,485.4000000000002,485.4000000000002,488.4000000000002,25.0,12,Evac Area 3
29,Vessel 3,29,Safe Area 3 Marina,Evac Area 3 Dock,488.4000000000002,499.2000000000002,499.2000000000002,502.2000000000002,25.0,0,None
30,Vessel 3,30,Evac Area 3 Dock,Safe Area 3 Marina,502.2000000000002,513.0000000000002,513.0000000000002,516.0000000000002,25.0,12,Evac Area 3
31,Vessel 3,31,Safe Area 3 Marina,Evac Area 3 Dock,516.0000000000002,526.8000000000002,526.8000000000002,529.8000000000002,25.0,0,None
32,Vessel 3,32,Evac Area 3 Dock,Safe Area 3 Marina,529.8000000000002,540.6000000000003,540.6000000000003,543.6000000000003,25.0,12,Evac Area 3
1,Vessel 4,1,Safe Area 3 Marina,Evac Area 4 Dock,102.24,120.24,120.24,125.24,25.0,0,None
2,Vessel 4,2,Evac Area 4 Dock,Safe Area 2 Harbor,125.24,143.48,143.48,148.48,25.0,38,Evac Area 4
3,Vessel 4,3,Safe Area 2 Harbor,Evac Area 2 Marina,148.48,160.48,160.48,165.48,25.0,0,None
4,Vessel 4,4,Evac Area 2 Marina,Safe Area 2 Harbor,165.48,177.48,177.48,182.48,25.0,38,Evac Area 2
5,Vessel 4,5,Safe Area 2 Harbor,Evac Area 2 Marina,182.48,194.48,194.48,199.48,25.0,0,None
6,Vessel 4,6,Evac Area 2 Marina,Safe Area 2 Harbor,199.48,211.48,211.48,216.48,25.0,38,Evac Area 2
7,Vessel 4,7,Safe Area 2 Harbor,Evac Area 2 Marina,216.48,228.48,228.48,233.48,25.0,0,None
8,Vessel 4,8,Evac Area 2 Marina,Safe Area 2 Harbor,233.48,245.48,245.48,250.48,25.0,38,Evac Area 2
9,Vessel 4,9,Safe Area 2 Harbor,Evac Area 2 Marina,250.48,262.48,262.48,267.48,25.0,0,None
10,Vessel 4,10,Evac Area 2 Marina,Safe Area 2 Harbor,267.48,279.48,279.48,284.48,25.0,38,Evac Area 2
11,Vessel 4,11,Safe Area 2 Harbor,Evac Area 2 Marina,284.48,296.48,296.48,301.48,25.0,0,None
12,Vessel 4,12,Evac Area 2 Marina,Safe Area 2 Harbor,301.48,313.48,313.48,318.48,25.0,38,Evac Area 2
13,Vessel 4,13,Safe Area 2 Harbor,Evac Area 2 Marina,318.48,330.48,330.48,335.48,25.0,0,None
14,Vessel 4,14,Evac Area 2 Marina,Safe Area 2 Harbor,335.48,347.48,347.48,352.48,25.0,38,Evac Area 2
15,Vessel 4,15,Safe Area 2 Harbor,Evac Area 2 Marina,352.48,364.48,364.48,369.48,25.0,0,None
16,Vessel 4,16,Evac Area 2 Marina,Safe Area 2 Harbor,369.48,381.48,381.48,386.48,25.0,38,Evac Area 2
17,Vessel 4,17,Safe Area 2 Harbor,Evac Area 2 Marina,386.48,398.48,398.48,403.48,25.0,0,None
18,Vessel 4,18,Evac Area 2 Marina,Safe Area 2 Harbor,403.48,415.48,415.48,420.48,25.0,38,Evac Area 2
19,Vessel 4,19,Safe Area 2 Harbor,Evac Area 2 Marina,420.48,432.48,432.48,437.48,25.0,0,None
20,Vessel 4,20,Evac Area 2 Marina,Safe Area 2 Harbor,437.48,449.48,449.48,454.48,25.0,38,Evac Area 2
21,Vessel 4,21,Safe Area 2 Harbor,Evac Area 2 Marina,454.48,466.48,466.48,471.48,25.0,0,None
22,Vessel 4,22,Evac Area 2 Marina,Safe Area 2 Harbor,471.48,483.48,483.48,488.48,25.0,38,Evac Area 2
23,Vessel 4,23,Safe Area 2 Harbor,Evac Area 2 Marina,488.48,500.48,500.48,505.48,25.0,0,None
24,Vessel 4,24,Evac Area 2 Marina,Safe Area 2 Harbor,505.48,517.48,517.48,522.48,25.0,38,Evac Area 2
25,Vessel 4,25,Safe Area 2 Harbor,Evac Area 2 Marina,522.48,534.48,534.48,539.48,25.0,0,None
26,Vessel 4,26,Evac Area 2 Marina,Safe Area 2 Harbor,539.48,551.48,551.48,556.48,25.0,33,Evac Area 2
1,Vessel 5,1,Safe Area 3 Marina,Evac Area 3 Dock,81.66666666666667,96.66666666666667,96.66666666666667,106.66666666666667,18.0,0,None
2,Vessel 5,2,Evac Area 3 Dock,Safe Area 3 Marina,106.66666666666667,121.66666666666667,121.66666666666667,131.66666666666669,18.0,120,Evac Area 3
3,Vessel 5,3,Safe Area 3 Marina,Evac Area 3 Dock,131.66666666666669,146.66666666666669,146.66666666666669,156.66666666666669,18.0,0,None
4,Vessel 5,4,Evac Area 3 Dock,Safe Area 3 Marina,156.66666666666669,171.66666666666669,171.66666666666669,181.66666666666669,18.0,120,Evac Area 3
5,Vessel 5,5,Safe Area 3 Marina,Evac Area 3 Dock,181.66666666666669,196.66666666666669,196.66666666666669,206.66666666666669,18.0,0,None
6,Vessel 5,6,Evac Area 3 Dock,Safe Area 3 Marina,206.66666666666669,221.66666666666669,221.66666666666669,231.66666666666669,18.0,120,Evac Area 3
7,Vessel 5,7,Safe Area 3 Marina,Evac Area 3 Dock,231.66666666666669,246.66666666666669,246.66666666666669,256.6666666666667,18.0,0,None
8,Vessel 5,8,Evac Area 3 Dock,Safe Area 3 Marina,256.6666666666667,271.6666666666667,271.6666666666667,281.6666666666667,18.0,120,Evac Area 3
9,Vessel 5,9,Safe Area 3 Marina,Evac Area 3 Dock,281.6666666666667,296.6666666666667,296.6666666666667,306.6666666666667,18.0,0,None
10,Vessel 5,10,Evac Area 3 Dock,Safe Area 3 Marina,306.6666666666667,321.6666666666667,321.6666666666667,331.6666666666667,18.0,120,Evac Area 3
11,Vessel 5,11,Safe Area 3 Marina,Evac Area 3 Dock,331.6666666666667,346.6666666666667,346.6666666666667,356.6666666666667,18.0,0,None
12,Vessel 5,12,Evac Area 3 Dock,Safe Area 3 Marina,356.6666666666667,371.6666666666667,371.6666666666667,381.6666666666667,18.0,120,Evac Area 3
13,Vessel 5,13,Safe Area 3 Marina,Evac Area 3 Dock,381.6666666666667,396.6666666666667,396.6666666666667,406.6666666666667,18.0,0,None
14,Vessel 5,14,Evac Area 3 Dock,Safe Area 3 Marina,406.6666666666667,421.6666666666667,421.6666666666667,431.6666666666667,18.0,118,Evac Area 3
15,Vessel 5,15,Safe Area 3 Marina,Evac Area 3 Dock,431.6666666666667,446.6666666666667,446.6666666666667,456.6666666666667,18.0,0,None
16,Vessel 5,16,Evac Area 3 Dock,Safe Area 3 Marina,456.6666666666667,471.6666666666667,471.6666666666667,481.6666666666667,18.0,120,Evac Area 3
17,Vessel 5,17,Safe Area 3 Marina,Evac Area 3 Dock,481.6666666666667,496.6666666666667,496.6666666666667,506.6666666666667,18.0,0,None
18,Vessel 5,18,Evac Area 3 Dock,Safe Area 3 Marina,506.6666666666667,521.6666666666667,521.6666666666667,531.6666666666667,18.0,120,Evac Area 3
19,Vessel 5,19,Safe Area 3 Marina,Evac Area 3 Dock,531.6666666666667,546.6666666666667,546.6666666666667,556.6666666666667,18.0,0,None
20,Vessel 5,20,Evac Area 3 Dock,Safe Area 3 Marina,556.6666666666667,571.6666666666667,571.6666666666667,581.6666666666667,18.0,120,Evac Area 3
1,Vessel 6,1,Safe Area 3 Marina,Evac Area 3 Dock,86.39999999999999,97.19999999999999,97.19999999999999,100.19999999999999,25.0,0,None
2,Vessel 6,2,Evac Area 3 Dock,Safe Area 1 Terminal,100.19999999999999,112.19999999999999,112.19999999999999,115.19999999999999,25.0,12,Evac Area 3
3,Vessel 6,3,Safe Area 1 Terminal,Evac Area 3 Dock,115.19999999999999,127.19999999999999,127.19999999999999,130.2,25.0,0,None
4,Vessel 6,4,Evac Area 3 Dock,Safe Area 3 Marina,130.2,141.0,141.0,144.0,25.0,12,Evac Area 3
5,Vessel 6,5,Safe Area 3 Marina,Evac Area 3 Dock,144.0,154.79999999999998,154.79999999999998,157.79999999999998,25.0,0,None
6,Vessel 6,6,Evac Area 3 Dock,Safe Area 3 Marina,157.79999999999998,168.59999999999997,168.59999999999997,171.59999999999997,25.0,12,Evac Area 3
7,Vessel 6,7,Safe Area 3 Marina,Evac Area 3 Dock,171.59999999999997,182.39999999999998,182.39999999999998,185.39999999999998,25.0,0,None
8,Vessel 6,8,Evac Area 3 Dock,Safe Area 3 Marina,185.39999999999998,196.2,196.2,199.2,25.0,12,Evac Area 3
9,Vessel 6,9,Safe Area 3 Marina,Evac Area 3 Dock,199.2,210.0,210.0,213.0,25.0,0,None
10,Vessel 6,10,Evac Area 3 Dock,Safe Area 3 Marina,213.0,223.8,223.8,226.8,25.0,12,Evac Area 3
11,Vessel 6,11,Safe Area 3 Marina,Evac Area 3 Dock,226.8,237.60000000000002,237.60000000000002,240.60000000000002,25.0,0,None
12,Vessel 6,12,Evac Area 3 Dock,Safe Area 3 Marina,240.60000000000002,251.40000000000003,251.40000000000003,254.40000000000003,25.0,12,Evac Area 3
13,Vessel 6,13,Safe Area 3 Marina,Evac Area 3 Dock,254.40000000000003,265.20000000000005,265.20000000000005,268.20000000000005,25.0,0,None
14,Vessel 6,14,Evac Area 3 Dock,Safe Area 3 Marina,268.20000000000005,279.00000000000006,279.00000000000006,282.00000000000006,25.0,12,Evac Area 3
15,Vessel 6,15,Safe Area 3 Marina,Evac Area 3 Dock,282.00000000000006,292.80000000000007,292.80000000000007,295.80000000000007,25.0,0,None
16,Vessel 6,16,Evac Area 3 Dock,Safe Area 3 Marina,295.80000000000007,306.6000000000001,306.6000000000001,309.6000000000001,25.0,12,Evac Area 3
17,Vessel 6,17,Safe Area 3 Marina,Evac Area 3 Dock,309.6000000000001,320.4000000000001,320.4000000000001,323.4000000000001,25.0,0,None
18,Vessel 6,18,Evac Area 3 Dock,Safe Area 3 Marina,323.4000000000001,334.2000000000001,334.2000000000001,337.2000000000001,25.0,12,Evac Area 3
19,Vessel 6,19,Safe Area 3 Marina,Evac Area 3 Dock,337.2000000000001,348.0000000000001,348.0000000000001,351.0000000000001,25.0,0,None
20,Vessel 6,20,Evac Area 3 Dock,Safe Area 3 Marina,351.0000000000001,361.8000000000001,361.8000000000001,364.8000000000001,25.0,12,Evac Area 3
21,Vessel 6,21,Safe Area 3 Marina,Evac Area 3 Dock,364.8000000000001,375.60000000000014,375.60000000000014,378.60000000000014,25.0,0,None
22,Vessel 6,22,Evac Area 3 Dock,Safe Area 3 Marina,378.60000000000014,389.40000000000015,389.40000000000015,392.40000000000015,25.0,12,Evac Area 3
23,Vessel 6,23,Safe Area 3 Marina,Evac Area 3 Dock,392.40000000000015,403.20000000000016,403.20000000000016,406.20000000000016,25.0,0,None
24,Vessel 6,24,Evac Area 3 Dock,Safe Area 3 Marina,406.20000000000016,417.00000000000017,417.00000000000017,420.00000000000017,25.0,12,Evac Area 3
25,Vessel 6,25,Safe Area 3 Marina,Evac Area 3 Dock,420.00000000000017,430.8000000000002,430.8000000000002,433.8000000000002,25.0,0,None
26,Vessel 6,26,Evac Area 3 Dock,Safe Area 3 Marina,433.8000000000002,444.6000000000002,444.6000000000002,447.6000000000002,25.0,12,Evac Area 3
27,Vessel 6,27,Safe Area 3 Marina,Evac Area 4 Beach,447.6000000000002,465.6000000000002,465.6000000000002,468.6000000000002,25.0,0,None
28,Vessel 6,28,Evac Area 4 Beach,Safe Area 2 Harbor,468.6000000000002,486.8400000000002,486.8400000000002,489.8400000000002,25.0,12,Evac Area 4
29,Vessel 6,29,Safe Area 2 Harbor,Evac Area 2 Marina,489.8400000000002,501.8400000000002,501.8400000000002,504.8400000000002,25.0,0,None
30,Vessel 6,30,Evac Area 2 Marina,Safe Area 2 Harbor,504.8400000000002,516.8400000000001,516.8400000000001,519.8400000000001,25.0,12,Evac Area 2
31,Vessel 6,31,Safe Area 2 Harbor,Evac Area 2 Marina,519.8400000000001,531.8400000000001,531.8400000000001,534.8400000000001,25.0,0,None
32,Vessel 6,32,Evac Area 2 Marina,Safe Area 2 Harbor,534.8400000000001,546.8400000000001,546.8400000000001,549.8400000000001,25.0,12,Evac Area 2
