segment_id,resource_id,route_segment_id,origin,destination,route_start_time,route_end_time,load_start_time,load_end_time,resource_speed,evacuees,evacuated_location,post_run_correction
1,Vessel 1,1,Safe Area 1 Terminal,Evac Area 1 Ferry Terminal,10.0,24.0,24.0,34.0,12.0,0,None,
2,Vessel 1,2,Evac Area 1 Ferry Terminal,Safe Area 1 Terminal,34.0,48.0,48.0,58.0,12.0,1,Evac Area 1,
1,Vessel 2,1,Safe Area 2 Harbor,Evac Area 4 Beach,10.0,28.24000000000001,28.24000000000001,31.24000000000001,25.0,0,None,
2,Vessel 2,2,Evac Area 4 Beach,Safe Area 3 Marina,31.24000000000001,49.24000000000001,49.24000000000001,52.24000000000001,25.0,12,Evac Area 4,
3,Vessel 2,3,Safe Area 3 Marina,Evac Area 4 Beach,52.24000000000001,70.24000000000001,70.24000000000001,73.24000000000001,25.0,0,None,
4,Vessel 2,4,Evac Area 4 Beach,Safe Area 3 Marina,73.24000000000001,91.24000000000001,91.24000000000001,94.24000000000001,25.0,12,Evac Area 4,
5,Vessel 2,5,Safe Area 3 Marina,Evac Area 4 Beach,94.24000000000001,112.24000000000001,112.24000000000001,115.24000000000001,25.0,0,None,
6,Vessel 2,6,Evac Area 4 Beach,Safe Area 3 Marina,115.24000000000001,133.24,133.24,136.24,25.0,12,Evac Area 4,
7,Vessel 2,7,Safe Area 3 Marina,Evac Area 4 Beach,136.24,154.24,154.24,157.24,25.0,0,None,
8,Vessel 2,8,Evac Area 4 Beach,Safe Area 3 Marina,157.24,175.24,175.24,178.24,25.0,12,Evac Area 4,
9,Vessel 2,9,Safe Area 3 Marina,Evac Area 3 Dock,178.24,189.04,189.04,192.04,25.0,0,None,
10,Vessel 2,10,Evac Area 3 Dock,Safe Area 3 Marina,192.04,202.84000000000003,202.84000000000003,205.84000000000003,25.0,12,Evac Area 3,
11,Vessel 2,11,Safe Area 3 Marina,Evac Area 4 Dock,205.84000000000003,223.84000000000003,223.84000000000003,226.84000000000003,25.0,0,None,
12,Vessel 2,12,Evac Area 4 Dock,Safe Area 3 Marina,226.84000000000003,244.84000000000003,244.84000000000003,247.84000000000003,25.0,12,Evac Area 4,
13,Vessel 2,13,Safe Area 3 Marina,Evac Area 4 Beach,247.84000000000003,265.84000000000003,265.84000000000003,268.84000000000003,25.0,0,None,
14,Vessel 2,14,Evac Area 4 Beach,Safe Area 3 Marina,268.84000000000003,286.84000000000003,286.84000000000003,289.84000000000003,25.0,12,Evac Area 4,
15,Vessel 2,15,Safe Area 3 Marina,Evac Area 4 Beach,289.84000000000003,307.84000000000003,307.84000000000003,310.84000000000003,25.0,0,None,
16,Vessel 2,16,Evac Area 4 Beach,Safe Area 2 Harbor,310.84000000000003,329.08000000000004,329.08000000000004,332.08000000000004,25.0,12,Evac Area 4,
17,Vessel 2,17,Safe Area 2 Harbor,Evac Area 2 Marina,332.08000000000004,344.08000000000004,344.08000000000004,347.08000000000004,25.0,0,None,
18,Vessel 2,18,Evac Area 2 Marina,Safe Area 2 Harbor,347.08000000000004,359.08000000000004,359.08000000000004,362.08,25.0,0,Evac Area 2,
19,Vessel 2,19,Safe Area 2 Harbor,Evac Area 4 Dock,362.08,380.3200000000001,380.3200000000001,383.3200000000001,25.0,0,None,
20,Vessel 2,20,Evac Area 4 Dock,Safe Area 3 Marina,383.3200000000001,401.3200000000001,401.3200000000001,404.3200000000001,25.0,12,Evac Area 4,
21,Vessel 2,21,Safe Area 3 Marina,Evac Area 3 Dock,404.3200000000001,415.12000000000006,415.12000000000006,418.12000000000006,25.0,0,None,
22,Vessel 2,22,Evac Area 3 Dock,Safe Area 3 Marina,418.12000000000006,428.9200000000001,428.9200000000001,431.9200000000001,25.0,12,Evac Area 3,
1,Vessel 3,1,Safe Area 3 Marina,Evac Area 4 Beach,60.0,78.0,78.0,81.0,25.0,0,None,
2,Vessel 3,2,Evac Area 4 Beach,Safe Area 2 Harbor,81.0,99.24000000000001,99.24000000000001,102.24000000000001,25.0,12,Evac Area 4,
3,Vessel 3,3,Safe Area 2 Harbor,Evac Area 2 Marina,102.24000000000001,114.24000000000001,114.24000000000001,117.24000000000001,25.0,0,None,
4,Vessel 3,4,Evac Area 2 Marina,Safe Area 2 Harbor,117.24000000000001,129.24,129.24,132.24,25.0,0,Evac Area 2,
5,Vessel 3,5,Safe Area 2 Harbor,Evac Area 4 Beach,132.24,150.48000000000002,150.48000000000002,153.48000000000002,25.0,0,None,
6,Vessel 3,6,Evac Area 4 Beach,Safe Area 3 Marina,153.48000000000002,171.48000000000002,171.48000000000002,174.48000000000002,25.0,12,Evac Area 4,
7,Vessel 3,7,Safe Area 3 Marina,Evac Area 4 Dock,174.48000000000002,192.48,192.48,195.48,25.0,0,None,
8,Vessel 3,8,Evac Area 4 Dock,Safe Area 3 Marina,195.48,213.48,213.48,216.48,25.0,12,Evac Area 4,
9,Vessel 3,9,Safe Area 3 Marina,Evac Area 3 Dock,216.48,227.28000000000003,227.28000000000003,230.28000000000003,25.0,0,None,
10,Vessel 3,10,Evac Area 3 Dock,Safe Area 3 Marina,230.28000000000003,241.08000000000004,241.08000000000004,244.08000000000004,25.0,5,Evac Area 3,
11,Vessel 3,11,Safe Area 3 Marina,Evac Area 4 Dock,244.08000000000004,262.08000000000004,262.08000000000004,265.08000000000004,25.0,0,None,
12,Vessel 3,12,Evac Area 4 Dock,Safe Area 3 Marina,265.08000000000004,283.08000000000004,283.08000000000004,286.08000000000004,25.0,12,Evac Area 4,
13,Vessel 3,13,Safe Area 3 Marina,Evac Area 4 Beach,286.08000000000004,304.08000000000004,304.08000000000004,307.08000000000004,25.0,0,None,
14,Vessel 3,14,Evac Area 4 Beach,Safe Area 3 Marina,307.08000000000004,325.08000000000004,325.08000000000004,328.08000000000004,25.0,12,Evac Area 4,
15,Vessel 3,15,Safe Area 3 Marina,Evac Area 4 Beach,328.08000000000004,346.08000000000004,346.08000000000004,349.08000000000004,25.0,0,None,
16,Vessel 3,16,Evac Area 4 Beach,Safe Area 3 Marina,349.08000000000004,367.08,367.08,370.08,25.0,12,Evac Area 4,
17,Vessel 3,17,Safe Area 3 Marina,Evac Area 4 Beach,370.08,388.08,388.08,391.08,25.0,0,None,
18,Vessel 3,18,Evac Area 4 Beach,Safe Area 3 Marina,391.08,409.08,409.08,412.08,25.0,12,Evac Area 4,
1,Vessel 4,1,Safe Area 1 Terminal,Evac Area 4 Dock,10.0,31.600000000000023,31.600000000000023,36.60000000000002,25.0,0,None,
2,Vessel 4,2,Evac Area 4 Dock,Safe Area 3 Marina,36.60000000000002,54.60000000000002,54.60000000000002,59.60000000000002,25.0,38,Evac Area 4,
3,Vessel 4,3,Safe Area 3 Marina,Evac Area 4 Dock,59.60000000000002,77.60000000000002,77.60000000000002,82.60000000000002,25.0,0,None,
4,Vessel 4,4,Evac Area 4 Dock,Safe Area 3 Marina,82.60000000000002,100.60000000000002,100.60000000000002,105.60000000000002,25.0,38,Evac Area 4,
5,Vessel 4,5,Safe Area 3 Marina,Evac Area 4 Dock,105.60000000000002,123.60000000000002,123.60000000000002,128.60000000000002,25.0,0,None,
6,Vessel 4,6,Evac Area 4 Dock,Safe Area 2 Harbor,128.60000000000002,146.84000000000003,146.84000000000003,151.84000000000003,25.0,38,Evac Area 4,
7,Vessel 4,7,Safe Area 2 Harbor,Evac Area 4 Dock,151.84000000000003,170.08000000000004,170.08000000000004,175.08000000000004,25.0,0,None,
8,Vessel 4,8,Evac Area 4 Dock,Safe Area 3 Marina,175.08000000000004,193.08,193.08,198.08,25.0,38,Evac Area 4,
9,Vessel 4,9,Safe Area 3 Marina,Evac Area 4 Dock,198.08,216.08,216.08,221.08,25.0,0,None,
10,Vessel 4,10,Evac Area 4 Dock,Safe Area 2 Harbor,221.08,239.32,239.32,244.32,25.0,38,Evac Area 4,
11,Vessel 4,11,Safe Area 2 Harbor,Evac Area 4 Dock,244.32,262.56,262.56,267.56,25.0,0,None,
12,Vessel 4,12,Evac Area 4 Dock,Safe Area 3 Marina,267.56,285.56,285.56,290.56,25.0,38,Evac Area 4,
13,Vessel 4,13,Safe Area 3 Marina,Evac Area 4 Dock,290.56,308.56,308.56,313.56,25.0,0,None,
14,Vessel 4,14,Evac Area 4 Dock,Safe Area 3 Marina,313.56,331.56,331.56,336.56,25.0,38,Evac Area 4,
15,Vessel 4,15,Safe Area 3 Marina,Evac Area 4 Dock,336.56,354.56,354.56,359.56,25.0,0,None,
16,Vessel 4,16,Evac Area 4 Dock,Safe Area 3 Marina,359.56,377.56,377.56,382.56,25.0,38,Evac Area 4,
17,Vessel 4,17,Safe Area 3 Marina,Evac Area 4 Dock,382.56,400.56,400.56,405.56,25.0,0,None,
18,Vessel 4,18,Evac Area 4 Dock,Safe Area 2 Harbor,405.56,423.8,423.8,428.8,25.0,38,Evac Area 4,
1,Vessel 5,1,Safe Area 1 Terminal,Evac Area 4 Dock,30.0,60.0,60.0,70.0,18.0,0,None,
2,Vessel 5,2,Evac Area 4 Dock,Safe Area 3 Marina,70.0,95.0,95.0,105.0,18.0,120,Evac Area 4,
3,Vessel 5,3,Safe Area 3 Marina,Evac Area 4 Dock,105.0,130.0,130.0,140.0,18.0,0,None,
4,Vessel 5,4,Evac Area 4 Dock,Safe Area 2 Harbor,140.0,165.33333333333337,165.33333333333337,175.33333333333337,18.0,120,Evac Area 4,
5,Vessel 5,5,Safe Area 2 Harbor,Evac Area 2 Marina,175.33333333333337,192.0,192.0,202.0,18.0,0,None,
6,Vessel 5,6,Evac Area 2 Marina,Safe Area 2 Harbor,202.0,218.66666666666663,218.66666666666663,228.66666666666663,18.0,112,Evac Area 2,
7,Vessel 5,7,Safe Area 2 Harbor,Evac Area 4 Dock,228.66666666666663,254.0,254.0,264.0,18.0,0,None,
8,Vessel 5,8,Evac Area 4 Dock,Safe Area 3 Marina,264.0,289.0,289.0,299.0,18.0,120,Evac Area 4,
9,Vessel 5,9,Safe Area 3 Marina,Evac Area 4 Dock,299.0,324.0,324.0,334.0,18.0,0,None,
10,Vessel 5,10,Evac Area 4 Dock,Safe Area 3 Marina,334.0,359.0,359.0,369.0,18.0,120,Evac Area 4,
11,Vessel 5,11,Safe Area 3 Marina,Evac Area 4 Dock,369.0,394.0,394.0,404.0,18.0,0,None,
12,Vessel 5,12,Evac Area 4 Dock,Safe Area 3 Marina,404.0,429.0,429.0,439.0,18.0,120,Evac Area 4,
1,Vessel 6,1,Safe Area 1 Terminal,Evac Area 4 Beach,30.0,51.60000000000002,51.60000000000002,54.60000000000002,25.0,0,None,
2,Vessel 6,2,Evac Area 4 Beach,Safe Area 1 Terminal,54.60000000000002,76.19999999999999,76.19999999999999,79.19999999999999,25.0,12,Evac Area 4,
3,Vessel 6,3,Safe Area 1 Terminal,Evac Area 4 Beach,79.19999999999999,100.79999999999995,100.79999999999995,103.79999999999995,25.0,0,None,
4,Vessel 6,4,Evac Area 4 Beach,Safe Area 1 Terminal,103.79999999999995,125.39999999999998,125.39999999999998,128.39999999999998,25.0,12,Evac Area 4,
5,Vessel 6,5,Safe Area 1 Terminal,Evac Area 4 Dock,128.39999999999998,150.0,150.0,153.0,25.0,0,None,
6,Vessel 6,6,Evac Area 4 Dock,Safe Area 3 Marina,153.0,171.0,171.0,174.0,25.0,12,Evac Area 4,
7,Vessel 6,7,Safe Area 3 Marina,Evac Area 4 Dock,174.0,192.0,192.0,195.0,25.0,0,None,
8,Vessel 6,8,Evac Area 4 Dock,Safe Area 3 Marina,195.0,213.0,213.0,216.0,25.0,12,Evac Area 4,
9,Vessel 6,9,Safe Area 3 Marina,Evac Area 4 Dock,216.0,234.0,234.0,237.0,25.0,0,None,
10,Vessel 6,10,Evac Area 4 Dock,Safe Area 3 Marina,237.0,255.0,255.0,258.0,25.0,12,Evac Area 4,
11,Vessel 6,11,Safe Area 3 Marina,Evac Area 4 Beach,258.0,276.0,276.0,279.0,25.0,0,None,
12,Vessel 6,12,Evac Area 4 Beach,Safe Area 2 Harbor,279.0,297.24,297.24,300.24,25.0,11,Evac Area 4,
13,Vessel 6,13,Safe Area 2 Harbor,Evac Area 4 Dock,300.24,318.48,318.48,321.48,25.0,0,None,
14,Vessel 6,14,Evac Area 4 Dock,Safe Area 2 Harbor,321.48,339.72,339.72,342.72,25.0,12,Evac Area 4,
1,Vessel 2,1,Safe Area 3 Marina,Evac Area 4 Dock,439.0,457.0,457.0,460.0,25.0,0,None,yes
2,Vessel 2,2,Evac Area 4 Dock,Safe Area 3 Marina,460.0,478.0,478.0,481.0,25.0,12,Evac Area 4,yes
3,Vessel 2,3,Safe Area 3 Marina,Evac Area 3 Dock,481.0,491.8,491.8,494.8,25.0,0,None,yes
4,Vessel 2,4,Evac Area 3 Dock,Safe Area 1 Terminal,494.8,506.8,506.8,509.8,25.0,12,Evac Area 3,yes
5,Vessel 2,5,Safe Area 1 Terminal,Evac Area 3 Dock,509.8,521.8,521.8,524.8,25.0,0,None,yes
6,Vessel 2,6,Evac Area 3 Dock,Safe Area 1 Terminal,524.8,536.8,536.8,539.8,25.0,12,Evac Area 3,yes
1,Vessel 3,1,Safe Area 3 Marina,Evac Area 4 Beach,439.0,457.0,457.0,460.0,25.0,0,None,yes
2,Vessel 3,2,Evac Area 4 Beach,Safe Area 2 Harbor,460.0,478.24,478.24,481.24,25.0,12,Evac Area 4,yes
3,Vessel 3,3,Safe Area 2 Harbor,Evac Area 4 Beach,481.24,499.48,499.48,502.48,25.0,0,None,yes
4,Vessel 3,4,Evac Area 4 Beach,Safe Area 3 Marina,502.48,520.48,520.48,523.48,25.0,12,Evac Area 4,yes
5,Vessel 3,5,Safe Area 3 Marina,Evac Area 3 Dock,523.48,534.28,534.28,537.28,25.0,0,None,yes
6,Vessel 3,6,Evac Area 3 Dock,Safe Area 1 Terminal,537.28,549.28,549.28,552.28,25.0,7,Evac Area 3,yes
1,Vessel 4,1,Safe Area 2 Harbor,Evac Area 4 Dock,439.0,457.24,457.24,462.24,25.0,0,None,yes
2,Vessel 4,2,Evac Area 4 Dock,Safe Area 3 Marina,462.24,480.24,480.24,485.24,25.0,38,Evac Area 4,yes
3,Vessel 4,3,Safe Area 3 Marina,Evac Area 4 Dock,485.24,503.24,503.24,508.24,25.0,0,None,yes
4,Vessel 4,4,Evac Area 4 Dock,Safe Area 3 Marina,508.24,526.24,526.24,531.24,25.0,38,Evac Area 4,yes
5,Vessel 4,5,Safe Area 3 Marina,Evac Area 4 Dock,531.24,549.24,549.24,554.24,25.0,0,None,yes
6,Vessel 4,6,Evac Area 4 Dock,Safe Area 3 Marina,554.24,572.24,572.24,577.24,25.0,38,Evac Area 4,yes
7,Vessel 4,7,Safe Area 3 Marina,Evac Area 4 Dock,577.24,595.24,595.24,600.24,25.0,0,None,yes
8,Vessel 4,8,Evac Area 4 Dock,Safe Area 3 Marina,600.24,618.24,618.24,623.24,25.0,38,Evac Area 4,yes
1,Vessel 5,1,Safe Area 3 Marina,Evac Area 4 Dock,439.0,464.0,464.0,474.0,18.0,0,None,yes
2,Vessel 5,2,Evac Area 4 Dock,Safe Area 3 Marina,474.0,499.0,499.0,509.0,18.0,120,Evac Area 4,yes
3,Vessel 5,3,Safe Area 3 Marina,Evac Area 4 Dock,509.0,534.0,534.0,544.0,18.0,0,None,yes
4,Vessel 5,4,Evac Area 4 Dock,Safe Area 3 Marina,544.0,569.0,569.0,579.0,18.0,120,Evac Area 4,yes
5,Vessel 5,5,Safe Area 3 Marina,Evac Area 4 Dock,579.0,604.0,604.0,614.0,18.0,0,None,yes
6,Vessel 5,6,Evac Area 4 Dock,Safe Area 3 Marina,614.0,639.0,639.0,649.0,18.0,120,Evac Area 4,yes
1,Vessel 6,1,Safe Area 2 Harbor,Evac Area 2 Marina,439.0,451.0,451.0,454.0,25.0,0,None,yes
2,Vessel 6,2,Evac Area 2 Marina,Safe Area 2 Harbor,454.0,466.0,466.0,469.0,25.0,3,Evac Area 2,yes
3,Vessel 6,3,Safe Area 2 Harbor,Evac Area 4 Dock,469.0,487.24,487.24,490.24,25.0,0,None,yes
4,Vessel 6,4,Evac Area 4 Dock,Safe Area 3 Marina,490.24,508.24,508.24,511.24,25.0,11,Evac Area 4,yes
5,Vessel 6,5,Safe Area 3 Marina,Evac Area 3 Dock,511.24,522.04,522.04,525.04,25.0,0,None,yes
6,Vessel 6,6,Evac Area 3 Dock,Safe Area 1 Terminal,525.04,537.04,537.04,540.04,25.0,12,Evac Area 3,yes
