segment_id,resource_id,route_segment_id,origin,destination,route_start_time,route_end_time,load_start_time,load_end_time,resource_speed,evacuees,evacuated_location
1,Vessel 2,1,Safe Area 2 Harbor,Evac Area 4 Dock,10.0,28.24,28.24,31.24,25.0,0,None
2,Vessel 2,2,Evac Area 4 Dock,Safe Area 3 Marina,31.24,49.24,49.24,52.24,25.0,10,Evac Area 4
1,Vessel 4,1,Safe Area 1 Terminal,Evac Area 3 Dock,10.0,22.0,22.0,27.0,25.0,0,None
2,Vessel 4,2,Evac Area 3 Dock,Safe Area 3 Marina,27.0,37.8,37.8,42.8,25.0,38,Evac Area 3
1,Vessel 5,1,Safe Area 1 Terminal,Evac Area 3 Dock,30.0,46.66666666666667,46.66666666666667,56.66666666666667,18.0,0,None
2,Vessel 5,2,Evac Area 3 Dock,Safe Area 3 Marina,56.66666666666667,71.66666666666667,71.66666666666667,81.66666666666667,18.0,120,Evac Area 3
1,Vessel 6,1,Safe Area 1 Terminal,Evac Area 3 Dock,30.0,42.0,42.0,45.0,25.0,0,None
2,Vessel 6,2,Evac Area 3 Dock,Safe Area 3 Marina,45.0,55.8,55.8,58.8,25.0,12,Evac Area 3
1,Vessel 1,1,Safe Area 1 Terminal,Evac Area 1 Ferry Terminal,30.0,44.0,44.0,54.0,12.0,0,None
2,Vessel 1,2,Evac Area 1 Ferry Terminal,Safe Area 1 Terminal,54.0,68.0,68.0,78.0,12.0,356,Evac Area 1
1,Vessel 2,1,Safe Area 3 Marina,Evac Area 3 Dock,52.24,63.04,63.04,66.03999999999999,25.0,0,None
2,Vessel 2,2,Evac Area 3 Dock,Safe Area 3 Marina,66.03999999999999,76.84,76.84,79.84,25.0,11,Evac Area 3
3,Vessel 2,3,Safe Area 3 Marina,Evac Area 3 Dock,79.84,90.63999999999999,90.63999999999999,93.63999999999999,25.0,0,None
4,Vessel 2,4,Evac Area 3 Dock,Safe Area 3 Marina,93.63999999999999,104.44,104.44,107.44,25.0,12,Evac Area 3
5,Vessel 2,5,Safe Area 3 Marina,Evac Area 3 Dock,107.44,118.24,118.24,121.24,25.0,0,None
6,Vessel 2,6,Evac Area 3 Dock,Safe Area 3 Marina,121.24,132.04,132.04,135.04,25.0,12,Evac Area 3
7,Vessel 2,7,Safe Area 3 Marina,Evac Area 3 Dock,135.04,145.83999999999997,145.83999999999997,148.83999999999997,25.0,0,None
8,Vessel 2,8,Evac Area 3 Dock,Safe Area 3 Marina,148.83999999999997,159.64,159.64,162.64,25.0,12,Evac Area 3
9,Vessel 2,9,Safe Area 3 Marina,Evac Area 3 Dock,162.64,173.44,173.44,176.44,25.0,0,None
10,Vessel 2,10,Evac Area 3 Dock,Safe Area 3 Marina,176.44,187.24,187.24,190.24,25.0,12,Evac Area 3
11,Vessel 2,11,Safe Area 3 Marina,Evac Area 3 Dock,190.24,201.04000000000002,201.04000000000002,204.04000000000002,25.0,0,None
12,Vessel 2,12,Evac Area 3 Dock,Safe Area 3 Marina,204.04000000000002,214.84000000000003,214.84000000000003,217.84000000000003,25.0,12,Evac Area 3
13,Vessel 2,13,Safe Area 3 Marina,Evac Area 3 Dock,217.84000000000003,228.64000000000004,228.64000000000004,231.64000000000004,25.0,0,None
14,Vessel 2,14,Evac Area 3 Dock,Safe Area 3 Marina,231.64000000000004,242.44000000000005,242.44000000000005,245.44000000000005,25.0,12,Evac Area 3
15,Vessel 2,15,Safe Area 3 Marina,Evac Area 3 Dock,245.44000000000005,256.24000000000007,256.24000000000007,259.24000000000007,25.0,0,None
16,Vessel 2,16,Evac Area 3 Dock,Safe Area 3 Marina,259.24000000000007,270.0400000000001,270.0400000000001,273.0400000000001,25.0,12,Evac Area 3
17,Vessel 2,17,Safe Area 3 Marina,Evac Area 3 Dock,273.0400000000001,283.8400000000001,283.8400000000001,286.8400000000001,25.0,0,None
18,Vessel 2,18,Evac Area 3 Dock,Safe Area 3 Marina,286.8400000000001,297.6400000000001,297.6400000000001,300.6400000000001,25.0,12,Evac Area 3
19,Vessel 2,19,Safe Area 3 Marina,Evac Area 3 Dock,300.6400000000001,311.4400000000001,311.4400000000001,314.4400000000001,25.0,0,None
20,Vessel 2,20,Evac Area 3 Dock,Safe Area 3 Marina,314.4400000000001,325.2400000000001,325.2400000000001,328.2400000000001,25.0,12,Evac Area 3
1,Vessel 3,1,Safe Area 3 Marina,Evac Area 4 Dock,60.0,78.0,78.0,81.0,25.0,0,None
2,Vessel 3,2,Evac Area 4 Dock,Safe Area 2 Harbor,81.0,99.24,99.24,102.24,25.0,12,Evac Area 4
3,Vessel 3,3,Safe Area 2 Harbor,Evac Area 2 Marina,102.24,114.24,114.24,117.24,25.0,0,None
4,Vessel 3,4,Evac Area 2 Marina,Safe Area 2 Harbor,117.24,129.24,129.24,132.24,25.0,9,Evac Area 2
5,Vessel 3,5,Safe Area 2 Harbor,Evac Area 2 Marina,132.24,144.24,144.24,147.24,25.0,0,None
6,Vessel 3,6,Evac Area 2 Marina,Safe Area 2 Harbor,147.24,159.24,159.24,162.24,25.0,12,Evac Area 2
7,Vessel 3,7,Safe Area 2 Harbor,Evac Area 4 Beach,162.24,180.48000000000002,180.48000000000002,183.48000000000002,25.0,0,None
8,Vessel 3,8,Evac Area 4 Beach,Safe Area 3 Marina,183.48000000000002,201.48000000000002,201.48000000000002,204.48000000000002,25.0,8,Evac Area 4
9,Vessel 3,9,Safe Area 3 Marina,Evac Area 3 Dock,204.48000000000002,215.28000000000003,215.28000000000003,218.28000000000003,25.0,0,None
10,Vessel 3,10,Evac Area 3 Dock,Safe Area 3 Marina,218.28000000000003,229.08000000000004,229.08000000000004,232.08000000000004,25.0,12,Evac Area 3
11,Vessel 3,11,Safe Area 3 Marina,Evac Area 2 Marina,232.08000000000004,248.88000000000005,248.88000000000005,251.88000000000005,25.0,0,None
12,Vessel 3,12,Evac Area 2 Marina,Safe Area 2 Harbor,251.88000000000005,263.88000000000005,263.88000000000005,266.88000000000005,25.0,12,Evac Area 2
13,Vessel 3,13,Safe Area 2 Harbor,Evac Area 2 Marina,266.88000000000005,278.88000000000005,278.88000000000005,281.88000000000005,25.0,0,None
14,Vessel 3,14,Evac Area 2 Marina,Safe Area 2 Harbor,281.88000000000005,293.88000000000005,293.88000000000005,296.88000000000005,25.0,12,Evac Area 2
15,Vessel 3,15,Safe Area 2 Harbor,Evac Area 2 Marina,296.88000000000005,308.88000000000005,308.88000000000005,311.88000000000005,25.0,0,None
16,Vessel 3,16,Evac Area 2 Marina,Safe Area 2 Harbor,311.88000000000005,323.88000000000005,323.88000000000005,326.88000000000005,25.0,12,Evac Area 2
1,Vessel 4,1,Safe Area 3 Marina,Evac Area 3 Dock,42.8,53.599999999999994,53.599999999999994,58.599999999999994,25.0,0,None
2,Vessel 4,2,Evac Area 3 Dock,Safe Area 3 Marina,58.599999999999994,69.39999999999999,69.39999999999999,74.39999999999999,25.0,38,Evac Area 3
3,Vessel 4,3,Safe Area 3 Marina,Evac Area 4 Dock,74.39999999999999,92.39999999999999,92.39999999999999,97.39999999999999,25.0,0,None
4,Vessel 4,4,Evac Area 4 Dock,Safe Area 3 Marina,97.39999999999999,115.39999999999999,115.39999999999999,120.39999999999999,25.0,38,Evac Area 4
5,Vessel 4,5,Safe Area 3 Marina,Evac Area 3 Dock,120.39999999999999,131.2,131.2,136.2,25.0,0,None
6,Vessel 4,6,Evac Area 3 Dock,Safe Area 3 Marina,136.2,147.0,147.0,152.0,25.0,38,Evac Area 3
7,Vessel 4,7,Safe Area 3 Marina,Evac Area 4 Dock,152.0,170.0,170.0,175.0,25.0,0,None
8,Vessel 4,8,Evac Area 4 Dock,Safe Area 3 Marina,175.0,193.0,193.0,198.0,25.0,38,Evac Area 4
9,Vessel 4,9,Safe Area 3 Marina,Evac Area 3 Dock,198.0,208.8,208.8,213.8,25.0,0,None
10,Vessel 4,10,Evac Area 3 Dock,Safe Area 3 Marina,213.8,224.60000000000002,224.60000000000002,229.60000000000002,25.0,38,Evac Area 3
11,Vessel 4,11,Safe Area 3 Marina,Evac Area 3 Dock,229.60000000000002,240.40000000000003,240.40000000000003,245.40000000000003,25.0,0,None
12,Vessel 4,12,Evac Area 3 Dock,Safe Area 3 Marina,245.40000000000003,256.20000000000005,256.20000000000005,261.20000000000005,25.0,38,Evac Area 3
13,Vessel 4,13,Safe Area 3 Marina,Evac Area 3 Dock,261.20000000000005,272.00000000000006,272.00000000000006,277.00000000000006,25.0,0,None
14,Vessel 4,14,Evac Area 3 Dock,Safe Area 3 Marina,277.00000000000006,287.80000000000007,287.80000000000007,292.80000000000007,25.0,38,Evac Area 3
15,Vessel 4,15,Safe Area 3 Marina,Evac Area 3 Dock,292.80000000000007,303.6000000000001,303.6000000000001,308.6000000000001,25.0,0,None
16,Vessel 4,16,Evac Area 3 Dock,Safe Area 3 Marina,308.6000000000001,319.4000000000001,319.4000000000001,324.4000000000001,25.0,38,Evac Area 3
1,Vessel 5,1,Safe Area 3 Marina,Evac Area 4 Dock,81.66666666666667,106.66666666666667,106.66666666666667,116.66666666666667,18.0,0,None
2,Vessel 5,2,Evac Area 4 Dock,Safe Area 2 Harbor,116.66666666666667,142.0,142.0,152.0,18.0,120,Evac Area 4
3,Vessel 5,3,Safe Area 2 Harbor,Evac Area 2 Marina,152.0,168.66666666666666,168.66666666666666,178.66666666666666,18.0,0,None
4,Vessel 5,4,Evac Area 2 Marina,Safe Area 2 Harbor,178.66666666666666,195.33333333333331,195.33333333333331,205.33333333333331,18.0,120,Evac Area 2
5,Vessel 5,5,Safe Area 2 Harbor,Evac Area 2 Marina,205.33333333333331,221.99999999999997,221.99999999999997,231.99999999999997,18.0,0,None
6,Vessel 5,6,Evac Area 2 Marina,Safe Area 2 Harbor,231.99999999999997,248.66666666666663,248.66666666666663,258.66666666666663,18.0,120,Evac Area 2
7,Vessel 5,7,Safe Area 2 Harbor,Evac Area 3 Dock,258.66666666666663,285.33333333333326,285.33333333333326,295.33333333333326,18.0,0,None
8,Vessel 5,8,Evac Area 3 Dock,Safe Area 1 Terminal,295.33333333333326,311.99999999999994,311.99999999999994,321.99999999999994,18.0,120,Evac Area 3
1,Vessel 6,1,Safe Area 3 Marina,Evac Area 4 Beach,58.8,76.8,76.8,79.8,25.0,0,None
2,Vessel 6,2,Evac Area 4 Beach,Safe Area 3 Marina,79.8,97.8,97.8,100.8,25.0,12,Evac Area 4
3,Vessel 6,3,Safe Area 3 Marina,Evac Area 2 Marina,100.8,117.6,117.6,120.6,25.0,0,None
4,Vessel 6,4,Evac Area 2 Marina,Safe Area 2 Harbor,120.6,132.6,132.6,135.6,25.0,12,Evac Area 2
5,Vessel 6,5,Safe Area 2 Harbor,Evac Area 2 Marina,135.6,147.6,147.6,150.6,25.0,0,None
6,Vessel 6,6,Evac Area 2 Marina,Safe Area 2 Harbor,150.6,162.6,162.6,165.6,25.0,12,Evac Area 2
7,Vessel 6,7,Safe Area 2 Harbor,Evac Area 2 Marina,165.6,177.6,177.6,180.6,25.0,0,None
8,Vessel 6,8,Evac Area 2 Marina,Safe Area 2 Harbor,180.6,192.6,192.6,195.6,25.0,12,Evac Area 2
9,Vessel 6,9,Safe Area 2 Harbor,Evac Area 2 Marina,195.6,207.6,207.6,210.6,25.0,0,None
10,Vessel 6,10,Evac Area 2 Marina,Safe Area 2 Harbor,210.6,222.6,222.6,225.6,25.0,12,Evac Area 2
11,Vessel 6,11,Safe Area 2 Harbor,Evac Area 2 Marina,225.6,237.6,237.6,240.6,25.0,0,None
12,Vessel 6,12,Evac Area 2 Marina,Safe Area 2 Harbor,240.6,252.6,252.6,255.6,25.0,12,Evac Area 2
13,Vessel 6,13,Safe Area 2 Harbor,Evac Area 2 Marina,255.6,267.6,267.6,270.6,25.0,0,None
14,Vessel 6,14,Evac Area 2 Marina,Safe Area 2 Harbor,270.6,282.6,282.6,285.6,25.0,12,Evac Area 2
15,Vessel 6,15,Safe Area 2 Harbor,Evac Area 4 Beach,285.6,303.84,303.84,306.84,25.0,0,None
16,Vessel 6,16,Evac Area 4 Beach,Safe Area 3 Marina,306.84,324.84,324.84,327.84,25.0,12,Evac Area 4
