segment_id,resource_id,route_segment_id,origin,destination,route_start_time,route_end_time,load_start_time,load_end_time,resource_speed,evacuees,evacuated_location
1,Vessel 1,1,Safe Area 1 Terminal,Evac Area 1 Ferry Terminal,10.0,24.0,24.0,34.0,12.0,0,None
2,Vessel 1,2,Evac Area 1 Ferry Terminal,Safe Area 1 Terminal,34.0,48.0,48.0,58.0,12.0,457,Evac Area 1
1,Vessel 1,1,Safe Area 1 Terminal,Evac Area 1 Ferry Terminal,60.0,74.0,74.0,84.0,12.0,0,None
2,Vessel 1,2,Evac Area 1 Ferry Terminal,Safe Area 1 Terminal,84.0,98.0,98.0,108.0,12.0,47,Evac Area 1
1,Vessel 2,1,Safe Area 2 Harbor,Evac Area 2 Marina,10.0,22.0,22.0,25.0,25.0,0,None
2,Vessel 2,2,Evac Area 2 Marina,Safe Area 2 Harbor,25.0,37.0,37.0,40.0,25.0,12,Evac Area 2
1,Vessel 2,1,Safe Area 2 Harbor,Evac Area 4 Dock,40.0,58.24,58.24,61.24,25.0,0,None
2,Vessel 2,2,Evac Area 4 Dock,Safe Area 3 Marina,61.24,79.24,79.24,82.24,25.0,12,Evac Area 4
1,Vessel 2,1,Safe Area 3 Marina,Evac Area 3 Dock,82.24,93.04,93.04,96.04,25.0,0,None
2,Vessel 2,2,Evac Area 3 Dock,Safe Area 3 Marina,96.04,106.84,106.84,109.84,25.0,12,Evac Area 3
1,Vessel 2,1,Safe Area 3 Marina,Evac Area 3 Dock,109.84,120.64,120.64,123.64,25.0,0,None
2,Vessel 2,2,Evac Area 3 Dock,Safe Area 3 Marina,123.64,134.44,134.44,137.44,25.0,8,Evac Area 3
1,Vessel 3,1,Safe Area 3 Marina,Evac Area 4 Dock,60.0,78.0,78.0,81.0,25.0,0,None
2,Vessel 3,2,Evac Area 4 Dock,Safe Area 3 Marina,81.0,99.0,99.0,102.0,25.0,12,Evac Area 4
1,Vessel 3,1,Safe Area 3 Marina,Evac Area 4 Beach,105.0,123.0,123.0,126.0,25.0,0,None
2,Vessel 3,2,Evac Area 4 Beach,Safe Area 2 Harbor,126.0,144.24,144.24,147.24,25.0,2,Evac Area 4
1,Vessel 4,1,Safe Area 1 Terminal,Evac Area 2 Marina,10.0,34.0,34.0,39.0,25.0,0,None
2,Vessel 4,2,Evac Area 2 Marina,Safe Area 2 Harbor,39.0,51.0,51.0,56.0,25.0,38,Evac Area 2
1,Vessel 4,1,Safe Area 2 Harbor,Evac Area 4 Dock,56.0,74.24,74.24,79.24,25.0,0,None
2,Vessel 4,2,Evac Area 4 Dock,Safe Area 2 Harbor,79.24,97.48,97.48,102.48,25.0,38,Evac Area 4
1,Vessel 4,1,Safe Area 2 Harbor,Evac Area 1 Marina,102.48,128.64,128.64,133.64,25.0,0,None
2,Vessel 4,2,Evac Area 1 Marina,Safe Area 2 Harbor,133.64,159.8,159.8,164.8,25.0,22,Evac Area 1
1,Vessel 5,1,Safe Area 1 Terminal,Evac Area 2 Marina,30.0,63.333333333333336,63.333333333333336,73.33333333333334,18.0,0,None
2,Vessel 5,2,Evac Area 2 Marina,Safe Area 2 Harbor,73.33333333333334,90.0,90.0,100.0,18.0,120,Evac Area 2
1,Vessel 5,1,Safe Area 2 Harbor,Evac Area 4 Dock,100.0,125.33333333333331,125.33333333333331,135.33333333333331,18.0,0,None
2,Vessel 5,2,Evac Area 4 Dock,Safe Area 3 Marina,135.33333333333331,160.33333333333331,160.33333333333331,170.33333333333331,18.0,100,Evac Area 4
1,Vessel 6,1,Safe Area 1 Terminal,Evac Area 4 Dock,30.0,51.599999999999994,51.599999999999994,54.599999999999994,25.0,0,None
2,Vessel 6,2,Evac Area 4 Dock,Safe Area 2 Harbor,54.599999999999994,72.83999999999999,72.83999999999999,75.83999999999999,25.0,12,Evac Area 4
1,Vessel 6,1,Safe Area 2 Harbor,Evac Area 4 Dock,75.83999999999999,94.07999999999998,94.07999999999998,97.07999999999998,25.0,0,None
2,Vessel 6,2,Evac Area 4 Dock,Safe Area 3 Marina,97.07999999999998,115.07999999999998,115.07999999999998,118.07999999999998,25.0,12,Evac Area 4
1,Vessel 6,1,Safe Area 3 Marina,Evac Area 4 Beach,118.07999999999998,136.07999999999998,136.07999999999998,139.07999999999998,25.0,0,None
2,Vessel 6,2,Evac Area 4 Beach,Safe Area 2 Harbor,139.07999999999998,157.32,157.32,160.32,25.0,12,Evac Area 4
1,Vessel 2,1,Safe Area 3 Marina,Evac Area 4 Beach,137.44,155.44,155.44,158.44,25.0,0,None
2,Vessel 2,2,Evac Area 4 Beach,Safe Area 2 Harbor,158.44,176.68,176.68,179.68,25.0,10,Evac Area 4
3,Vessel 2,3,Safe Area 2 Harbor,Evac Area 2 Marina,179.68,191.68,191.68,194.68,25.0,0,None
4,Vessel 2,4,Evac Area 2 Marina,Safe Area 2 Harbor,194.68,206.68,206.68,209.68,25.0,12,Evac Area 2
5,Vessel 2,5,Safe Area 2 Harbor,Evac Area 2 Marina,209.68,221.68,221.68,224.68,25.0,0,None
6,Vessel 2,6,Evac Area 2 Marina,Safe Area 2 Harbor,224.68,236.68,236.68,239.68,25.0,12,Evac Area 2
7,Vessel 2,7,Safe Area 2 Harbor,Evac Area 2 Marina,239.68,251.68,251.68,254.68,25.0,0,None
8,Vessel 2,8,Evac Area 2 Marina,Safe Area 2 Harbor,254.68,266.68,266.68,269.68,25.0,6,Evac Area 2
9,Vessel 2,9,Safe Area 2 Harbor,Evac Area 2 Marina,269.68,281.68,281.68,284.68,25.0,0,None
10,Vessel 2,10,Evac Area 2 Marina,Safe Area 2 Harbor,284.68,296.68,296.68,299.68,25.0,12,Evac Area 2
1,Vessel 3,1,Safe Area 2 Harbor,Evac Area 2 Marina,147.24,159.24,159.24,162.24,25.0,0,None
2,Vessel 3,2,Evac Area 2 Marina,Safe Area 2 Harbor,162.24,174.24,174.24,177.24,25.0,12,Evac Area 2
3,Vessel 3,3,Safe Area 2 Harbor,Evac Area 2 Marina,177.24,189.24,189.24,192.24,25.0,0,None
4,Vessel 3,4,Evac Area 2 Marina,Safe Area 2 Harbor,192.24,204.24,204.24,207.24,25.0,12,Evac Area 2
5,Vessel 3,5,Safe Area 2 Harbor,Evac Area 2 Marina,207.24,219.24,219.24,222.24,25.0,0,None
6,Vessel 3,6,Evac Area 2 Marina,Safe Area 2 Harbor,222.24,234.24,234.24,237.24,25.0,12,Evac Area 2
7,Vessel 3,7,Safe Area 2 Harbor,Evac Area 2 Marina,237.24,249.24,249.24,252.24,25.0,0,None
8,Vessel 3,8,Evac Area 2 Marina,Safe Area 2 Harbor,252.24,264.24,264.24,267.24,25.0,12,Evac Area 2
9,Vessel 3,9,Safe Area 2 Harbor,Evac Area 2 Marina,267.24,279.24,279.24,282.24,25.0,0,None
10,Vessel 3,10,Evac Area 2 Marina,Safe Area 2 Harbor,282.24,294.24,294.24,297.24,25.0,12,Evac Area 2
11,Vessel 3,11,Safe Area 2 Harbor,Evac Area 2 Marina,297.24,309.24,309.24,312.24,25.0,0,None
12,Vessel 3,12,Evac Area 2 Marina,Safe Area 3 Marina,312.24,329.04,329.04,332.04,25.0,12,Evac Area 2
1,Vessel 4,1,Safe Area 2 Harbor,Evac Area 2 Marina,164.8,176.8,176.8,181.8,25.0,0,None
2,Vessel 4,2,Evac Area 2 Marina,Safe Area 2 Harbor,181.8,193.8,193.8,198.8,25.0,38,Evac Area 2
3,Vessel 4,3,Safe Area 2 Harbor,Evac Area 2 Marina,198.8,210.8,210.8,215.8,25.0,0,None
4,Vessel 4,4,Evac Area 2 Marina,Safe Area 2 Harbor,215.8,227.8,227.8,232.8,25.0,38,Evac Area 2
5,Vessel 4,5,Safe Area 2 Harbor,Evac Area 2 Marina,232.8,244.8,244.8,249.8,25.0,0,None
6,Vessel 4,6,Evac Area 2 Marina,Safe Area 2 Harbor,249.8,261.8,261.8,266.8,25.0,38,Evac Area 2
7,Vessel 4,7,Safe Area 2 Harbor,Evac Area 2 Marina,266.8,278.8,278.8,283.8,25.0,0,None
8,Vessel 4,8,Evac Area 2 Marina,Safe Area 2 Harbor,283.8,295.8,295.8,300.8,25.0,38,Evac Area 2
9,Vessel 4,9,Safe Area 2 Harbor,Evac Area 2 Marina,300.8,312.8,312.8,317.8,25.0,0,None
10,Vessel 4,10,Evac Area 2 Marina,Safe Area 2 Harbor,317.8,329.8,329.8,334.8,25.0,38,Evac Area 2
1,Vessel 5,1,Safe Area 3 Marina,Evac Area 2 Marina,170.33333333333331,193.66666666666663,193.66666666666663,203.66666666666663,18.0,0,None
2,Vessel 5,2,Evac Area 2 Marina,Safe Area 2 Harbor,203.66666666666663,220.33333333333331,220.33333333333331,230.33333333333331,18.0,120,Evac Area 2
3,Vessel 5,3,Safe Area 2 Harbor,Evac Area 2 Marina,230.33333333333331,247.0,247.0,257.0,18.0,0,None
4,Vessel 5,4,Evac Area 2 Marina,Safe Area 3 Marina,257.0,280.33333333333337,280.33333333333337,290.33333333333337,18.0,120,Evac Area 2
1,Vessel 6,1,Safe Area 2 Harbor,Evac Area 2 Marina,160.32,172.32,172.32,175.32,25.0,0,None
2,Vessel 6,2,Evac Area 2 Marina,Safe Area 2 Harbor,175.32,187.32,187.32,190.32,25.0,12,Evac Area 2
3,Vessel 6,3,Safe Area 2 Harbor,Evac Area 2 Marina,190.32,202.32,202.32,205.32,25.0,0,None
4,Vessel 6,4,Evac Area 2 Marina,Safe Area 2 Harbor,205.32,217.32,217.32,220.32,25.0,12,Evac Area 2
5,Vessel 6,5,Safe Area 2 Harbor,Evac Area 2 Marina,220.32,232.32,232.32,235.32,25.0,0,None
6,Vessel 6,6,Evac Area 2 Marina,Safe Area 2 Harbor,235.32,247.32,247.32,250.32,25.0,12,Evac Area 2
7,Vessel 6,7,Safe Area 2 Harbor,Evac Area 2 Marina,250.32,262.32,262.32,265.32,25.0,0,None
8,Vessel 6,8,Evac Area 2 Marina,Safe Area 2 Harbor,265.32,277.32,277.32,280.32,25.0,12,Evac Area 2
9,Vessel 6,9,Safe Area 2 Harbor,Evac Area 2 Marina,280.32,292.32,292.32,295.32,25.0,0,None
10,Vessel 6,10,Evac Area 2 Marina,Safe Area 2 Harbor,295.32,307.32,307.32,310.32,25.0,12,Evac Area 2
