segment_id,resource_id,route_segment_id,origin,destination,route_start_time,route_end_time,load_start_time,load_end_time,resource_speed,evacuees,evacuated_location,post_run_correction
1,Vessel 1,1,Safe Area 1 Terminal,Evac Area 1 Ferry Terminal,10.0,24.0,24.0,34.0,12.0,0,None,
2,Vessel 1,2,Evac Area 1 Ferry Terminal,Safe Area 1 Terminal,34.0,48.0,48.0,58.0,12.0,1,Evac Area 1,
1,Vessel 2,1,Safe Area 2 Harbor,Evac Area 4 Beach,10.0,28.24000000000001,28.24000000000001,31.24000000000001,25.0,0,None,
2,Vessel 2,2,Evac Area 4 Beach,Safe Area 2 Harbor,31.24000000000001,49.48000000000002,49.48000000000002,52.48000000000002,25.0,12,Evac Area 4,
3,Vessel 2,3,Safe Area 2 Harbor,Evac Area 2 Marina,52.48000000000002,64.48000000000002,64.48000000000002,67.48000000000002,25.0,0,None,
4,Vessel 2,4,Evac Area 2 Marina,Safe Area 2 Harbor,67.48000000000002,79.48000000000002,79.48000000000002,82.48000000000002,25.0,12,Evac Area 2,
5,Vessel 2,5,Safe Area 2 Harbor,Evac Area 4 Dock,82.48000000000002,100.71999999999997,100.71999999999997,103.71999999999997,25.0,0,None,
6,Vessel 2,6,Evac Area 4 Dock,Safe Area 3 Marina,103.71999999999997,121.71999999999997,121.71999999999997,124.71999999999997,25.0,12,Evac Area 4,
7,Vessel 2,7,Safe Area 3 Marina,Evac Area 4 Dock,124.71999999999997,142.71999999999997,142.71999999999997,145.71999999999997,25.0,0,None,
8,Vessel 2,8,Evac Area 4 Dock,Safe Area 3 Marina,145.71999999999997,163.71999999999997,163.71999999999997,166.71999999999997,25.0,12,Evac Area 4,
9,Vessel 2,9,Safe Area 3 Marina,Evac Area 4 Dock,166.71999999999997,184.72,184.72,187.72,25.0,0,None,
10,Vessel 2,10,Evac Area 4 Dock,Safe Area 3 Marina,187.72,205.72,205.72,208.72,25.0,12,Evac Area 4,
11,Vessel 2,11,Safe Area 3 Marina,Evac Area 4 Beach,208.72,226.72,226.72,229.72,25.0,0,None,
12,Vessel 2,12,Evac Area 4 Beach,Safe Area 3 Marina,229.72,247.72,247.72,250.72,25.0,12,Evac Area 4,
13,Vessel 2,13,Safe Area 3 Marina,Evac Area 4 Beach,250.72,268.72,268.72,271.72,25.0,0,None,
14,Vessel 2,14,Evac Area 4 Beach,Safe Area 3 Marina,271.72,289.72,289.72,292.72,25.0,12,Evac Area 4,
15,Vessel 2,15,Safe Area 3 Marina,Evac Area 4 Dock,292.72,310.72,310.72,313.72,25.0,0,None,
16,Vessel 2,16,Evac Area 4 Dock,Safe Area 3 Marina,313.72,331.72,331.72,334.72,25.0,12,Evac Area 4,
17,Vessel 2,17,Safe Area 3 Marina,Evac Area 4 Dock,334.72,352.72,352.72,355.72,25.0,0,None,
18,Vessel 2,18,Evac Area 4 Dock,Safe Area 2 Harbor,355.72,373.96,373.96,376.96,25.0,12,Evac Area 4,
19,Vessel 2,19,Safe Area 2 Harbor,Evac Area 4 Dock,376.96,395.2,395.2,398.2,25.0,0,None,
20,Vessel 2,20,Evac Area 4 Dock,Safe Area 2 Harbor,398.2,416.44,416.44,419.44,25.0,12,Evac Area 4,
1,Vessel 3,1,Safe Area 3 Marina,Evac Area 4 Beach,60.0,78.0,78.0,81.0,25.0,0,None,
2,Vessel 3,2,Evac Area 4 Beach,Safe Area 3 Marina,81.0,99.0,99.0,102.0,25.0,12,Evac Area 4,
3,Vessel 3,3,Safe Area 3 Marina,Evac Area 4 Dock,102.0,120.0,120.0,123.0,25.0,0,None,
4,Vessel 3,4,Evac Area 4 Dock,Safe Area 3 Marina,123.0,141.0,141.0,144.0,25.0,12,Evac Area 4,
5,Vessel 3,5,Safe Area 3 Marina,Evac Area 4 Dock,144.0,162.0,162.0,165.0,25.0,0,None,
6,Vessel 3,6,Evac Area 4 Dock,Safe Area 3 Marina,165.0,183.0,183.0,186.0,25.0,12,Evac Area 4,
7,Vessel 3,7,Safe Area 3 Marina,Evac Area 4 Dock,186.0,204.0,204.0,207.0,25.0,0,None,
8,Vessel 3,8,Evac Area 4 Dock,Safe Area 2 Harbor,207.0,225.24,225.24,228.24,25.0,12,Evac Area 4,
9,Vessel 3,9,Safe Area 2 Harbor,Evac Area 2 Marina,228.24,240.24,240.24,243.24,25.0,0,None,
10,Vessel 3,10,Evac Area 2 Marina,Safe Area 2 Harbor,243.24,255.24,255.24,258.24,25.0,12,Evac Area 2,
11,Vessel 3,11,Safe Area 2 Harbor,Evac Area 2 Marina,258.24,270.24,270.24,273.24,25.0,0,None,
12,Vessel 3,12,Evac Area 2 Marina,Safe Area 2 Harbor,273.24,285.24,285.24,288.24,25.0,12,Evac Area 2,
13,Vessel 3,13,Safe Area 2 Harbor,Evac Area 2 Marina,288.24,300.24,300.24,303.24,25.0,0,None,
14,Vessel 3,14,Evac Area 2 Marina,Safe Area 2 Harbor,303.24,315.24,315.24,318.24,25.0,12,Evac Area 2,
15,Vessel 3,15,Safe Area 2 Harbor,Evac Area 2 Marina,318.24,330.24,330.24,333.24,25.0,0,None,
16,Vessel 3,16,Evac Area 2 Marina,Safe Area 2 Harbor,333.24,345.24,345.24,348.24,25.0,12,Evac Area 2,
17,Vessel 3,17,Safe Area 2 Harbor,Evac Area 4 Beach,348.24,366.48,366.48,369.48,25.0,0,None,
18,Vessel 3,18,Evac Area 4 Beach,Safe Area 3 Marina,369.48,387.48,387.48,390.48,25.0,12,Evac Area 4,
19,Vessel 3,19,Safe Area 3 Marina,Evac Area 4 Beach,390.48,408.48,408.48,411.48,25.0,0,None,
20,Vessel 3,20,Evac Area 4 Beach,Safe Area 3 Marina,411.48,429.48,429.48,432.48,25.0,12,Evac Area 4,
1,Vessel 4,1,Safe Area 1 Terminal,Evac Area 4 Dock,10.0,31.600000000000023,31.600000000000023,36.60000000000002,25.0,0,None,
2,Vessel 4,2,Evac Area 4 Dock,Safe Area 3 Marina,36.60000000000002,54.60000000000002,54.60000000000002,59.60000000000002,25.0,38,Evac Area 4,
3,Vessel 4,3,Safe Area 3 Marina,Evac Area 4 Dock,59.60000000000002,77.60000000000002,77.60000000000002,82.60000000000002,25.0,0,None,
4,Vessel 4,4,Evac Area 4 Dock,Safe Area 2 Harbor,82.60000000000002,100.84000000000003,100.84000000000003,105.84000000000003,25.0,38,Evac Area 4,
5,Vessel 4,5,Safe Area 2 Harbor,Evac Area 4 Dock,105.84000000000003,124.07999999999998,124.07999999999998,129.07999999999998,25.0,0,None,
6,Vessel 4,6,Evac Area 4 Dock,Safe Area 3 Marina,129.07999999999998,147.07999999999998,147.07999999999998,152.07999999999998,25.0,38,Evac Area 4,
7,Vessel 4,7,Safe Area 3 Marina,Evac Area 4 Dock,152.07999999999998,170.07999999999998,170.07999999999998,175.07999999999998,25.0,0,None,
8,Vessel 4,8,Evac Area 4 Dock,Safe Area 3 Marina,175.07999999999998,193.08,193.08,198.08,25.0,38,Evac Area 4,
9,Vessel 4,9,Safe Area 3 Marina,Evac Area 4 Dock,198.08,216.08,216.08,221.08,25.0,0,None,
10,Vessel 4,10,Evac Area 4 Dock,Safe Area 3 Marina,221.08,239.08,239.08,244.08,25.0,38,Evac Area 4,
11,Vessel 4,11,Safe Area 3 Marina,Evac Area 4 Dock,244.08,262.08,262.08,267.08,25.0,0,None,
12,Vessel 4,12,Evac Area 4 Dock,Safe Area 3 Marina,267.08,285.08,285.08,290.08,25.0,38,Evac Area 4,
13,Vessel 4,13,Safe Area 3 Marina,Evac Area 4 Dock,290.08,308.08,308.08,313.08,25.0,0,None,
14,Vessel 4,14,Evac Area 4 Dock,Safe Area 3 Marina,313.08,331.08,331.08,336.08,25.0,38,Evac Area 4,
15,Vessel 4,15,Safe Area 3 Marina,Evac Area 4 Dock,336.08,354.08,354.08,359.08,25.0,0,None,
16,Vessel 4,16,Evac Area 4 Dock,Safe Area 3 Marina,359.08,377.08,377.08,382.08,25.0,38,Evac Area 4,
17,Vessel 4,17,Safe Area 3 Marina,Evac Area 4 Dock,382.08,400.08,400.08,405.08,25.0,0,None,
18,Vessel 4,18,Evac Area 4 Dock,Safe Area 2 Harbor,405.08,423.32,423.32,428.32,25.0,31,Evac Area 4,
1,Vessel 5,1,Safe Area 1 Terminal,Evac Area 3 Dock,30.0,46.666666666666686,46.666666666666686,56.666666666666686,18.0,0,None,
2,Vessel 5,2,Evac Area 3 Dock,Safe Area 3 Marina,56.666666666666686,71.66666666666669,71.66666666666669,81.66666666666669,18.0,34,Evac Area 3,
3,Vessel 5,3,Safe Area 3 Marina,Evac Area 4 Dock,81.66666666666669,106.66666666666669,106.66666666666669,116.66666666666669,18.0,0,None,
4,Vessel 5,4,Evac Area 4 Dock,Safe Area 2 Harbor,116.66666666666669,142.0,142.0,152.0,18.0,120,Evac Area 4,
5,Vessel 5,5,Safe Area 2 Harbor,Evac Area 4 Dock,152.0,177.33333333333334,177.33333333333334,187.33333333333331,18.0,0,None,
6,Vessel 5,6,Evac Area 4 Dock,Safe Area 3 Marina,187.33333333333331,212.33333333333331,212.33333333333331,222.33333333333331,18.0,120,Evac Area 4,
7,Vessel 5,7,Safe Area 3 Marina,Evac Area 4 Dock,222.33333333333331,247.33333333333331,247.33333333333331,257.33333333333337,18.0,0,None,
8,Vessel 5,8,Evac Area 4 Dock,Safe Area 3 Marina,257.33333333333337,282.33333333333337,282.33333333333337,292.33333333333337,18.0,120,Evac Area 4,
9,Vessel 5,9,Safe Area 3 Marina,Evac Area 4 Dock,292.33333333333337,317.33333333333337,317.33333333333337,327.33333333333337,18.0,0,None,
10,Vessel 5,10,Evac Area 4 Dock,Safe Area 3 Marina,327.33333333333337,352.33333333333337,352.33333333333337,362.33333333333337,18.0,120,Evac Area 4,
11,Vessel 5,11,Safe Area 3 Marina,Evac Area 4 Dock,362.33333333333337,387.33333333333337,387.33333333333337,397.33333333333337,18.0,0,None,
12,Vessel 5,12,Evac Area 4 Dock,Safe Area 3 Marina,397.33333333333337,422.33333333333337,422.33333333333337,432.33333333333337,18.0,120,Evac Area 4,
1,Vessel 6,1,Safe Area 1 Terminal,Evac Area 4 Beach,30.0,51.60000000000002,51.60000000000002,54.60000000000002,25.0,0,None,
2,Vessel 6,2,Evac Area 4 Beach,Safe Area 3 Marina,54.60000000000002,72.60000000000002,72.60000000000002,75.60000000000002,25.0,12,Evac Area 4,
3,Vessel 6,3,Safe Area 3 Marina,Evac Area 4 Beach,75.60000000000002,93.60000000000002,93.60000000000002,96.60000000000002,25.0,0,None,
4,Vessel 6,4,Evac Area 4 Beach,Safe Area 3 Marina,96.60000000000002,114.60000000000002,114.60000000000002,117.60000000000002,25.0,12,Evac Area 4,
5,Vessel 6,5,Safe Area 3 Marina,Evac Area 4 Beach,117.60000000000002,135.60000000000002,135.60000000000002,138.60000000000002,25.0,0,None,
6,Vessel 6,6,Evac Area 4 Beach,Safe Area 3 Marina,138.60000000000002,156.60000000000002,156.60000000000002,159.60000000000002,25.0,12,Evac Area 4,
7,Vessel 6,7,Safe Area 3 Marina,Evac Area 4 Beach,159.60000000000002,177.6,177.6,180.6,25.0,0,None,
8,Vessel 6,8,Evac Area 4 Beach,Safe Area 3 Marina,180.6,198.6,198.6,201.6,25.0,12,Evac Area 4,
9,Vessel 6,9,Safe Area 3 Marina,Evac Area 4 Dock,201.6,219.6,219.6,222.6,25.0,0,None,
10,Vessel 6,10,Evac Area 4 Dock,Safe Area 2 Harbor,222.6,240.84,240.84,243.84,25.0,12,Evac Area 4,
11,Vessel 6,11,Safe Area 2 Harbor,Evac Area 2 Marina,243.84,255.84,255.84,258.84000000000003,25.0,0,None,
12,Vessel 6,12,Evac Area 2 Marina,Safe Area 2 Harbor,258.84000000000003,270.84000000000003,270.84000000000003,273.84000000000003,25.0,11,Evac Area 2,
13,Vessel 6,13,Safe Area 2 Harbor,Evac Area 4 Dock,273.84000000000003,292.08000000000004,292.08000000000004,295.08000000000004,25.0,0,None,
14,Vessel 6,14,Evac Area 4 Dock,Safe Area 2 Harbor,295.08000000000004,313.32000000000005,313.32000000000005,316.32000000000005,25.0,12,Evac Area 4,
15,Vessel 6,15,Safe Area 2 Harbor,Evac Area 2 Marina,316.32000000000005,328.32000000000005,328.32000000000005,331.32000000000005,25.0,0,None,
16,Vessel 6,16,Evac Area 2 Marina,Safe Area 2 Harbor,331.32000000000005,343.32000000000005,343.32000000000005,346.32000000000005,25.0,12,Evac Area 2,
17,Vessel 6,17,Safe Area 2 Harbor,Evac Area 4 Dock,346.32000000000005,364.56000000000006,364.56000000000006,367.56000000000006,25.0,0,None,
18,Vessel 6,18,Evac Area 4 Dock,Safe Area 3 Marina,367.56000000000006,385.56000000000006,385.56000000000006,388.56000000000006,25.0,12,Evac Area 4,
19,Vessel 6,19,Safe Area 3 Marina,Evac Area 4 Dock,388.56000000000006,406.56000000000006,406.56000000000006,409.56000000000006,25.0,0,None,
20,Vessel 6,20,Evac Area 4 Dock,Safe Area 3 Marina,409.56000000000006,427.56000000000006,427.56000000000006,430.56000000000006,25.0,12,Evac Area 4,
1,Vessel 2,1,Safe Area 2 Harbor,Evac Area 2 Marina,432.48,444.48,444.48,447.48,25.0,0,None,yes
2,Vessel 2,2,Evac Area 2 Marina,Safe Area 2 Harbor,447.48,459.48,459.48,462.48,25.0,12,Evac Area 2,yes
3,Vessel 2,3,Safe Area 2 Harbor,Evac Area 2 Marina,462.48,474.48,474.48,477.48,25.0,0,None,yes
4,Vessel 2,4,Evac Area 2 Marina,Safe Area 2 Harbor,477.48,489.48,489.48,492.48,25.0,12,Evac Area 2,yes
5,Vessel 2,5,Safe Area 2 Harbor,Evac Area 2 Marina,492.48,504.48,504.48,507.48,25.0,0,None,yes
6,Vessel 2,6,Evac Area 2 Marina,Safe Area 2 Harbor,507.48,519.48,519.48,522.48,25.0,8,Evac Area 2,yes
1,Vessel 3,1,Safe Area 3 Marina,Evac Area 3 Dock,432.48,443.28000000000003,443.28000000000003,446.28000000000003,25.0,0,None,yes
2,Vessel 3,2,Evac Area 3 Dock,Safe Area 3 Marina,446.28000000000003,457.08000000000004,457.08000000000004,460.08000000000004,25.0,12,Evac Area 3,yes
3,Vessel 3,3,Safe Area 3 Marina,Evac Area 4 Beach,460.08000000000004,478.08000000000004,478.08000000000004,481.08000000000004,25.0,0,None,yes
4,Vessel 3,4,Evac Area 4 Beach,Safe Area 3 Marina,481.08000000000004,499.08000000000004,499.08000000000004,502.08000000000004,25.0,12,Evac Area 4,yes
5,Vessel 3,5,Safe Area 3 Marina,Evac Area 4 Dock,502.08000000000004,520.08,520.08,523.08,25.0,0,None,yes
6,Vessel 3,6,Evac Area 4 Dock,Safe Area 3 Marina,523.08,541.08,541.08,544.08,25.0,12,Evac Area 4,yes
7,Vessel 3,7,Safe Area 3 Marina,Evac Area 4 Beach,544.08,562.08,562.08,565.08,25.0,0,None,yes
8,Vessel 3,8,Evac Area 4 Beach,Safe Area 3 Marina,565.08,583.08,583.08,586.08,25.0,5,Evac Area 4,yes
1,Vessel 4,1,Safe Area 2 Harbor,Evac Area 4 Dock,432.48,450.72,450.72,455.72,25.0,0,None,yes
2,Vessel 4,2,Evac Area 4 Dock,Safe Area 3 Marina,455.72,473.72,473.72,478.72,25.0,38,Evac Area 4,yes
3,Vessel 4,3,Safe Area 3 Marina,Evac Area 4 Dock,478.72,496.72,496.72,501.72,25.0,0,None,yes
4,Vessel 4,4,Evac Area 4 Dock,Safe Area 3 Marina,501.72,519.72,519.72,524.72,25.0,38,Evac Area 4,yes
5,Vessel 4,5,Safe Area 3 Marina,Evac Area 4 Dock,524.72,542.72,542.72,547.72,25.0,0,None,yes
6,Vessel 4,6,Evac Area 4 Dock,Safe Area 3 Marina,547.72,565.72,565.72,570.72,25.0,38,Evac Area 4,yes
7,Vessel 4,7,Safe Area 3 Marina,Evac Area 4 Dock,570.72,588.72,588.72,593.72,25.0,0,None,yes
8,Vessel 4,8,Evac Area 4 Dock,Safe Area 3 Marina,593.72,611.72,611.72,616.72,25.0,38,Evac Area 4,yes
1,Vessel 5,1,Safe Area 3 Marina,Evac Area 4 Dock,432.48,457.48,457.48,467.48,18.0,0,None,yes
2,Vessel 5,2,Evac Area 4 Dock,Safe Area 3 Marina,467.48,492.48,492.48,502.48,18.0,120,Evac Area 4,yes
3,Vessel 5,3,Safe Area 3 Marina,Evac Area 4 Dock,502.48,527.48,527.48,537.48,18.0,0,None,yes
4,Vessel 5,4,Evac Area 4 Dock,Safe Area 3 Marina,537.48,562.48,562.48,572.48,18.0,120,Evac Area 4,yes
5,Vessel 5,5,Safe Area 3 Marina,Evac Area 4 Dock,572.48,597.48,597.48,607.48,18.0,0,None,yes
6,Vessel 5,6,Evac Area 4 Dock,Safe Area 3 Marina,607.48,632.48,632.48,642.48,18.0,120,Evac Area 4,yes
1,Vessel 6,1,Safe Area 3 Marina,Evac Area 3 Dock,432.48,443.28000000000003,443.28000000000003,446.28000000000003,25.0,0,None,yes
2,Vessel 6,2,Evac Area 3 Dock,Safe Area 3 Marina,446.28000000000003,457.08000000000004,457.08000000000004,460.08000000000004,25.0,12,Evac Area 3,yes
3,Vessel 6,3,Safe Area 3 Marina,Evac Area 4 Beach,460.08000000000004,478.08000000000004,478.08000000000004,481.08000000000004,25.0,0,None,yes
4,Vessel 6,4,Evac Area 4 Beach,Safe Area 3 Marina,481.08000000000004,499.08000000000004,499.08000000000004,502.08000000000004,25.0,12,Evac Area 4,yes
5,Vessel 6,5,Safe Area 3 Marina,Evac Area 3 Dock,502.08000000000004,512.88,512.88,515.88,25.0,0,None,yes
6,Vessel 6,6,Evac Area 3 Dock,Safe Area 3 Marina,515.88,526.6800000000001,526.6800000000001,529.6800000000001,25.0,12,Evac Area 3,yes
7,Vessel 6,7,Safe Area 3 Marina,Evac Area 3 Dock,529.6800000000001,540.48,540.48,543.48,25.0,0,None,yes
8,Vessel 6,8,Evac Area 3 Dock,Safe Area 3 Marina,543.48,554.28,554.28,557.28,25.0,2,Evac Area 3,yes
