segment_id,resource_id,route_segment_id,origin,destination,route_start_time,route_end_time,load_start_time,load_end_time,resource_speed,evacuees,evacuated_location,post_run_correction
1,Vessel 1,1,Safe Area 1 Terminal,Evac Area 1 Ferry Terminal,10.0,24.0,24.0,34.0,12.0,0,None,
2,Vessel 1,2,Evac Area 1 Ferry Terminal,Safe Area 1 Terminal,34.0,48.0,48.0,58.0,12.0,1,Evac Area 1,
1,Vessel 2,1,Safe Area 2 Harbor,Evac Area 2 Marina,10.0,22.0,22.0,25.0,25.0,0,None,
2,Vessel 2,2,Evac Area 2 Marina,Safe Area 2 Harbor,25.0,37.0,37.0,40.0,25.0,12,Evac Area 2,
3,Vessel 2,3,Safe Area 2 Harbor,Evac Area 4 Beach,40.0,58.24000000000001,58.24000000000001,61.24000000000001,25.0,0,None,
4,Vessel 2,4,Evac Area 4 Beach,Safe Area 2 Harbor,61.24000000000001,79.48000000000002,79.48000000000002,82.48000000000002,25.0,12,Evac Area 4,
5,Vessel 2,5,Safe Area 2 Harbor,Evac Area 4 Beach,82.48000000000002,100.72000000000003,100.72000000000003,103.72000000000003,25.0,0,None,
6,Vessel 2,6,Evac Area 4 Beach,Safe Area 3 Marina,103.72000000000003,121.72000000000003,121.72000000000003,124.72000000000003,25.0,12,Evac Area 4,
7,Vessel 2,7,Safe Area 3 Marina,Evac Area 4 Beach,124.72000000000003,142.72000000000003,142.72000000000003,145.72000000000003,25.0,0,None,
8,Vessel 2,8,Evac Area 4 Beach,Safe Area 3 Marina,145.72000000000003,163.72000000000003,163.72000000000003,166.72000000000003,25.0,12,Evac Area 4,
9,Vessel 2,9,Safe Area 3 Marina,Evac Area 4 Beach,166.72000000000003,184.72000000000003,184.72000000000003,187.72000000000003,25.0,0,None,
10,Vessel 2,10,Evac Area 4 Beach,Safe Area 2 Harbor,187.72000000000003,205.96000000000004,205.96000000000004,208.96000000000004,25.0,12,Evac Area 4,
11,Vessel 2,11,Safe Area 2 Harbor,Evac Area 4 Beach,208.96000000000004,227.20000000000005,227.20000000000005,230.20000000000005,25.0,0,None,
12,Vessel 2,12,Evac Area 4 Beach,Safe Area 1 Terminal,230.20000000000005,251.79999999999995,251.79999999999995,254.79999999999995,25.0,12,Evac Area 4,
13,Vessel 2,13,Safe Area 1 Terminal,Evac Area 4 Dock,254.79999999999995,276.4,276.4,279.4,25.0,0,None,
14,Vessel 2,14,Evac Area 4 Dock,Safe Area 3 Marina,279.4,297.4,297.4,300.4,25.0,12,Evac Area 4,
15,Vessel 2,15,Safe Area 3 Marina,Evac Area 4 Beach,300.4,318.4,318.4,321.4,25.0,0,None,
16,Vessel 2,16,Evac Area 4 Beach,Safe Area 3 Marina,321.4,339.4,339.4,342.4,25.0,12,Evac Area 4,
17,Vessel 2,17,Safe Area 3 Marina,Evac Area 4 Beach,342.4,360.4,360.4,363.4,25.0,0,None,
18,Vessel 2,18,Evac Area 4 Beach,Safe Area 3 Marina,363.4,381.4,381.4,384.4,25.0,12,Evac Area 4,
19,Vessel 2,19,Safe Area 3 Marina,Evac Area 3 Dock,384.4,395.2,395.2,398.2,25.0,0,None,
20,Vessel 2,20,Evac Area 3 Dock,Safe Area 3 Marina,398.2,409.0,409.0,412.0,25.0,12,Evac Area 3,
21,Vessel 2,21,Safe Area 3 Marina,Evac Area 4 Beach,412.0,430.0,430.0,433.0,25.0,0,None,
22,Vessel 2,22,Evac Area 4 Beach,Safe Area 3 Marina,433.0,451.0,451.0,454.0,25.0,12,Evac Area 4,
23,Vessel 2,23,Safe Area 3 Marina,Evac Area 4 Dock,454.0,472.0,472.0,475.0,25.0,0,None,
24,Vessel 2,24,Evac Area 4 Dock,Safe Area 3 Marina,475.0,493.0,493.0,496.0,25.0,12,Evac Area 4,
25,Vessel 2,25,Safe Area 3 Marina,Evac Area 4 Beach,496.0,514.0,514.0,517.0,25.0,0,None,
26,Vessel 2,26,Evac Area 4 Beach,Safe Area 3 Marina,517.0,535.0,535.0,538.0,25.0,12,Evac Area 4,
27,Vessel 2,27,Safe Area 3 Marina,Evac Area 4 Beach,538.0,556.0,556.0,559.0,25.0,0,None,
28,Vessel 2,28,Evac Area 4 Beach,Safe Area 3 Marina,559.0,577.0,577.0,580.0,25.0,12,Evac Area 4,
29,Vessel 2,29,Safe Area 3 Marina,Evac Area 4 Beach,580.0,598.0,598.0,601.0,25.0,0,None,
30,Vessel 2,30,Evac Area 4 Beach,Safe Area 2 Harbor,601.0,619.24,619.24,622.24,25.0,12,Evac Area 4,
31,Vessel 2,31,Safe Area 2 Harbor,Evac Area 4 Dock,622.24,640.48,640.48,643.48,25.0,0,None,
32,Vessel 2,32,Evac Area 4 Dock,Safe Area 3 Marina,643.48,661.48,661.48,664.48,25.0,12,Evac Area 4,
33,Vessel 2,33,Safe Area 3 Marina,Evac Area 4 Dock,664.48,682.48,682.48,685.48,25.0,0,None,
34,Vessel 2,34,Evac Area 4 Dock,Safe Area 3 Marina,685.48,703.48,703.48,706.48,25.0,12,Evac Area 4,
35,Vessel 2,35,Safe Area 3 Marina,Evac Area 4 Beach,706.48,724.48,724.48,727.48,25.0,0,None,
36,Vessel 2,36,Evac Area 4 Beach,Safe Area 3 Marina,727.48,745.48,745.48,748.48,25.0,12,Evac Area 4,
37,Vessel 2,37,Safe Area 3 Marina,Evac Area 4 Beach,748.48,766.48,766.48,769.48,25.0,0,None,
38,Vessel 2,38,Evac Area 4 Beach,Safe Area 3 Marina,769.48,787.48,787.48,790.48,25.0,3,Evac Area 4,
1,Vessel 3,1,Safe Area 3 Marina,Evac Area 4 Beach,60.0,78.0,78.0,81.0,25.0,0,None,
2,Vessel 3,2,Evac Area 4 Beach,Safe Area 3 Marina,81.0,99.0,99.0,102.0,25.0,12,Evac Area 4,
3,Vessel 3,3,Safe Area 3 Marina,Evac Area 4 Dock,102.0,120.0,120.0,123.0,25.0,0,None,
4,Vessel 3,4,Evac Area 4 Dock,Safe Area 3 Marina,123.0,141.0,141.0,144.0,25.0,12,Evac Area 4,
5,Vessel 3,5,Safe Area 3 Marina,Evac Area 4 Dock,144.0,162.0,162.0,165.0,25.0,0,None,
6,Vessel 3,6,Evac Area 4 Dock,Safe Area 3 Marina,165.0,183.0,183.0,186.0,25.0,12,Evac Area 4,
7,Vessel 3,7,Safe Area 3 Marina,Evac Area 3 Dock,186.0,196.79999999999995,196.79999999999995,199.79999999999995,25.0,0,None,
8,Vessel 3,8,Evac Area 3 Dock,Safe Area 3 Marina,199.79999999999995,210.60000000000002,210.60000000000002,213.60000000000002,25.0,7,Evac Area 3,
9,Vessel 3,9,Safe Area 3 Marina,Evac Area 4 Dock,213.60000000000002,231.60000000000002,231.60000000000002,234.60000000000002,25.0,0,None,
10,Vessel 3,10,Evac Area 4 Dock,Safe Area 3 Marina,234.60000000000002,252.60000000000002,252.60000000000002,255.60000000000002,25.0,12,Evac Area 4,
11,Vessel 3,11,Safe Area 3 Marina,Evac Area 4 Dock,255.60000000000002,273.6,273.6,276.6,25.0,0,None,
12,Vessel 3,12,Evac Area 4 Dock,Safe Area 3 Marina,276.6,294.6,294.6,297.6,25.0,12,Evac Area 4,
13,Vessel 3,13,Safe Area 3 Marina,Evac Area 4 Dock,297.6,315.6,315.6,318.6,25.0,0,None,
14,Vessel 3,14,Evac Area 4 Dock,Safe Area 3 Marina,318.6,336.6,336.6,339.6,25.0,12,Evac Area 4,
15,Vessel 3,15,Safe Area 3 Marina,Evac Area 4 Dock,339.6,357.6,357.6,360.6,25.0,0,None,
16,Vessel 3,16,Evac Area 4 Dock,Safe Area 3 Marina,360.6,378.6,378.6,381.6,25.0,12,Evac Area 4,
17,Vessel 3,17,Safe Area 3 Marina,Evac Area 4 Dock,381.6,399.6,399.6,402.6,25.0,0,None,
18,Vessel 3,18,Evac Area 4 Dock,Safe Area 3 Marina,402.6,420.6,420.6,423.6,25.0,12,Evac Area 4,
19,Vessel 3,19,Safe Area 3 Marina,Evac Area 4 Dock,423.6,441.6,441.6,444.6,25.0,0,None,
20,Vessel 3,20,Evac Area 4 Dock,Safe Area 3 Marina,444.6,462.6,462.6,465.6,25.0,12,Evac Area 4,
21,Vessel 3,21,Safe Area 3 Marina,Evac Area 4 Beach,465.6,483.6,483.6,486.6,25.0,0,None,
22,Vessel 3,22,Evac Area 4 Beach,Safe Area 3 Marina,486.6,504.6,504.6,507.6,25.0,12,Evac Area 4,
23,Vessel 3,23,Safe Area 3 Marina,Evac Area 4 Beach,507.6,525.6,525.6,528.6,25.0,0,None,
24,Vessel 3,24,Evac Area 4 Beach,Safe Area 3 Marina,528.6,546.6,546.6,549.6,25.0,12,Evac Area 4,
25,Vessel 3,25,Safe Area 3 Marina,Evac Area 4 Beach,549.6,567.6,567.6,570.6,25.0,0,None,
26,Vessel 3,26,Evac Area 4 Beach,Safe Area 3 Marina,570.6,588.6,588.6,591.6,25.0,12,Evac Area 4,
27,Vessel 3,27,Safe Area 3 Marina,Evac Area 4 Beach,591.6,609.6,609.6,612.6,25.0,0,None,
28,Vessel 3,28,Evac Area 4 Beach,Safe Area 3 Marina,612.6,630.6,630.6,633.6,25.0,12,Evac Area 4,
29,Vessel 3,29,Safe Area 3 Marina,Evac Area 4 Dock,633.6,651.6,651.6,654.6,25.0,0,None,
30,Vessel 3,30,Evac Area 4 Dock,Safe Area 3 Marina,654.6,672.6,672.6,675.6,25.0,12,Evac Area 4,
31,Vessel 3,31,Safe Area 3 Marina,Evac Area 4 Beach,675.6,693.6,693.6,696.6,25.0,0,None,
32,Vessel 3,32,Evac Area 4 Beach,Safe Area 3 Marina,696.6,714.6,714.6,717.6,25.0,12,Evac Area 4,
33,Vessel 3,33,Safe Area 3 Marina,Evac Area 4 Dock,717.6,735.6,735.6,738.6,25.0,0,None,
34,Vessel 3,34,Evac Area 4 Dock,Safe Area 3 Marina,738.6,756.6,756.6,759.6,25.0,12,Evac Area 4,
35,Vessel 3,35,Safe Area 3 Marina,Evac Area 4 Beach,759.6,777.6,777.6,780.6,25.0,0,None,
36,Vessel 3,36,Evac Area 4 Beach,Safe Area 3 Marina,780.6,798.6,798.6,801.6,25.0,12,Evac Area 4,
1,Vessel 4,1,Safe Area 1 Terminal,Evac Area 3 Dock,10.0,22.0,22.0,27.0,25.0,0,None,
2,Vessel 4,2,Evac Area 3 Dock,Safe Area 3 Marina,27.0,37.799999999999955,37.799999999999955,42.799999999999955,25.0,38,Evac Area 3,
3,Vessel 4,3,Safe Area 3 Marina,Evac Area 4 Dock,42.799999999999955,60.799999999999955,60.799999999999955,65.79999999999995,25.0,0,None,
4,Vessel 4,4,Evac Area 4 Dock,Safe Area 3 Marina,65.79999999999995,83.79999999999995,83.79999999999995,88.79999999999995,25.0,38,Evac Area 4,
5,Vessel 4,5,Safe Area 3 Marina,Evac Area 4 Dock,88.79999999999995,106.79999999999995,106.79999999999995,111.79999999999995,25.0,0,None,
6,Vessel 4,6,Evac Area 4 Dock,Safe Area 3 Marina,111.79999999999995,129.79999999999995,129.79999999999995,134.79999999999995,25.0,38,Evac Area 4,
7,Vessel 4,7,Safe Area 3 Marina,Evac Area 4 Dock,134.79999999999995,152.79999999999995,152.79999999999995,157.79999999999995,25.0,0,None,
8,Vessel 4,8,Evac Area 4 Dock,Safe Area 3 Marina,157.79999999999995,175.79999999999995,175.79999999999995,180.79999999999995,25.0,38,Evac Area 4,
9,Vessel 4,9,Safe Area 3 Marina,Evac Area 4 Dock,180.79999999999995,198.79999999999995,198.79999999999995,203.79999999999995,25.0,0,None,
10,Vessel 4,10,Evac Area 4 Dock,Safe Area 3 Marina,203.79999999999995,221.79999999999995,221.79999999999995,226.79999999999995,25.0,38,Evac Area 4,
11,Vessel 4,11,Safe Area 3 Marina,Evac Area 4 Dock,226.79999999999995,244.79999999999995,244.79999999999995,249.79999999999995,25.0,0,None,
12,Vessel 4,12,Evac Area 4 Dock,Safe Area 3 Marina,249.79999999999995,267.79999999999995,267.79999999999995,272.79999999999995,25.0,38,Evac Area 4,
13,Vessel 4,13,Safe Area 3 Marina,Evac Area 4 Dock,272.79999999999995,290.79999999999995,290.79999999999995,295.8,25.0,0,None,
14,Vessel 4,14,Evac Area 4 Dock,Safe Area 3 Marina,295.8,313.8,313.8,318.8,25.0,38,Evac Area 4,
15,Vessel 4,15,Safe Area 3 Marina,Evac Area 4 Dock,318.8,336.8,336.8,341.8,25.0,0,None,
16,Vessel 4,16,Evac Area 4 Dock,Safe Area 3 Marina,341.8,359.8,359.8,364.8,25.0,38,Evac Area 4,
17,Vessel 4,17,Safe Area 3 Marina,Evac Area 4 Dock,364.8,382.8,382.8,387.8,25.0,0,None,
18,Vessel 4,18,Evac Area 4 Dock,Safe Area 3 Marina,387.8,405.8,405.8,410.8,25.0,38,Evac Area 4,
19,Vessel 4,19,Safe Area 3 Marina,Evac Area 4 Dock,410.8,428.8,428.8,433.8,25.0,0,None,
20,Vessel 4,20,Evac Area 4 Dock,Safe Area 3 Marina,433.8,451.8,451.8,456.8,25.0,38,Evac Area 4,
21,Vessel 4,21,Safe Area 3 Marina,Evac Area 4 Dock,456.8,474.8,474.8,479.8,25.0,0,None,
22,Vessel 4,22,Evac Area 4 Dock,Safe Area 2 Harbor,479.8,498.04,498.04,503.04,25.0,38,Evac Area 4,
23,Vessel 4,23,Safe Area 2 Harbor,Evac Area 2 Marina,503.04,515.04,515.04,520.04,25.0,0,None,
24,Vessel 4,24,Evac Area 2 Marina,Safe Area 2 Harbor,520.04,532.04,532.04,537.04,25.0,27,Evac Area 2,
25,Vessel 4,25,Safe Area 2 Harbor,Evac Area 2 Marina,537.04,549.04,549.04,554.04,25.0,0,None,
26,Vessel 4,26,Evac Area 2 Marina,Safe Area 2 Harbor,554.04,566.04,566.04,571.04,25.0,38,Evac Area 2,
27,Vessel 4,27,Safe Area 2 Harbor,Evac Area 2 Marina,571.04,583.04,583.04,588.04,25.0,0,None,
28,Vessel 4,28,Evac Area 2 Marina,Safe Area 2 Harbor,588.04,600.04,600.04,605.04,25.0,38,Evac Area 2,
29,Vessel 4,29,Safe Area 2 Harbor,Evac Area 4 Dock,605.04,623.28,623.28,628.28,25.0,0,None,
30,Vessel 4,30,Evac Area 4 Dock,Safe Area 3 Marina,628.28,646.28,646.28,651.28,25.0,38,Evac Area 4,
31,Vessel 4,31,Safe Area 3 Marina,Evac Area 4 Dock,651.28,669.28,669.28,674.28,25.0,0,None,
32,Vessel 4,32,Evac Area 4 Dock,Safe Area 3 Marina,674.28,692.28,692.28,697.28,25.0,38,Evac Area 4,
33,Vessel 4,33,Safe Area 3 Marina,Evac Area 4 Dock,697.28,715.28,715.28,720.28,25.0,0,None,
34,Vessel 4,34,Evac Area 4 Dock,Safe Area 3 Marina,720.28,738.28,738.28,743.28,25.0,38,Evac Area 4,
35,Vessel 4,35,Safe Area 3 Marina,Evac Area 4 Dock,743.28,761.28,761.28,766.28,25.0,0,None,
36,Vessel 4,36,Evac Area 4 Dock,Safe Area 3 Marina,766.28,784.28,784.28,789.28,25.0,38,Evac Area 4,
1,Vessel 5,1,Safe Area 1 Terminal,Evac Area 4 Dock,30.0,60.0,60.0,70.0,18.0,0,None,
2,Vessel 5,2,Evac Area 4 Dock,Safe Area 3 Marina,70.0,95.0,95.0,105.0,18.0,120,Evac Area 4,
3,Vessel 5,3,Safe Area 3 Marina,Evac Area 4 Dock,105.0,130.0,130.0,140.0,18.0,0,None,
4,Vessel 5,4,Evac Area 4 Dock,Safe Area 3 Marina,140.0,165.0,165.0,175.0,18.0,120,Evac Area 4,
5,Vessel 5,5,Safe Area 3 Marina,Evac Area 4 Dock,175.0,200.0,200.0,210.0,18.0,0,None,
6,Vessel 5,6,Evac Area 4 Dock,Safe Area 3 Marina,210.0,235.0,235.0,245.0,18.0,120,Evac Area 4,
7,Vessel 5,7,Safe Area 3 Marina,Evac Area 4 Dock,245.0,270.0,270.0,280.0,18.0,0,None,
8,Vessel 5,8,Evac Area 4 Dock,Safe Area 3 Marina,280.0,305.0,305.0,315.0,18.0,120,Evac Area 4,
9,Vessel 5,9,Safe Area 3 Marina,Evac Area 4 Dock,315.0,340.0,340.0,350.0,18.0,0,None,
10,Vessel 5,10,Evac Area 4 Dock,Safe Area 3 Marina,350.0,375.0,375.0,385.0,18.0,120,Evac Area 4,
11,Vessel 5,11,Safe Area 3 Marina,Evac Area 4 Dock,385.0,410.0,410.0,420.0,18.0,0,None,
12,Vessel 5,12,Evac Area 4 Dock,Safe Area 3 Marina,420.0,445.0,445.0,455.0,18.0,120,Evac Area 4,
13,Vessel 5,13,Safe Area 3 Marina,Evac Area 4 Dock,455.0,480.0,480.0,490.0,18.0,0,None,
14,Vessel 5,14,Evac Area 4 Dock,Safe Area 3 Marina,490.0,515.0,515.0,525.0,18.0,120,Evac Area 4,
15,Vessel 5,15,Safe Area 3 Marina,Evac Area 4 Dock,525.0,550.0,550.0,560.0,18.0,0,None,
16,Vessel 5,16,Evac Area 4 Dock,Safe Area 3 Marina,560.0,585.0,585.0,595.0,18.0,120,Evac Area 4,
17,Vessel 5,17,Safe Area 3 Marina,Evac Area 4 Dock,595.0,620.0,620.0,630.0,18.0,0,None,
18,Vessel 5,18,Evac Area 4 Dock,Safe Area 3 Marina,630.0,655.0,655.0,665.0,18.0,120,Evac Area 4,
19,Vessel 5,19,Safe Area 3 Marina,Evac Area 4 Dock,665.0,690.0,690.0,700.0,18.0,0,None,
20,Vessel 5,20,Evac Area 4 Dock,Safe Area 3 Marina,700.0,725.0,725.0,735.0,18.0,120,Evac Area 4,
21,Vessel 5,21,Safe Area 3 Marina,Evac Area 4 Dock,735.0,760.0,760.0,770.0,18.0,0,None,
22,Vessel 5,22,Evac Area 4 Dock,Safe Area 3 Marina,770.0,795.0,795.0,805.0,18.0,120,Evac Area 4,
1,Vessel 6,1,Safe Area 1 Terminal,Evac Area 4 Dock,30.0,51.60000000000002,51.60000000000002,54.60000000000002,25.0,0,None,
2,Vessel 6,2,Evac Area 4 Dock,Safe Area 2 Harbor,54.60000000000002,72.84000000000003,72.84000000000003,75.84000000000003,25.0,12,Evac Area 4,
3,Vessel 6,3,Safe Area 2 Harbor,Evac Area 4 Beach,75.84000000000003,94.07999999999993,94.07999999999993,97.07999999999993,25.0,0,None,
4,Vessel 6,4,Evac Area 4 Beach,Safe Area 3 Marina,97.07999999999993,115.07999999999993,115.07999999999993,118.07999999999993,25.0,12,Evac Area 4,
5,Vessel 6,5,Safe Area 3 Marina,Evac Area 4 Beach,118.07999999999993,136.07999999999993,136.07999999999993,139.07999999999993,25.0,0,None,
6,Vessel 6,6,Evac Area 4 Beach,Safe Area 3 Marina,139.07999999999993,157.07999999999993,157.07999999999993,160.07999999999993,25.0,12,Evac Area 4,
7,Vessel 6,7,Safe Area 3 Marina,Evac Area 4 Dock,160.07999999999993,178.07999999999993,178.07999999999993,181.08000000000004,25.0,0,None,
8,Vessel 6,8,Evac Area 4 Dock,Safe Area 3 Marina,181.08000000000004,199.08000000000004,199.08000000000004,202.08000000000004,25.0,12,Evac Area 4,
9,Vessel 6,9,Safe Area 3 Marina,Evac Area 4 Beach,202.08000000000004,220.08000000000004,220.08000000000004,223.08000000000004,25.0,0,None,
10,Vessel 6,10,Evac Area 4 Beach,Safe Area 2 Harbor,223.08000000000004,241.31999999999994,241.31999999999994,244.31999999999994,25.0,12,Evac Area 4,
11,Vessel 6,11,Safe Area 2 Harbor,Evac Area 4 Beach,244.31999999999994,262.55999999999995,262.55999999999995,265.55999999999995,25.0,0,None,
12,Vessel 6,12,Evac Area 4 Beach,Safe Area 3 Marina,265.55999999999995,283.55999999999995,283.55999999999995,286.55999999999995,25.0,12,Evac Area 4,
13,Vessel 6,13,Safe Area 3 Marina,Evac Area 4 Dock,286.55999999999995,304.56,304.56,307.56,25.0,0,None,
14,Vessel 6,14,Evac Area 4 Dock,Safe Area 3 Marina,307.56,325.56,325.56,328.56,25.0,12,Evac Area 4,
15,Vessel 6,15,Safe Area 3 Marina,Evac Area 4 Dock,328.56,346.56,346.56,349.56,25.0,0,None,
16,Vessel 6,16,Evac Area 4 Dock,Safe Area 3 Marina,349.56,367.56,367.56,370.56,25.0,12,Evac Area 4,
17,Vessel 6,17,Safe Area 3 Marina,Evac Area 4 Dock,370.56,388.56,388.56,391.56,25.0,0,None,
18,Vessel 6,18,Evac Area 4 Dock,Safe Area 3 Marina,391.56,409.56,409.56,412.56,25.0,12,Evac Area 4,
19,Vessel 6,19,Safe Area 3 Marina,Evac Area 4 Beach,412.56,430.56,430.56,433.56,25.0,0,None,
20,Vessel 6,20,Evac Area 4 Beach,Safe Area 2 Harbor,433.56,451.8,451.8,454.8,25.0,12,Evac Area 4,
21,Vessel 6,21,Safe Area 2 Harbor,Evac Area 4 Beach,454.8,473.04,473.04,476.04,25.0,0,None,
22,Vessel 6,22,Evac Area 4 Beach,Safe Area 3 Marina,476.04,494.04,494.04,497.04,25.0,12,Evac Area 4,
23,Vessel 6,23,Safe Area 3 Marina,Evac Area 4 Beach,497.04,515.04,515.04,518.04,25.0,0,None,
24,Vessel 6,24,Evac Area 4 Beach,Safe Area 1 Terminal,518.04,539.64,539.64,542.64,25.0,12,Evac Area 4,
25,Vessel 6,25,Safe Area 1 Terminal,Evac Area 4 Beach,542.64,564.24,564.24,567.24,25.0,0,None,
26,Vessel 6,26,Evac Area 4 Beach,Safe Area 3 Marina,567.24,585.24,585.24,588.24,25.0,12,Evac Area 4,
27,Vessel 6,27,Safe Area 3 Marina,Evac Area 4 Dock,588.24,606.24,606.24,609.24,25.0,0,None,
28,Vessel 6,28,Evac Area 4 Dock,Safe Area 3 Marina,609.24,627.24,627.24,630.24,25.0,12,Evac Area 4,
29,Vessel 6,29,Safe Area 3 Marina,Evac Area 4 Dock,630.24,648.24,648.24,651.24,25.0,0,None,
30,Vessel 6,30,Evac Area 4 Dock,Safe Area 3 Marina,651.24,669.24,669.24,672.24,25.0,12,Evac Area 4,
31,Vessel 6,31,Safe Area 3 Marina,Evac Area 4 Dock,672.24,690.24,690.24,693.24,25.0,0,None,
32,Vessel 6,32,Evac Area 4 Dock,Safe Area 2 Harbor,693.24,711.48,711.48,714.48,25.0,12,Evac Area 4,
33,Vessel 6,33,Safe Area 2 Harbor,Evac Area 4 Dock,714.48,732.72,732.72,735.72,25.0,0,None,
34,Vessel 6,34,Evac Area 4 Dock,Safe Area 3 Marina,735.72,753.72,753.72,756.72,25.0,12,Evac Area 4,
35,Vessel 6,35,Safe Area 3 Marina,Evac Area 4 Beach,756.72,774.72,774.72,777.72,25.0,0,None,
36,Vessel 6,36,Evac Area 4 Beach,Safe Area 3 Marina,777.72,795.72,795.72,798.72,25.0,12,Evac Area 4,
1,Vessel 3,1,Safe Area 3 Marina,Evac Area 3 Dock,805.0,815.8,815.8,818.8,25.0,0,None,yes
2,Vessel 3,2,Evac Area 3 Dock,Safe Area 3 Marina,818.8,829.6,829.6,832.6,25.0,12,Evac Area 3,yes
1,Vessel 6,1,Safe Area 3 Marina,Evac Area 3 Dock,805.0,815.8,815.8,818.8,25.0,0,None,yes
2,Vessel 6,2,Evac Area 3 Dock,Safe Area 3 Marina,818.8,829.6,829.6,832.6,25.0,3,Evac Area 3,yes
