segment_id,resource_id,route_segment_id,origin,destination,route_start_time,route_end_time,load_start_time,load_end_time,resource_speed,evacuees,evacuated_location
1,Vessel 1,1,Safe Area 1 Terminal,Evac Area 1 Ferry Terminal,10.0,24.0,24.0,34.0,12.0,0,None
2,Vessel 1,2,Evac Area 1 Ferry Terminal,Safe Area 1 Terminal,34.0,48.0,48.0,58.0,12.0,1,Evac Area 1
1,Vessel 2,1,Safe Area 2 Harbor,Evac Area 4 Beach,10.0,28.24,28.24,31.24,25.0,0,None
2,Vessel 2,2,Evac Area 4 Beach,Safe Area 2 Harbor,31.24,49.48,49.48,52.48,25.0,12,Evac Area 4
1,Vessel 4,1,Safe Area 1 Terminal,Evac Area 4 Dock,10.0,31.6,31.6,36.6,25.0,0,None
2,Vessel 4,2,Evac Area 4 Dock,Safe Area 3 Marina,36.6,54.6,54.6,59.6,25.0,38,Evac Area 4
1,Vessel 5,1,Safe Area 1 Terminal,Evac Area 4 Dock,30.0,60.0,60.0,70.0,18.0,0,None
2,Vessel 5,2,Evac Area 4 Dock,Safe Area 3 Marina,70.0,95.0,95.0,105.0,18.0,120,Evac Area 4
1,Vessel 6,1,Safe Area 1 Terminal,Evac Area 3 Dock,30.0,42.0,42.0,45.0,25.0,0,None
2,Vessel 6,2,Evac Area 3 Dock,Safe Area 3 Marina,45.0,55.8,55.8,58.8,25.0,12,Evac Area 3
1,Vessel 2,1,Safe Area 2 Harbor,Evac Area 2 Marina,52.48,64.47999999999999,64.47999999999999,67.47999999999999,25.0,0,None
2,Vessel 2,2,Evac Area 2 Marina,Safe Area 2 Harbor,67.47999999999999,79.47999999999999,79.47999999999999,82.47999999999999,25.0,12,Evac Area 2
3,Vessel 2,3,Safe Area 2 Harbor,Evac Area 2 Marina,82.47999999999999,94.47999999999999,94.47999999999999,97.47999999999999,25.0,0,None
4,Vessel 2,4,Evac Area 2 Marina,Safe Area 2 Harbor,97.47999999999999,109.47999999999999,109.47999999999999,112.47999999999999,25.0,12,Evac Area 2
5,Vessel 2,5,Safe Area 2 Harbor,Evac Area 2 Marina,112.47999999999999,124.47999999999999,124.47999999999999,127.47999999999999,25.0,0,None
6,Vessel 2,6,Evac Area 2 Marina,Safe Area 2 Harbor,127.47999999999999,139.48,139.48,142.48,25.0,3,Evac Area 2
7,Vessel 2,7,Safe Area 2 Harbor,Evac Area 2 Marina,142.48,154.48,154.48,157.48,25.0,0,None
8,Vessel 2,8,Evac Area 2 Marina,Safe Area 2 Harbor,157.48,169.48,169.48,172.48,25.0,12,Evac Area 2
9,Vessel 2,9,Safe Area 2 Harbor,Evac Area 4 Dock,172.48,190.72,190.72,193.72,25.0,0,None
10,Vessel 2,10,Evac Area 4 Dock,Safe Area 3 Marina,193.72,211.72,211.72,214.72,25.0,12,Evac Area 4
11,Vessel 2,11,Safe Area 3 Marina,Evac Area 4 Dock,214.72,232.72,232.72,235.72,25.0,0,None
12,Vessel 2,12,Evac Area 4 Dock,Safe Area 3 Marina,235.72,253.72,253.72,256.72,25.0,12,Evac Area 4
13,Vessel 2,13,Safe Area 3 Marina,Evac Area 4 Dock,256.72,274.72,274.72,277.72,25.0,0,None
14,Vessel 2,14,Evac Area 4 Dock,Safe Area 3 Marina,277.72,295.72,295.72,298.72,25.0,12,Evac Area 4
15,Vessel 2,15,Safe Area 3 Marina,Evac Area 4 Dock,298.72,316.72,316.72,319.72,25.0,0,None
16,Vessel 2,16,Evac Area 4 Dock,Safe Area 3 Marina,319.72,337.72,337.72,340.72,25.0,12,Evac Area 4
17,Vessel 2,17,Safe Area 3 Marina,Evac Area 4 Beach,340.72,358.72,358.72,361.72,25.0,0,None
18,Vessel 2,18,Evac Area 4 Beach,Safe Area 3 Marina,361.72,379.72,379.72,382.72,25.0,12,Evac Area 4
19,Vessel 2,19,Safe Area 3 Marina,Evac Area 4 Dock,382.72,400.72,400.72,403.72,25.0,0,None
20,Vessel 2,20,Evac Area 4 Dock,Safe Area 3 Marina,403.72,421.72,421.72,424.72,25.0,1,Evac Area 4
21,Vessel 2,21,Safe Area 3 Marina,Evac Area 4 Beach,424.72,442.72,442.72,445.72,25.0,0,None
22,Vessel 2,22,Evac Area 4 Beach,Safe Area 3 Marina,445.72,463.72,463.72,466.72,25.0,12,Evac Area 4
1,Vessel 3,1,Safe Area 3 Marina,Evac Area 4 Beach,60.0,78.0,78.0,81.0,25.0,0,None
2,Vessel 3,2,Evac Area 4 Beach,Safe Area 3 Marina,81.0,99.0,99.0,102.0,25.0,12,Evac Area 4
3,Vessel 3,3,Safe Area 3 Marina,Evac Area 4 Dock,102.0,120.0,120.0,123.0,25.0,0,None
4,Vessel 3,4,Evac Area 4 Dock,Safe Area 3 Marina,123.0,141.0,141.0,144.0,25.0,12,Evac Area 4
5,Vessel 3,5,Safe Area 3 Marina,Evac Area 4 Beach,144.0,162.0,162.0,165.0,25.0,0,None
6,Vessel 3,6,Evac Area 4 Beach,Safe Area 3 Marina,165.0,183.0,183.0,186.0,25.0,12,Evac Area 4
7,Vessel 3,7,Safe Area 3 Marina,Evac Area 4 Beach,186.0,204.0,204.0,207.0,25.0,0,None
8,Vessel 3,8,Evac Area 4 Beach,Safe Area 3 Marina,207.0,225.0,225.0,228.0,25.0,12,Evac Area 4
9,Vessel 3,9,Safe Area 3 Marina,Evac Area 4 Dock,228.0,246.0,246.0,249.0,25.0,0,None
10,Vessel 3,10,Evac Area 4 Dock,Safe Area 3 Marina,249.0,267.0,267.0,270.0,25.0,12,Evac Area 4
11,Vessel 3,11,Safe Area 3 Marina,Evac Area 4 Dock,270.0,288.0,288.0,291.0,25.0,0,None
12,Vessel 3,12,Evac Area 4 Dock,Safe Area 3 Marina,291.0,309.0,309.0,312.0,25.0,12,Evac Area 4
13,Vessel 3,13,Safe Area 3 Marina,Evac Area 4 Beach,312.0,330.0,330.0,333.0,25.0,0,None
14,Vessel 3,14,Evac Area 4 Beach,Safe Area 3 Marina,333.0,351.0,351.0,354.0,25.0,12,Evac Area 4
15,Vessel 3,15,Safe Area 3 Marina,Evac Area 4 Dock,354.0,372.0,372.0,375.0,25.0,0,None
16,Vessel 3,16,Evac Area 4 Dock,Safe Area 3 Marina,375.0,393.0,393.0,396.0,25.0,12,Evac Area 4
17,Vessel 3,17,Safe Area 3 Marina,Evac Area 4 Dock,396.0,414.0,414.0,417.0,25.0,0,None
18,Vessel 3,18,Evac Area 4 Dock,Safe Area 2 Harbor,417.0,435.24,435.24,438.24,25.0,12,Evac Area 4
19,Vessel 3,19,Safe Area 2 Harbor,Evac Area 2 Marina,438.24,450.24,450.24,453.24,25.0,0,None
20,Vessel 3,20,Evac Area 2 Marina,Safe Area 2 Harbor,453.24,465.24,465.24,468.24,25.0,12,Evac Area 2
1,Vessel 4,1,Safe Area 3 Marina,Evac Area 4 Dock,59.6,77.6,77.6,82.6,25.0,0,None
2,Vessel 4,2,Evac Area 4 Dock,Safe Area 2 Harbor,82.6,100.84,100.84,105.84,25.0,38,Evac Area 4
3,Vessel 4,3,Safe Area 2 Harbor,Evac Area 4 Dock,105.84,124.08,124.08,129.07999999999998,25.0,0,None
4,Vessel 4,4,Evac Area 4 Dock,Safe Area 3 Marina,129.07999999999998,147.07999999999998,147.07999999999998,152.07999999999998,25.0,38,Evac Area 4
5,Vessel 4,5,Safe Area 3 Marina,Evac Area 4 Dock,152.07999999999998,170.07999999999998,170.07999999999998,175.07999999999998,25.0,0,None
6,Vessel 4,6,Evac Area 4 Dock,Safe Area 3 Marina,175.07999999999998,193.07999999999998,193.07999999999998,198.07999999999998,25.0,38,Evac Area 4
7,Vessel 4,7,Safe Area 3 Marina,Evac Area 4 Dock,198.07999999999998,216.07999999999998,216.07999999999998,221.07999999999998,25.0,0,None
8,Vessel 4,8,Evac Area 4 Dock,Safe Area 3 Marina,221.07999999999998,239.07999999999998,239.07999999999998,244.07999999999998,25.0,38,Evac Area 4
9,Vessel 4,9,Safe Area 3 Marina,Evac Area 4 Dock,244.07999999999998,262.08,262.08,267.08,25.0,0,None
10,Vessel 4,10,Evac Area 4 Dock,Safe Area 3 Marina,267.08,285.08,285.08,290.08,25.0,38,Evac Area 4
11,Vessel 4,11,Safe Area 3 Marina,Evac Area 4 Dock,290.08,308.08,308.08,313.08,25.0,0,None
12,Vessel 4,12,Evac Area 4 Dock,Safe Area 3 Marina,313.08,331.08,331.08,336.08,25.0,38,Evac Area 4
13,Vessel 4,13,Safe Area 3 Marina,Evac Area 4 Dock,336.08,354.08,354.08,359.08,25.0,0,None
14,Vessel 4,14,Evac Area 4 Dock,Safe Area 3 Marina,359.08,377.08,377.08,382.08,25.0,38,Evac Area 4
15,Vessel 4,15,Safe Area 3 Marina,Evac Area 4 Dock,382.08,400.08,400.08,405.08,25.0,0,None
16,Vessel 4,16,Evac Area 4 Dock,Safe Area 3 Marina,405.08,423.08,423.08,428.08,25.0,38,Evac Area 4
17,Vessel 4,17,Safe Area 3 Marina,Evac Area 4 Dock,428.08,446.08,446.08,451.08,25.0,0,None
18,Vessel 4,18,Evac Area 4 Dock,Safe Area 3 Marina,451.08,469.08,469.08,474.08,25.0,38,Evac Area 4
19,Vessel 4,19,Safe Area 3 Marina,Evac Area 4 Dock,474.08,492.08,492.08,497.08,25.0,0,None
20,Vessel 4,20,Evac Area 4 Dock,Safe Area 3 Marina,497.08,515.0799999999999,515.0799999999999,520.0799999999999,25.0,38,Evac Area 4
1,Vessel 5,1,Safe Area 3 Marina,Evac Area 4 Dock,105.0,130.0,130.0,140.0,18.0,0,None
2,Vessel 5,2,Evac Area 4 Dock,Safe Area 3 Marina,140.0,165.0,165.0,175.0,18.0,120,Evac Area 4
3,Vessel 5,3,Safe Area 3 Marina,Evac Area 4 Dock,175.0,200.0,200.0,210.0,18.0,0,None
4,Vessel 5,4,Evac Area 4 Dock,Safe Area 3 Marina,210.0,235.0,235.0,245.0,18.0,120,Evac Area 4
5,Vessel 5,5,Safe Area 3 Marina,Evac Area 4 Dock,245.0,270.0,270.0,280.0,18.0,0,None
6,Vessel 5,6,Evac Area 4 Dock,Safe Area 3 Marina,280.0,305.0,305.0,315.0,18.0,120,Evac Area 4
7,Vessel 5,7,Safe Area 3 Marina,Evac Area 4 Dock,315.0,340.0,340.0,350.0,18.0,0,None
8,Vessel 5,8,Evac Area 4 Dock,Safe Area 3 Marina,350.0,375.0,375.0,385.0,18.0,120,Evac Area 4
9,Vessel 5,9,Safe Area 3 Marina,Evac Area 4 Dock,385.0,410.0,410.0,420.0,18.0,0,None
10,Vessel 5,10,Evac Area 4 Dock,Safe Area 3 Marina,420.0,445.0,445.0,455.0,18.0,120,Evac Area 4
11,Vessel 5,11,Safe Area 3 Marina,Evac Area 4 Dock,455.0,480.0,480.0,490.0,18.0,0,None
12,Vessel 5,12,Evac Area 4 Dock,Safe Area 3 Marina,490.0,515.0,515.0,525.0,18.0,120,Evac Area 4
1,Vessel 6,1,Safe Area 3 Marina,Evac Area 3 Dock,58.8,69.6,69.6,72.6,25.0,0,None
2,Vessel 6,2,Evac Area 3 Dock,Safe Area 3 Marina,72.6,83.39999999999999,83.39999999999999,86.39999999999999,25.0,12,Evac Area 3
3,Vessel 6,3,Safe Area 3 Marina,Evac Area 3 Dock,86.39999999999999,97.19999999999999,97.19999999999999,100.19999999999999,25.0,0,None
4,Vessel 6,4,Evac Area 3 Dock,Safe Area 3 Marina,100.19999999999999,110.99999999999999,110.99999999999999,113.99999999999999,25.0,12,Evac Area 3
5,Vessel 6,5,Safe Area 3 Marina,Evac Area 4 Dock,113.99999999999999,132.0,132.0,135.0,25.0,0,None
6,Vessel 6,6,Evac Area 4 Dock,Safe Area 3 Marina,135.0,153.0,153.0,156.0,25.0,12,Evac Area 4
7,Vessel 6,7,Safe Area 3 Marina,Evac Area 4 Beach,156.0,174.0,174.0,177.0,25.0,0,None
8,Vessel 6,8,Evac Area 4 Beach,Safe Area 3 Marina,177.0,195.0,195.0,198.0,25.0,12,Evac Area 4
9,Vessel 6,9,Safe Area 3 Marina,Evac Area 3 Dock,198.0,208.8,208.8,211.8,25.0,0,None
10,Vessel 6,10,Evac Area 3 Dock,Safe Area 3 Marina,211.8,222.60000000000002,222.60000000000002,225.60000000000002,25.0,12,Evac Area 3
11,Vessel 6,11,Safe Area 3 Marina,Evac Area 4 Beach,225.60000000000002,243.60000000000002,243.60000000000002,246.60000000000002,25.0,0,None
12,Vessel 6,12,Evac Area 4 Beach,Safe Area 3 Marina,246.60000000000002,264.6,264.6,267.6,25.0,12,Evac Area 4
13,Vessel 6,13,Safe Area 3 Marina,Evac Area 3 Dock,267.6,278.40000000000003,278.40000000000003,281.40000000000003,25.0,0,None
14,Vessel 6,14,Evac Area 3 Dock,Safe Area 3 Marina,281.40000000000003,292.20000000000005,292.20000000000005,295.20000000000005,25.0,12,Evac Area 3
15,Vessel 6,15,Safe Area 3 Marina,Evac Area 4 Beach,295.20000000000005,313.20000000000005,313.20000000000005,316.20000000000005,25.0,0,None
16,Vessel 6,16,Evac Area 4 Beach,Safe Area 3 Marina,316.20000000000005,334.20000000000005,334.20000000000005,337.20000000000005,25.0,12,Evac Area 4
17,Vessel 6,17,Safe Area 3 Marina,Evac Area 4 Beach,337.20000000000005,355.20000000000005,355.20000000000005,358.20000000000005,25.0,0,None
18,Vessel 6,18,Evac Area 4 Beach,Safe Area 3 Marina,358.20000000000005,376.20000000000005,376.20000000000005,379.20000000000005,25.0,12,Evac Area 4
19,Vessel 6,19,Safe Area 3 Marina,Evac Area 4 Dock,379.20000000000005,397.20000000000005,397.20000000000005,400.20000000000005,25.0,0,None
20,Vessel 6,20,Evac Area 4 Dock,Safe Area 3 Marina,400.20000000000005,418.20000000000005,418.20000000000005,421.20000000000005,25.0,12,Evac Area 4
21,Vessel 6,21,Safe Area 3 Marina,Evac Area 4 Dock,421.20000000000005,439.20000000000005,439.20000000000005,442.20000000000005,25.0,0,None
22,Vessel 6,22,Evac Area 4 Dock,Safe Area 3 Marina,442.20000000000005,460.20000000000005,460.20000000000005,463.20000000000005,25.0,12,Evac Area 4
