segment_id,resource_id,route_segment_id,origin,destination,route_start_time,route_end_time,load_start_time,load_end_time,resource_speed,evacuees,evacuated_location
1,Vessel 1,1,Safe Area 1 Terminal,Evac Area 1 Ferry Terminal,10.0,24.0,24.0,34.0,12.0,0,None
2,Vessel 1,2,Evac Area 1 Ferry Terminal,Safe Area 1 Terminal,34.0,48.0,48.0,58.0,12.0,1,Evac Area 1
1,Vessel 2,1,Safe Area 2 Harbor,Evac Area 4 Beach,10.0,28.24,28.24,31.24,25.0,0,None
2,Vessel 2,2,Evac Area 4 Beach,Safe Area 3 Marina,31.24,49.239999999999995,49.239999999999995,52.239999999999995,25.0,12,Evac Area 4
3,Vessel 2,3,Safe Area 3 Marina,Evac Area 4 Dock,52.239999999999995,70.24,70.24,73.24,25.0,0,None
4,Vessel 2,4,Evac Area 4 Dock,Safe Area 3 Marina,73.24,91.24,91.24,94.24,25.0,12,Evac Area 4
5,Vessel 2,5,Safe Area 3 Marina,Evac Area 4 Dock,94.24,112.24,112.24,115.24,25.0,0,None
6,Vessel 2,6,Evac Area 4 Dock,Safe Area 3 Marina,115.24,133.24,133.24,136.24,25.0,12,Evac Area 4
7,Vessel 2,7,Safe Area 3 Marina,Evac Area 4 Dock,136.24,154.24,154.24,157.24,25.0,0,None
8,Vessel 2,8,Evac Area 4 Dock,Safe Area 3 Marina,157.24,175.24,175.24,178.24,25.0,12,Evac Area 4
9,Vessel 2,9,Safe Area 3 Marina,Evac Area 4 Dock,178.24,196.24,196.24,199.24,25.0,0,None
10,Vessel 2,10,Evac Area 4 Dock,Safe Area 3 Marina,199.24,217.24,217.24,220.24,25.0,12,Evac Area 4
11,Vessel 2,11,Safe Area 3 Marina,Evac Area 3 Dock,220.24,231.04000000000002,231.04000000000002,234.04000000000002,25.0,0,None
12,Vessel 2,12,Evac Area 3 Dock,Safe Area 3 Marina,234.04000000000002,244.84000000000003,244.84000000000003,247.84000000000003,25.0,12,Evac Area 3
13,Vessel 2,13,Safe Area 3 Marina,Evac Area 4 Beach,247.84000000000003,265.84000000000003,265.84000000000003,268.84000000000003,25.0,0,None
14,Vessel 2,14,Evac Area 4 Beach,Safe Area 3 Marina,268.84000000000003,286.84000000000003,286.84000000000003,289.84000000000003,25.0,12,Evac Area 4
15,Vessel 2,15,Safe Area 3 Marina,Evac Area 4 Dock,289.84000000000003,307.84000000000003,307.84000000000003,310.84000000000003,25.0,0,None
16,Vessel 2,16,Evac Area 4 Dock,Safe Area 3 Marina,310.84000000000003,328.84000000000003,328.84000000000003,331.84000000000003,25.0,12,Evac Area 4
17,Vessel 2,17,Safe Area 3 Marina,Evac Area 4 Beach,331.84000000000003,349.84000000000003,349.84000000000003,352.84000000000003,25.0,0,None
18,Vessel 2,18,Evac Area 4 Beach,Safe Area 3 Marina,352.84000000000003,370.84000000000003,370.84000000000003,373.84000000000003,25.0,12,Evac Area 4
19,Vessel 2,19,Safe Area 3 Marina,Evac Area 4 Beach,373.84000000000003,391.84000000000003,391.84000000000003,394.84000000000003,25.0,0,None
20,Vessel 2,20,Evac Area 4 Beach,Safe Area 3 Marina,394.84000000000003,412.84000000000003,412.84000000000003,415.84000000000003,25.0,12,Evac Area 4
21,Vessel 2,21,Safe Area 3 Marina,Evac Area 4 Dock,415.84000000000003,433.84000000000003,433.84000000000003,436.84000000000003,25.0,0,None
22,Vessel 2,22,Evac Area 4 Dock,Safe Area 3 Marina,436.84000000000003,454.84000000000003,454.84000000000003,457.84000000000003,25.0,12,Evac Area 4
23,Vessel 2,23,Safe Area 3 Marina,Evac Area 3 Dock,457.84000000000003,468.64000000000004,468.64000000000004,471.64000000000004,25.0,0,None
24,Vessel 2,24,Evac Area 3 Dock,Safe Area 3 Marina,471.64000000000004,482.44000000000005,482.44000000000005,485.44000000000005,25.0,12,Evac Area 3
25,Vessel 2,25,Safe Area 3 Marina,Evac Area 4 Dock,485.44000000000005,503.44000000000005,503.44000000000005,506.44000000000005,25.0,0,None
26,Vessel 2,26,Evac Area 4 Dock,Safe Area 3 Marina,506.44000000000005,524.44,524.44,527.44,25.0,12,Evac Area 4
27,Vessel 2,27,Safe Area 3 Marina,Evac Area 4 Dock,527.44,545.44,545.44,548.44,25.0,0,None
28,Vessel 2,28,Evac Area 4 Dock,Safe Area 3 Marina,548.44,566.44,566.44,569.44,25.0,12,Evac Area 4
29,Vessel 2,29,Safe Area 3 Marina,Evac Area 4 Beach,569.44,587.44,587.44,590.44,25.0,0,None
30,Vessel 2,30,Evac Area 4 Beach,Safe Area 2 Harbor,590.44,608.6800000000001,608.6800000000001,611.6800000000001,25.0,12,Evac Area 4
31,Vessel 2,31,Safe Area 2 Harbor,Evac Area 2 Marina,611.6800000000001,623.6800000000001,623.6800000000001,626.6800000000001,25.0,0,None
32,Vessel 2,32,Evac Area 2 Marina,Safe Area 2 Harbor,626.6800000000001,638.6800000000001,638.6800000000001,641.6800000000001,25.0,12,Evac Area 2
1,Vessel 3,1,Safe Area 3 Marina,Evac Area 4 Beach,60.0,78.0,78.0,81.0,25.0,0,None
2,Vessel 3,2,Evac Area 4 Beach,Safe Area 3 Marina,81.0,99.0,99.0,102.0,25.0,12,Evac Area 4
3,Vessel 3,3,Safe Area 3 Marina,Evac Area 4 Beach,102.0,120.0,120.0,123.0,25.0,0,None
4,Vessel 3,4,Evac Area 4 Beach,Safe Area 3 Marina,123.0,141.0,141.0,144.0,25.0,12,Evac Area 4
5,Vessel 3,5,Safe Area 3 Marina,Evac Area 4 Beach,144.0,162.0,162.0,165.0,25.0,0,None
6,Vessel 3,6,Evac Area 4 Beach,Safe Area 3 Marina,165.0,183.0,183.0,186.0,25.0,12,Evac Area 4
7,Vessel 3,7,Safe Area 3 Marina,Evac Area 4 Beach,186.0,204.0,204.0,207.0,25.0,0,None
8,Vessel 3,8,Evac Area 4 Beach,Safe Area 3 Marina,207.0,225.0,225.0,228.0,25.0,12,Evac Area 4
9,Vessel 3,9,Safe Area 3 Marina,Evac Area 4 Dock,228.0,246.0,246.0,249.0,25.0,0,None
10,Vessel 3,10,Evac Area 4 Dock,Safe Area 3 Marina,249.0,267.0,267.0,270.0,25.0,12,Evac Area 4
11,Vessel 3,11,Safe Area 3 Marina,Evac Area 4 Dock,270.0,288.0,288.0,291.0,25.0,0,None
12,Vessel 3,12,Evac Area 4 Dock,Safe Area 3 Marina,291.0,309.0,309.0,312.0,25.0,12,Evac Area 4
13,Vessel 3,13,Safe Area 3 Marina,Evac Area 4 Beach,312.0,330.0,330.0,333.0,25.0,0,None
14,Vessel 3,14,Evac Area 4 Beach,Safe Area 3 Marina,333.0,351.0,351.0,354.0,25.0,12,Evac Area 4
15,Vessel 3,15,Safe Area 3 Marina,Evac Area 4 Beach,354.0,372.0,372.0,375.0,25.0,0,None
16,Vessel 3,16,Evac Area 4 Beach,Safe Area 2 Harbor,375.0,393.24,393.24,396.24,25.0,12,Evac Area 4
17,Vessel 3,17,Safe Area 2 Harbor,Evac Area 4 Dock,396.24,414.48,414.48,417.48,25.0,0,None
18,Vessel 3,18,Evac Area 4 Dock,Safe Area 3 Marina,417.48,435.48,435.48,438.48,25.0,12,Evac Area 4
19,Vessel 3,19,Safe Area 3 Marina,Evac Area 4 Dock,438.48,456.48,456.48,459.48,25.0,0,None
20,Vessel 3,20,Evac Area 4 Dock,Safe Area 3 Marina,459.48,477.48,477.48,480.48,25.0,12,Evac Area 4
21,Vessel 3,21,Safe Area 3 Marina,Evac Area 4 Dock,480.48,498.48,498.48,501.48,25.0,0,None
22,Vessel 3,22,Evac Area 4 Dock,Safe Area 3 Marina,501.48,519.48,519.48,522.48,25.0,12,Evac Area 4
23,Vessel 3,23,Safe Area 3 Marina,Evac Area 4 Beach,522.48,540.48,540.48,543.48,25.0,0,None
24,Vessel 3,24,Evac Area 4 Beach,Safe Area 3 Marina,543.48,561.48,561.48,564.48,25.0,12,Evac Area 4
25,Vessel 3,25,Safe Area 3 Marina,Evac Area 4 Dock,564.48,582.48,582.48,585.48,25.0,0,None
26,Vessel 3,26,Evac Area 4 Dock,Safe Area 3 Marina,585.48,603.48,603.48,606.48,25.0,12,Evac Area 4
27,Vessel 3,27,Safe Area 3 Marina,Evac Area 3 Dock,606.48,617.28,617.28,620.28,25.0,0,None
28,Vessel 3,28,Evac Area 3 Dock,Safe Area 3 Marina,620.28,631.0799999999999,631.0799999999999,634.0799999999999,25.0,12,Evac Area 3
1,Vessel 4,1,Safe Area 1 Terminal,Evac Area 3 Dock,10.0,22.0,22.0,27.0,25.0,0,None
2,Vessel 4,2,Evac Area 3 Dock,Safe Area 3 Marina,27.0,37.8,37.8,42.8,25.0,27,Evac Area 3
3,Vessel 4,3,Safe Area 3 Marina,Evac Area 4 Dock,42.8,60.8,60.8,65.8,25.0,0,None
4,Vessel 4,4,Evac Area 4 Dock,Safe Area 3 Marina,65.8,83.8,83.8,88.8,25.0,29,Evac Area 4
5,Vessel 4,5,Safe Area 3 Marina,Evac Area 4 Dock,88.8,106.8,106.8,111.8,25.0,0,None
6,Vessel 4,6,Evac Area 4 Dock,Safe Area 3 Marina,111.8,129.8,129.8,134.8,25.0,38,Evac Area 4
7,Vessel 4,7,Safe Area 3 Marina,Evac Area 4 Dock,134.8,152.8,152.8,157.8,25.0,0,None
8,Vessel 4,8,Evac Area 4 Dock,Safe Area 3 Marina,157.8,175.8,175.8,180.8,25.0,38,Evac Area 4
9,Vessel 4,9,Safe Area 3 Marina,Evac Area 4 Dock,180.8,198.8,198.8,203.8,25.0,0,None
10,Vessel 4,10,Evac Area 4 Dock,Safe Area 3 Marina,203.8,221.8,221.8,226.8,25.0,38,Evac Area 4
11,Vessel 4,11,Safe Area 3 Marina,Evac Area 4 Dock,226.8,244.8,244.8,249.8,25.0,0,None
12,Vessel 4,12,Evac Area 4 Dock,Safe Area 3 Marina,249.8,267.8,267.8,272.8,25.0,38,Evac Area 4
13,Vessel 4,13,Safe Area 3 Marina,Evac Area 4 Dock,272.8,290.8,290.8,295.8,25.0,0,None
14,Vessel 4,14,Evac Area 4 Dock,Safe Area 2 Harbor,295.8,314.04,314.04,319.04,25.0,38,Evac Area 4
15,Vessel 4,15,Safe Area 2 Harbor,Evac Area 2 Marina,319.04,331.04,331.04,336.04,25.0,0,None
16,Vessel 4,16,Evac Area 2 Marina,Safe Area 2 Harbor,336.04,348.04,348.04,353.04,25.0,37,Evac Area 2
17,Vessel 4,17,Safe Area 2 Harbor,Evac Area 4 Dock,353.04,371.28000000000003,371.28000000000003,376.28000000000003,25.0,0,None
18,Vessel 4,18,Evac Area 4 Dock,Safe Area 3 Marina,376.28000000000003,394.28000000000003,394.28000000000003,399.28000000000003,25.0,38,Evac Area 4
19,Vessel 4,19,Safe Area 3 Marina,Evac Area 4 Dock,399.28000000000003,417.28000000000003,417.28000000000003,422.28000000000003,25.0,0,None
20,Vessel 4,20,Evac Area 4 Dock,Safe Area 3 Marina,422.28000000000003,440.28000000000003,440.28000000000003,445.28000000000003,25.0,38,Evac Area 4
21,Vessel 4,21,Safe Area 3 Marina,Evac Area 4 Dock,445.28000000000003,463.28000000000003,463.28000000000003,468.28000000000003,25.0,0,None
22,Vessel 4,22,Evac Area 4 Dock,Safe Area 3 Marina,468.28000000000003,486.28000000000003,486.28000000000003,491.28000000000003,25.0,38,Evac Area 4
23,Vessel 4,23,Safe Area 3 Marina,Evac Area 4 Dock,491.28000000000003,509.28000000000003,509.28000000000003,514.28,25.0,0,None
24,Vessel 4,24,Evac Area 4 Dock,Safe Area 3 Marina,514.28,532.28,532.28,537.28,25.0,38,Evac Area 4
25,Vessel 4,25,Safe Area 3 Marina,Evac Area 4 Dock,537.28,555.28,555.28,560.28,25.0,0,None
26,Vessel 4,26,Evac Area 4 Dock,Safe Area 2 Harbor,560.28,578.52,578.52,583.52,25.0,38,Evac Area 4
27,Vessel 4,27,Safe Area 2 Harbor,Evac Area 4 Dock,583.52,601.76,601.76,606.76,25.0,0,None
28,Vessel 4,28,Evac Area 4 Dock,Safe Area 3 Marina,606.76,624.76,624.76,629.76,25.0,38,Evac Area 4
1,Vessel 5,1,Safe Area 1 Terminal,Evac Area 4 Dock,30.0,60.0,60.0,70.0,18.0,0,None
2,Vessel 5,2,Evac Area 4 Dock,Safe Area 3 Marina,70.0,95.0,95.0,105.0,18.0,120,Evac Area 4
3,Vessel 5,3,Safe Area 3 Marina,Evac Area 4 Dock,105.0,130.0,130.0,140.0,18.0,0,None
4,Vessel 5,4,Evac Area 4 Dock,Safe Area 3 Marina,140.0,165.0,165.0,175.0,18.0,120,Evac Area 4
5,Vessel 5,5,Safe Area 3 Marina,Evac Area 4 Dock,175.0,200.0,200.0,210.0,18.0,0,None
6,Vessel 5,6,Evac Area 4 Dock,Safe Area 3 Marina,210.0,235.0,235.0,245.0,18.0,120,Evac Area 4
7,Vessel 5,7,Safe Area 3 Marina,Evac Area 4 Dock,245.0,270.0,270.0,280.0,18.0,0,None
8,Vessel 5,8,Evac Area 4 Dock,Safe Area 3 Marina,280.0,305.0,305.0,315.0,18.0,120,Evac Area 4
9,Vessel 5,9,Safe Area 3 Marina,Evac Area 4 Dock,315.0,340.0,340.0,350.0,18.0,0,None
10,Vessel 5,10,Evac Area 4 Dock,Safe Area 3 Marina,350.0,375.0,375.0,385.0,18.0,120,Evac Area 4
11,Vessel 5,11,Safe Area 3 Marina,Evac Area 4 Dock,385.0,410.0,410.0,420.0,18.0,0,None
12,Vessel 5,12,Evac Area 4 Dock,Safe Area 3 Marina,420.0,445.0,445.0,455.0,18.0,120,Evac Area 4
13,Vessel 5,13,Safe Area 3 Marina,Evac Area 4 Dock,455.0,480.0,480.0,490.0,18.0,0,None
14,Vessel 5,14,Evac Area 4 Dock,Safe Area 3 Marina,490.0,515.0,515.0,525.0,18.0,120,Evac Area 4
15,Vessel 5,15,Safe Area 3 Marina,Evac Area 4 Dock,525.0,550.0,550.0,560.0,18.0,0,None
16,Vessel 5,16,Evac Area 4 Dock,Safe Area 3 Marina,560.0,585.0,585.0,595.0,18.0,120,Evac Area 4
1,Vessel 6,1,Safe Area 1 Terminal,Evac Area 4 Dock,30.0,51.599999999999994,51.599999999999994,54.599999999999994,25.0,0,None
2,Vessel 6,2,Evac Area 4 Dock,Safe Area 2 Harbor,54.599999999999994,72.83999999999999,72.83999999999999,75.83999999999999,25.0,12,Evac Area 4
3,Vessel 6,3,Safe Area 2 Harbor,Evac Area 4 Beach,75.83999999999999,94.07999999999998,94.07999999999998,97.07999999999998,25.0,0,None
4,Vessel 6,4,Evac Area 4 Beach,Safe Area 2 Harbor,97.07999999999998,115.31999999999998,115.31999999999998,118.31999999999998,25.0,12,Evac Area 4
5,Vessel 6,5,Safe Area 2 Harbor,Evac Area 2 Marina,118.31999999999998,130.32,130.32,133.32,25.0,0,None
6,Vessel 6,6,Evac Area 2 Marina,Safe Area 2 Harbor,133.32,145.32,145.32,148.32,25.0,12,Evac Area 2
7,Vessel 6,7,Safe Area 2 Harbor,Evac Area 2 Marina,148.32,160.32,160.32,163.32,25.0,0,None
8,Vessel 6,8,Evac Area 2 Marina,Safe Area 2 Harbor,163.32,175.32,175.32,178.32,25.0,12,Evac Area 2
9,Vessel 6,9,Safe Area 2 Harbor,Evac Area 2 Marina,178.32,190.32,190.32,193.32,25.0,0,None
10,Vessel 6,10,Evac Area 2 Marina,Safe Area 2 Harbor,193.32,205.32,205.32,208.32,25.0,12,Evac Area 2
11,Vessel 6,11,Safe Area 2 Harbor,Evac Area 4 Beach,208.32,226.56,226.56,229.56,25.0,0,None
12,Vessel 6,12,Evac Area 4 Beach,Safe Area 2 Harbor,229.56,247.8,247.8,250.8,25.0,12,Evac Area 4
13,Vessel 6,13,Safe Area 2 Harbor,Evac Area 2 Marina,250.8,262.8,262.8,265.8,25.0,0,None
14,Vessel 6,14,Evac Area 2 Marina,Safe Area 2 Harbor,265.8,277.8,277.8,280.8,25.0,12,Evac Area 2
15,Vessel 6,15,Safe Area 2 Harbor,Evac Area 2 Marina,280.8,292.8,292.8,295.8,25.0,0,None
16,Vessel 6,16,Evac Area 2 Marina,Safe Area 2 Harbor,295.8,307.8,307.8,310.8,25.0,12,Evac Area 2
17,Vessel 6,17,Safe Area 2 Harbor,Evac Area 2 Marina,310.8,322.8,322.8,325.8,25.0,0,None
18,Vessel 6,18,Evac Area 2 Marina,Safe Area 2 Harbor,325.8,337.8,337.8,340.8,25.0,12,Evac Area 2
19,Vessel 6,19,Safe Area 2 Harbor,Evac Area 4 Dock,340.8,359.04,359.04,362.04,25.0,0,None
20,Vessel 6,20,Evac Area 4 Dock,Safe Area 3 Marina,362.04,380.04,380.04,383.04,25.0,12,Evac Area 4
21,Vessel 6,21,Safe Area 3 Marina,Evac Area 4 Beach,383.04,401.04,401.04,404.04,25.0,0,None
22,Vessel 6,22,Evac Area 4 Beach,Safe Area 3 Marina,404.04,422.04,422.04,425.04,25.0,12,Evac Area 4
23,Vessel 6,23,Safe Area 3 Marina,Evac Area 4 Beach,425.04,443.04,443.04,446.04,25.0,0,None
24,Vessel 6,24,Evac Area 4 Beach,Safe Area 3 Marina,446.04,464.04,464.04,467.04,25.0,12,Evac Area 4
25,Vessel 6,25,Safe Area 3 Marina,Evac Area 4 Beach,467.04,485.04,485.04,488.04,25.0,0,None
26,Vessel 6,26,Evac Area 4 Beach,Safe Area 3 Marina,488.04,506.04,506.04,509.04,25.0,12,Evac Area 4
27,Vessel 6,27,Safe Area 3 Marina,Evac Area 4 Beach,509.04,527.04,527.04,530.04,25.0,0,None
28,Vessel 6,28,Evac Area 4 Beach,Safe Area 3 Marina,530.04,548.04,548.04,551.04,25.0,12,Evac Area 4
29,Vessel 6,29,Safe Area 3 Marina,Evac Area 4 Beach,551.04,569.04,569.04,572.04,25.0,0,None
30,Vessel 6,30,Evac Area 4 Beach,Safe Area 3 Marina,572.04,590.04,590.04,593.04,25.0,12,Evac Area 4
31,Vessel 6,31,Safe Area 3 Marina,Evac Area 4 Beach,593.04,611.04,611.04,614.04,25.0,0,None
32,Vessel 6,32,Evac Area 4 Beach,Safe Area 2 Harbor,614.04,632.28,632.28,635.28,25.0,12,Evac Area 4
