segment_id,resource_id,route_segment_id,origin,destination,route_start_time,route_end_time,load_start_time,load_end_time,resource_speed,evacuees,evacuated_location,post_run_correction
1,Vessel 1,1,Safe Area 1 Terminal,Evac Area 1 Ferry Terminal,10.0,24.0,24.0,34.0,12.0,0,None,
2,Vessel 1,2,Evac Area 1 Ferry Terminal,Safe Area 1 Terminal,34.0,48.0,48.0,58.0,12.0,1,Evac Area 1,
1,Vessel 2,1,Safe Area 2 Harbor,Evac Area 2 Marina,10.0,22.0,22.0,25.0,25.0,0,None,
2,Vessel 2,2,Evac Area 2 Marina,Safe Area 2 Harbor,25.0,37.0,37.0,40.0,25.0,12,Evac Area 2,
3,Vessel 2,3,Safe Area 2 Harbor,Evac Area 4 Beach,40.0,58.24000000000001,58.24000000000001,61.24000000000001,25.0,0,None,
4,Vessel 2,4,Evac Area 4 Beach,Safe Area 3 Marina,61.24000000000001,79.24000000000001,79.24000000000001,82.24000000000001,25.0,12,Evac Area 4,
5,Vessel 2,5,Safe Area 3 Marina,Evac Area 4 Dock,82.24000000000001,100.24000000000001,100.24000000000001,103.24000000000001,25.0,0,None,
6,Vessel 2,6,Evac Area 4 Dock,Safe Area 3 Marina,103.24000000000001,121.24000000000001,121.24000000000001,124.24000000000001,25.0,12,Evac Area 4,
7,Vessel 2,7,Safe Area 3 Marina,Evac Area 4 Dock,124.24000000000001,142.24,142.24,145.24,25.0,0,None,
8,Vessel 2,8,Evac Area 4 Dock,Safe Area 3 Marina,145.24,163.24,163.24,166.24,25.0,12,Evac Area 4,
9,Vessel 2,9,Safe Area 3 Marina,Evac Area 4 Beach,166.24,184.24,184.24,187.24,25.0,0,None,
10,Vessel 2,10,Evac Area 4 Beach,Safe Area 3 Marina,187.24,205.24,205.24,208.24,25.0,12,Evac Area 4,
11,Vessel 2,11,Safe Area 3 Marina,Evac Area 3 Dock,208.24,219.03999999999996,219.03999999999996,222.03999999999996,25.0,0,None,
12,Vessel 2,12,Evac Area 3 Dock,Safe Area 3 Marina,222.03999999999996,232.84000000000003,232.84000000000003,235.84000000000003,25.0,12,Evac Area 3,
13,Vessel 2,13,Safe Area 3 Marina,Evac Area 4 Beach,235.84000000000003,253.84000000000003,253.84000000000003,256.84000000000003,25.0,0,None,
14,Vessel 2,14,Evac Area 4 Beach,Safe Area 3 Marina,256.84000000000003,274.84000000000003,274.84000000000003,277.84000000000003,25.0,12,Evac Area 4,
15,Vessel 2,15,Safe Area 3 Marina,Evac Area 4 Dock,277.84000000000003,295.84000000000003,295.84000000000003,298.84000000000003,25.0,0,None,
16,Vessel 2,16,Evac Area 4 Dock,Safe Area 3 Marina,298.84000000000003,316.84000000000003,316.84000000000003,319.84000000000003,25.0,12,Evac Area 4,
17,Vessel 2,17,Safe Area 3 Marina,Evac Area 4 Beach,319.84000000000003,337.84000000000003,337.84000000000003,340.84000000000003,25.0,0,None,
18,Vessel 2,18,Evac Area 4 Beach,Safe Area 3 Marina,340.84000000000003,358.84000000000003,358.84000000000003,361.84,25.0,12,Evac Area 4,
19,Vessel 2,19,Safe Area 3 Marina,Evac Area 4 Beach,361.84,379.84,379.84,382.84,25.0,0,None,
20,Vessel 2,20,Evac Area 4 Beach,Safe Area 3 Marina,382.84,400.84,400.84,403.84,25.0,12,Evac Area 4,
21,Vessel 2,21,Safe Area 3 Marina,Evac Area 4 Dock,403.84,421.84,421.84,424.84,25.0,0,None,
22,Vessel 2,22,Evac Area 4 Dock,Safe Area 3 Marina,424.84,442.84,442.84,445.84,25.0,12,Evac Area 4,
1,Vessel 3,1,Safe Area 3 Marina,Evac Area 3 Dock,60.0,70.80000000000001,70.80000000000001,73.80000000000001,25.0,0,None,
2,Vessel 3,2,Evac Area 3 Dock,Safe Area 3 Marina,73.80000000000001,84.60000000000002,84.60000000000002,87.60000000000002,25.0,12,Evac Area 3,
3,Vessel 3,3,Safe Area 3 Marina,Evac Area 4 Dock,87.60000000000002,105.60000000000002,105.60000000000002,108.60000000000002,25.0,0,None,
4,Vessel 3,4,Evac Area 4 Dock,Safe Area 2 Harbor,108.60000000000002,126.84000000000003,126.84000000000003,129.83999999999992,25.0,12,Evac Area 4,
5,Vessel 3,5,Safe Area 2 Harbor,Evac Area 4 Dock,129.83999999999992,148.07999999999998,148.07999999999998,151.07999999999998,25.0,0,None,
6,Vessel 3,6,Evac Area 4 Dock,Safe Area 3 Marina,151.07999999999998,169.07999999999998,169.07999999999998,172.07999999999998,25.0,12,Evac Area 4,
7,Vessel 3,7,Safe Area 3 Marina,Evac Area 4 Dock,172.07999999999998,190.08000000000004,190.08000000000004,193.08000000000004,25.0,0,None,
8,Vessel 3,8,Evac Area 4 Dock,Safe Area 3 Marina,193.08000000000004,211.08000000000004,211.08000000000004,214.08000000000004,25.0,12,Evac Area 4,
9,Vessel 3,9,Safe Area 3 Marina,Evac Area 4 Dock,214.08000000000004,232.08000000000004,232.08000000000004,235.08000000000004,25.0,0,None,
10,Vessel 3,10,Evac Area 4 Dock,Safe Area 3 Marina,235.08000000000004,253.08000000000004,253.08000000000004,256.08,25.0,12,Evac Area 4,
11,Vessel 3,11,Safe Area 3 Marina,Evac Area 4 Dock,256.08,274.08,274.08,277.08,25.0,0,None,
12,Vessel 3,12,Evac Area 4 Dock,Safe Area 3 Marina,277.08,295.08,295.08,298.08,25.0,12,Evac Area 4,
13,Vessel 3,13,Safe Area 3 Marina,Evac Area 4 Dock,298.08,316.08,316.08,319.08,25.0,0,None,
14,Vessel 3,14,Evac Area 4 Dock,Safe Area 3 Marina,319.08,337.08,337.08,340.08,25.0,12,Evac Area 4,
15,Vessel 3,15,Safe Area 3 Marina,Evac Area 4 Dock,340.08,358.08,358.08,361.08,25.0,0,None,
16,Vessel 3,16,Evac Area 4 Dock,Safe Area 3 Marina,361.08,379.08,379.08,382.08,25.0,12,Evac Area 4,
17,Vessel 3,17,Safe Area 3 Marina,Evac Area 4 Dock,382.08,400.08,400.08,403.08,25.0,0,None,
18,Vessel 3,18,Evac Area 4 Dock,Safe Area 3 Marina,403.08,421.08,421.08,424.08,25.0,12,Evac Area 4,
19,Vessel 3,19,Safe Area 3 Marina,Evac Area 3 Dock,424.08,434.88,434.88,437.88,25.0,0,None,
20,Vessel 3,20,Evac Area 3 Dock,Safe Area 3 Marina,437.88,448.68,448.68,451.68,25.0,12,Evac Area 3,
21,Vessel 3,21,Safe Area 3 Marina,Evac Area 4 Dock,451.68,469.68,469.68,472.68,25.0,0,None,
22,Vessel 3,22,Evac Area 4 Dock,Safe Area 3 Marina,472.68,490.68,490.68,493.68,25.0,12,Evac Area 4,
1,Vessel 4,1,Safe Area 1 Terminal,Evac Area 3 Dock,10.0,22.0,22.0,27.0,25.0,0,None,
2,Vessel 4,2,Evac Area 3 Dock,Safe Area 3 Marina,27.0,37.80000000000001,37.80000000000001,42.80000000000001,25.0,27,Evac Area 3,
3,Vessel 4,3,Safe Area 3 Marina,Evac Area 4 Dock,42.80000000000001,60.80000000000001,60.80000000000001,65.80000000000001,25.0,0,None,
4,Vessel 4,4,Evac Area 4 Dock,Safe Area 3 Marina,65.80000000000001,83.80000000000001,83.80000000000001,88.80000000000001,25.0,38,Evac Area 4,
5,Vessel 4,5,Safe Area 3 Marina,Evac Area 4 Dock,88.80000000000001,106.80000000000001,106.80000000000001,111.80000000000001,25.0,0,None,
6,Vessel 4,6,Evac Area 4 Dock,Safe Area 3 Marina,111.80000000000001,129.8,129.8,134.8,25.0,38,Evac Area 4,
7,Vessel 4,7,Safe Area 3 Marina,Evac Area 4 Dock,134.8,152.8,152.8,157.8,25.0,0,None,
8,Vessel 4,8,Evac Area 4 Dock,Safe Area 3 Marina,157.8,175.8,175.8,180.8,25.0,38,Evac Area 4,
9,Vessel 4,9,Safe Area 3 Marina,Evac Area 4 Dock,180.8,198.8,198.8,203.8,25.0,0,None,
10,Vessel 4,10,Evac Area 4 Dock,Safe Area 3 Marina,203.8,221.8,221.8,226.8,25.0,38,Evac Area 4,
11,Vessel 4,11,Safe Area 3 Marina,Evac Area 4 Dock,226.8,244.8,244.8,249.8,25.0,0,None,
12,Vessel 4,12,Evac Area 4 Dock,Safe Area 3 Marina,249.8,267.8,267.8,272.8,25.0,38,Evac Area 4,
13,Vessel 4,13,Safe Area 3 Marina,Evac Area 4 Dock,272.8,290.8,290.8,295.8,25.0,0,None,
14,Vessel 4,14,Evac Area 4 Dock,Safe Area 3 Marina,295.8,313.8,313.8,318.8,25.0,38,Evac Area 4,
15,Vessel 4,15,Safe Area 3 Marina,Evac Area 4 Dock,318.8,336.8,336.8,341.8,25.0,0,None,
16,Vessel 4,16,Evac Area 4 Dock,Safe Area 3 Marina,341.8,359.8,359.8,364.8,25.0,38,Evac Area 4,
17,Vessel 4,17,Safe Area 3 Marina,Evac Area 4 Dock,364.8,382.8,382.8,387.8,25.0,0,None,
18,Vessel 4,18,Evac Area 4 Dock,Safe Area 3 Marina,387.8,405.8,405.8,410.8,25.0,38,Evac Area 4,
19,Vessel 4,19,Safe Area 3 Marina,Evac Area 4 Dock,410.8,428.8,428.8,433.8,25.0,0,None,
20,Vessel 4,20,Evac Area 4 Dock,Safe Area 3 Marina,433.8,451.8,451.8,456.8,25.0,38,Evac Area 4,
21,Vessel 4,21,Safe Area 3 Marina,Evac Area 4 Dock,456.8,474.8,474.8,479.8,25.0,0,None,
22,Vessel 4,22,Evac Area 4 Dock,Safe Area 3 Marina,479.8,497.8,497.8,502.8,25.0,38,Evac Area 4,
1,Vessel 5,1,Safe Area 1 Terminal,Evac Area 4 Dock,30.0,60.0,60.0,70.0,18.0,0,None,
2,Vessel 5,2,Evac Area 4 Dock,Safe Area 3 Marina,70.0,95.0,95.0,105.0,18.0,120,Evac Area 4,
3,Vessel 5,3,Safe Area 3 Marina,Evac Area 4 Dock,105.0,130.0,130.0,140.0,18.0,0,None,
4,Vessel 5,4,Evac Area 4 Dock,Safe Area 3 Marina,140.0,165.0,165.0,175.0,18.0,120,Evac Area 4,
5,Vessel 5,5,Safe Area 3 Marina,Evac Area 4 Dock,175.0,200.0,200.0,210.0,18.0,0,None,
6,Vessel 5,6,Evac Area 4 Dock,Safe Area 3 Marina,210.0,235.0,235.0,245.0,18.0,120,Evac Area 4,
7,Vessel 5,7,Safe Area 3 Marina,Evac Area 4 Dock,245.0,270.0,270.0,280.0,18.0,0,None,
8,Vessel 5,8,Evac Area 4 Dock,Safe Area 3 Marina,280.0,305.0,305.0,315.0,18.0,120,Evac Area 4,
9,Vessel 5,9,Safe Area 3 Marina,Evac Area 4 Dock,315.0,340.0,340.0,350.0,18.0,0,None,
10,Vessel 5,10,Evac Area 4 Dock,Safe Area 3 Marina,350.0,375.0,375.0,385.0,18.0,120,Evac Area 4,
11,Vessel 5,11,Safe Area 3 Marina,Evac Area 4 Dock,385.0,410.0,410.0,420.0,18.0,0,None,
12,Vessel 5,12,Evac Area 4 Dock,Safe Area 3 Marina,420.0,445.0,445.0,455.0,18.0,120,Evac Area 4,
13,Vessel 5,13,Safe Area 3 Marina,Evac Area 4 Dock,455.0,480.0,480.0,490.0,18.0,0,None,
14,Vessel 5,14,Evac Area 4 Dock,Safe Area 3 Marina,490.0,515.0,515.0,525.0,18.0,120,Evac Area 4,
1,Vessel 6,1,Safe Area 1 Terminal,Evac Area 4 Beach,30.0,51.60000000000002,51.60000000000002,54.60000000000002,25.0,0,None,
2,Vessel 6,2,Evac Area 4 Beach,Safe Area 2 Harbor,54.60000000000002,72.83999999999997,72.83999999999997,75.83999999999997,25.0,5,Evac Area 4,
3,Vessel 6,3,Safe Area 2 Harbor,Evac Area 2 Marina,75.83999999999997,87.83999999999997,87.83999999999997,90.84000000000003,25.0,0,None,
4,Vessel 6,4,Evac Area 2 Marina,Safe Area 2 Harbor,90.84000000000003,102.84000000000003,102.84000000000003,105.84000000000003,25.0,12,Evac Area 2,
5,Vessel 6,5,Safe Area 2 Harbor,Evac Area 2 Marina,105.84000000000003,117.84000000000003,117.84000000000003,120.84000000000003,25.0,0,None,
6,Vessel 6,6,Evac Area 2 Marina,Safe Area 2 Harbor,120.84000000000003,132.83999999999992,132.83999999999992,135.83999999999992,25.0,12,Evac Area 2,
7,Vessel 6,7,Safe Area 2 Harbor,Evac Area 2 Marina,135.83999999999992,147.83999999999992,147.83999999999992,150.83999999999992,25.0,0,None,
8,Vessel 6,8,Evac Area 2 Marina,Safe Area 2 Harbor,150.83999999999992,162.83999999999992,162.83999999999992,165.83999999999992,25.0,12,Evac Area 2,
9,Vessel 6,9,Safe Area 2 Harbor,Evac Area 2 Marina,165.83999999999992,177.83999999999992,177.83999999999992,180.84000000000003,25.0,0,None,
10,Vessel 6,10,Evac Area 2 Marina,Safe Area 2 Harbor,180.84000000000003,192.84000000000003,192.84000000000003,195.84000000000003,25.0,12,Evac Area 2,
11,Vessel 6,11,Safe Area 2 Harbor,Evac Area 4 Dock,195.84000000000003,214.08000000000004,214.08000000000004,217.08000000000004,25.0,0,None,
12,Vessel 6,12,Evac Area 4 Dock,Safe Area 2 Harbor,217.08000000000004,235.32,235.32,238.32,25.0,12,Evac Area 4,
13,Vessel 6,13,Safe Area 2 Harbor,Evac Area 4 Beach,238.32,256.56,256.56,259.56,25.0,0,None,
14,Vessel 6,14,Evac Area 4 Beach,Safe Area 2 Harbor,259.56,277.8,277.8,280.8,25.0,12,Evac Area 4,
15,Vessel 6,15,Safe Area 2 Harbor,Evac Area 2 Marina,280.8,292.8,292.8,295.8,25.0,0,None,
16,Vessel 6,16,Evac Area 2 Marina,Safe Area 2 Harbor,295.8,307.8,307.8,310.8,25.0,12,Evac Area 2,
17,Vessel 6,17,Safe Area 2 Harbor,Evac Area 2 Marina,310.8,322.8,322.8,325.8,25.0,0,None,
18,Vessel 6,18,Evac Area 2 Marina,Safe Area 2 Harbor,325.8,337.8,337.8,340.8,25.0,12,Evac Area 2,
19,Vessel 6,19,Safe Area 2 Harbor,Evac Area 2 Marina,340.8,352.8,352.8,355.8,25.0,0,None,
20,Vessel 6,20,Evac Area 2 Marina,Safe Area 2 Harbor,355.8,367.8,367.8,370.8,25.0,12,Evac Area 2,
21,Vessel 6,21,Safe Area 2 Harbor,Evac Area 2 Marina,370.8,382.8,382.8,385.8,25.0,0,None,
22,Vessel 6,22,Evac Area 2 Marina,Safe Area 2 Harbor,385.8,397.8,397.8,400.8,25.0,7,Evac Area 2,
23,Vessel 6,23,Safe Area 2 Harbor,Evac Area 4 Dock,400.8,419.04,419.04,422.04,25.0,0,None,
24,Vessel 6,24,Evac Area 4 Dock,Safe Area 3 Marina,422.04,440.04,440.04,443.04,25.0,12,Evac Area 4,
1,Vessel 2,1,Safe Area 3 Marina,Evac Area 4 Beach,525.0,543.0,543.0,546.0,25.0,0,None,yes
2,Vessel 2,2,Evac Area 4 Beach,Safe Area 3 Marina,546.0,564.0,564.0,567.0,25.0,12,Evac Area 4,yes
3,Vessel 2,3,Safe Area 3 Marina,Evac Area 4 Beach,567.0,585.0,585.0,588.0,25.0,0,None,yes
4,Vessel 2,4,Evac Area 4 Beach,Safe Area 3 Marina,588.0,606.0,606.0,609.0,25.0,12,Evac Area 4,yes
5,Vessel 2,5,Safe Area 3 Marina,Evac Area 4 Beach,609.0,627.0,627.0,630.0,25.0,0,None,yes
6,Vessel 2,6,Evac Area 4 Beach,Safe Area 3 Marina,630.0,648.0,648.0,651.0,25.0,12,Evac Area 4,yes
1,Vessel 3,1,Safe Area 3 Marina,Evac Area 4 Dock,525.0,543.0,543.0,546.0,25.0,0,None,yes
2,Vessel 3,2,Evac Area 4 Dock,Safe Area 3 Marina,546.0,564.0,564.0,567.0,25.0,12,Evac Area 4,yes
3,Vessel 3,3,Safe Area 3 Marina,Evac Area 4 Beach,567.0,585.0,585.0,588.0,25.0,0,None,yes
4,Vessel 3,4,Evac Area 4 Beach,Safe Area 3 Marina,588.0,606.0,606.0,609.0,25.0,12,Evac Area 4,yes
5,Vessel 3,5,Safe Area 3 Marina,Evac Area 4 Beach,609.0,627.0,627.0,630.0,25.0,0,None,yes
6,Vessel 3,6,Evac Area 4 Beach,Safe Area 3 Marina,630.0,648.0,648.0,651.0,25.0,12,Evac Area 4,yes
1,Vessel 4,1,Safe Area 3 Marina,Evac Area 4 Dock,525.0,543.0,543.0,548.0,25.0,0,None,yes
2,Vessel 4,2,Evac Area 4 Dock,Safe Area 3 Marina,548.0,566.0,566.0,571.0,25.0,38,Evac Area 4,yes
3,Vessel 4,3,Safe Area 3 Marina,Evac Area 4 Dock,571.0,589.0,589.0,594.0,25.0,0,None,yes
4,Vessel 4,4,Evac Area 4 Dock,Safe Area 3 Marina,594.0,612.0,612.0,617.0,25.0,38,Evac Area 4,yes
1,Vessel 5,1,Safe Area 3 Marina,Evac Area 4 Dock,525.0,550.0,550.0,560.0,18.0,0,None,yes
2,Vessel 5,2,Evac Area 4 Dock,Safe Area 2 Harbor,560.0,585.3333333333334,585.3333333333334,595.3333333333334,18.0,115,Evac Area 4,yes
3,Vessel 5,3,Safe Area 2 Harbor,Evac Area 2 Marina,595.3333333333334,612.0,612.0,622.0,18.0,0,None,yes
4,Vessel 5,4,Evac Area 2 Marina,Safe Area 2 Harbor,622.0,638.6666666666666,638.6666666666666,648.6666666666666,18.0,12,Evac Area 2,yes
1,Vessel 6,1,Safe Area 3 Marina,Evac Area 3 Dock,525.0,535.8,535.8,538.8,25.0,0,None,yes
2,Vessel 6,2,Evac Area 3 Dock,Safe Area 3 Marina,538.8,549.6,549.6,552.6,25.0,9,Evac Area 3,yes
3,Vessel 6,3,Safe Area 3 Marina,Evac Area 4 Beach,552.6,570.6,570.6,573.6,25.0,0,None,yes
4,Vessel 6,4,Evac Area 4 Beach,Safe Area 3 Marina,573.6,591.6,591.6,594.6,25.0,12,Evac Area 4,yes
5,Vessel 6,5,Safe Area 3 Marina,Evac Area 4 Beach,594.6,612.6,612.6,615.6,25.0,0,None,yes
6,Vessel 6,6,Evac Area 4 Beach,Safe Area 3 Marina,615.6,633.6,633.6,636.6,25.0,12,Evac Area 4,yes
