segment_id,resource_id,route_segment_id,origin,destination,route_start_time,route_end_time,load_start_time,load_end_time,resource_speed,evacuees,evacuated_location
1,Vessel 1,1,Safe Area 1 Terminal,Evac Area 1 Ferry Terminal,15.0,29.0,29.0,39.0,12.0,0,None
2,Vessel 1,2,Evac Area 1 Ferry Terminal,Safe Area 1 Terminal,39.0,53.0,53.0,63.0,12.0,27,Evac Area 1
1,Vessel 2,1,Safe Area 2 Harbor,Evac Area 4 Dock,10.0,28.239999999999995,28.239999999999995,31.239999999999995,25.0,0,None
2,Vessel 2,2,Evac Area 4 Dock,Safe Area 2 Harbor,31.239999999999995,49.48,49.48,52.48,25.0,12,Evac Area 4
1,Vessel 2,1,Safe Area 2 Harbor,Evac Area 2 Marina,52.48,64.47999999999999,64.47999999999999,67.47999999999999,25.0,0,None
2,Vessel 2,2,Evac Area 2 Marina,Safe Area 2 Harbor,67.47999999999999,79.47999999999999,79.47999999999999,82.47999999999999,25.0,12,Evac Area 2
1,Vessel 2,1,Safe Area 2 Harbor,Evac Area 2 Marina,82.47999999999999,94.48,94.48,97.48,25.0,0,None
2,Vessel 2,2,Evac Area 2 Marina,Safe Area 2 Harbor,97.48,109.48,109.48,112.48,25.0,10,Evac Area 2
1,Vessel 3,1,Safe Area 3 Marina,Evac Area 3 Dock,60.0,70.8,70.8,73.8,25.0,0,None
2,Vessel 3,2,Evac Area 3 Dock,Safe Area 3 Marina,73.8,84.6,84.6,87.6,25.0,12,Evac Area 3
1,Vessel 3,1,Safe Area 3 Marina,Evac Area 3 Dock,87.6,98.4,98.4,101.4,25.0,0,None
2,Vessel 3,2,Evac Area 3 Dock,Safe Area 3 Marina,101.4,112.2,112.2,115.2,25.0,12,Evac Area 3
1,Vessel 4,1,Safe Area 1 Terminal,Evac Area 3 Dock,10.0,22.0,22.0,27.0,25.0,0,None
2,Vessel 4,2,Evac Area 3 Dock,Safe Area 3 Marina,27.0,37.8,37.8,42.8,25.0,37,Evac Area 3
1,Vessel 4,1,Safe Area 3 Marina,Evac Area 4 Dock,42.8,60.8,60.8,65.8,25.0,0,None
2,Vessel 4,2,Evac Area 4 Dock,Safe Area 3 Marina,65.8,83.8,83.8,88.8,25.0,38,Evac Area 4
1,Vessel 4,1,Safe Area 3 Marina,Evac Area 3 Dock,88.8,99.6,99.6,104.6,25.0,0,None
2,Vessel 4,2,Evac Area 3 Dock,Safe Area 3 Marina,104.6,115.4,115.4,120.4,25.0,38,Evac Area 3
1,Vessel 5,1,Safe Area 1 Terminal,Evac Area 3 Dock,30.0,46.66666666666667,46.66666666666667,56.66666666666667,18.0,0,None
2,Vessel 5,2,Evac Area 3 Dock,Safe Area 3 Marina,56.66666666666667,71.66666666666667,71.66666666666667,81.66666666666667,18.0,120,Evac Area 3
1,Vessel 5,1,Safe Area 3 Marina,Evac Area 4 Dock,81.66666666666667,106.66666666666669,106.66666666666669,116.66666666666669,18.0,0,None
2,Vessel 5,2,Evac Area 4 Dock,Safe Area 3 Marina,116.66666666666669,141.66666666666669,141.66666666666669,151.66666666666669,18.0,120,Evac Area 4
1,Vessel 6,1,Safe Area 1 Terminal,Evac Area 4 Beach,30.0,51.6,51.6,54.6,25.0,0,None
2,Vessel 6,2,Evac Area 4 Beach,Safe Area 2 Harbor,54.6,72.83999999999999,72.83999999999999,75.83999999999999,25.0,12,Evac Area 4
1,Vessel 6,1,Safe Area 2 Harbor,Evac Area 2 Marina,75.83999999999999,87.83999999999999,87.83999999999999,90.84,25.0,0,None
2,Vessel 6,2,Evac Area 2 Marina,Safe Area 2 Harbor,90.84,102.84,102.84,105.84,25.0,12,Evac Area 2
1,Vessel 2,1,Safe Area 2 Harbor,Evac Area 2 Marina,112.48,124.48,124.48,127.48,25.0,0,None
2,Vessel 2,2,Evac Area 2 Marina,Safe Area 3 Marina,127.48,144.28,144.28,147.28,25.0,5,Evac Area 2
3,Vessel 2,3,Safe Area 3 Marina,Evac Area 4 Beach,147.28,165.28,165.28,168.28,25.0,0,None
4,Vessel 2,4,Evac Area 4 Beach,Safe Area 3 Marina,168.28,186.28,186.28,189.28,25.0,3,Evac Area 4
5,Vessel 2,5,Safe Area 3 Marina,Evac Area 3 Dock,189.28,200.07999999999998,200.07999999999998,203.07999999999998,25.0,0,None
6,Vessel 2,6,Evac Area 3 Dock,Safe Area 3 Marina,203.07999999999998,213.88,213.88,216.88,25.0,12,Evac Area 3
7,Vessel 2,7,Safe Area 3 Marina,Evac Area 3 Dock,216.88,227.68,227.68,230.68,25.0,0,None
8,Vessel 2,8,Evac Area 3 Dock,Safe Area 3 Marina,230.68,241.48000000000002,241.48000000000002,244.48000000000002,25.0,12,Evac Area 3
9,Vessel 2,9,Safe Area 3 Marina,Evac Area 3 Dock,244.48000000000002,255.28000000000003,255.28000000000003,258.28000000000003,25.0,0,None
10,Vessel 2,10,Evac Area 3 Dock,Safe Area 3 Marina,258.28000000000003,269.08000000000004,269.08000000000004,272.08000000000004,25.0,12,Evac Area 3
11,Vessel 2,11,Safe Area 3 Marina,Evac Area 3 Dock,272.08000000000004,282.88000000000005,282.88000000000005,285.88000000000005,25.0,0,None
12,Vessel 2,12,Evac Area 3 Dock,Safe Area 3 Marina,285.88000000000005,296.68000000000006,296.68000000000006,299.68000000000006,25.0,12,Evac Area 3
13,Vessel 2,13,Safe Area 3 Marina,Evac Area 4 Dock,299.68000000000006,317.68000000000006,317.68000000000006,320.68000000000006,25.0,0,None
14,Vessel 2,14,Evac Area 4 Dock,Safe Area 3 Marina,320.68000000000006,338.68000000000006,338.68000000000006,341.68000000000006,25.0,12,Evac Area 4
1,Vessel 3,1,Safe Area 3 Marina,Evac Area 3 Dock,115.2,126.0,126.0,129.0,25.0,0,None
2,Vessel 3,2,Evac Area 3 Dock,Safe Area 3 Marina,129.0,139.8,139.8,142.8,25.0,12,Evac Area 3
3,Vessel 3,3,Safe Area 3 Marina,Evac Area 3 Dock,142.8,153.6,153.6,156.6,25.0,0,None
4,Vessel 3,4,Evac Area 3 Dock,Safe Area 3 Marina,156.6,167.39999999999998,167.39999999999998,170.39999999999998,25.0,12,Evac Area 3
5,Vessel 3,5,Safe Area 3 Marina,Evac Area 3 Dock,170.39999999999998,181.2,181.2,184.2,25.0,0,None
6,Vessel 3,6,Evac Area 3 Dock,Safe Area 3 Marina,184.2,195.0,195.0,198.0,25.0,12,Evac Area 3
7,Vessel 3,7,Safe Area 3 Marina,Evac Area 3 Dock,198.0,208.79999999999998,208.79999999999998,211.79999999999998,25.0,0,None
8,Vessel 3,8,Evac Area 3 Dock,Safe Area 3 Marina,211.79999999999998,222.6,222.6,225.6,25.0,12,Evac Area 3
9,Vessel 3,9,Safe Area 3 Marina,Evac Area 4 Beach,225.6,243.6,243.6,246.6,25.0,0,None
10,Vessel 3,10,Evac Area 4 Beach,Safe Area 3 Marina,246.6,264.6,264.6,267.6,25.0,12,Evac Area 4
11,Vessel 3,11,Safe Area 3 Marina,Evac Area 3 Dock,267.6,278.4,278.4,281.4,25.0,0,None
12,Vessel 3,12,Evac Area 3 Dock,Safe Area 3 Marina,281.4,292.20000000000005,292.20000000000005,295.20000000000005,25.0,12,Evac Area 3
13,Vessel 3,13,Safe Area 3 Marina,Evac Area 4 Dock,295.20000000000005,313.20000000000005,313.20000000000005,316.20000000000005,25.0,0,None
14,Vessel 3,14,Evac Area 4 Dock,Safe Area 3 Marina,316.20000000000005,334.20000000000005,334.20000000000005,337.20000000000005,25.0,12,Evac Area 4
1,Vessel 4,1,Safe Area 3 Marina,Evac Area 4 Dock,120.4,138.4,138.4,143.4,25.0,0,None
2,Vessel 4,2,Evac Area 4 Dock,Safe Area 3 Marina,143.4,161.4,161.4,166.4,25.0,38,Evac Area 4
3,Vessel 4,3,Safe Area 3 Marina,Evac Area 4 Dock,166.4,184.4,184.4,189.4,25.0,0,None
4,Vessel 4,4,Evac Area 4 Dock,Safe Area 3 Marina,189.4,207.4,207.4,212.4,25.0,38,Evac Area 4
5,Vessel 4,5,Safe Area 3 Marina,Evac Area 4 Dock,212.4,230.4,230.4,235.4,25.0,0,None
6,Vessel 4,6,Evac Area 4 Dock,Safe Area 3 Marina,235.4,253.4,253.4,258.4,25.0,38,Evac Area 4
7,Vessel 4,7,Safe Area 3 Marina,Evac Area 4 Dock,258.4,276.4,276.4,281.4,25.0,0,None
8,Vessel 4,8,Evac Area 4 Dock,Safe Area 3 Marina,281.4,299.4,299.4,304.4,25.0,38,Evac Area 4
9,Vessel 4,9,Safe Area 3 Marina,Evac Area 4 Dock,304.4,322.4,322.4,327.4,25.0,0,None
10,Vessel 4,10,Evac Area 4 Dock,Safe Area 3 Marina,327.4,345.4,345.4,350.4,25.0,38,Evac Area 4
1,Vessel 5,1,Safe Area 3 Marina,Evac Area 3 Dock,151.66666666666669,166.66666666666669,166.66666666666669,176.66666666666669,18.0,0,None
2,Vessel 5,2,Evac Area 3 Dock,Safe Area 3 Marina,176.66666666666669,191.66666666666669,191.66666666666669,201.66666666666669,18.0,120,Evac Area 3
3,Vessel 5,3,Safe Area 3 Marina,Evac Area 3 Dock,201.66666666666669,216.66666666666669,216.66666666666669,226.66666666666669,18.0,0,None
4,Vessel 5,4,Evac Area 3 Dock,Safe Area 3 Marina,226.66666666666669,241.66666666666669,241.66666666666669,251.66666666666669,18.0,120,Evac Area 3
5,Vessel 5,5,Safe Area 3 Marina,Evac Area 3 Dock,251.66666666666669,266.6666666666667,266.6666666666667,276.6666666666667,18.0,0,None
6,Vessel 5,6,Evac Area 3 Dock,Safe Area 3 Marina,276.6666666666667,291.6666666666667,291.6666666666667,301.6666666666667,18.0,120,Evac Area 3
7,Vessel 5,7,Safe Area 3 Marina,Evac Area 3 Dock,301.6666666666667,316.6666666666667,316.6666666666667,326.6666666666667,18.0,0,None
8,Vessel 5,8,Evac Area 3 Dock,Safe Area 3 Marina,326.6666666666667,341.6666666666667,341.6666666666667,351.6666666666667,18.0,120,Evac Area 3
1,Vessel 6,1,Safe Area 2 Harbor,Evac Area 2 Marina,105.84,117.84,117.84,120.84,25.0,0,None
2,Vessel 6,2,Evac Area 2 Marina,Safe Area 2 Harbor,120.84,132.84,132.84,135.84,25.0,12,Evac Area 2
3,Vessel 6,3,Safe Area 2 Harbor,Evac Area 4 Dock,135.84,154.07999999999998,154.07999999999998,157.07999999999998,25.0,0,None
4,Vessel 6,4,Evac Area 4 Dock,Safe Area 2 Harbor,157.07999999999998,175.32,175.32,178.32,25.0,12,Evac Area 4
5,Vessel 6,5,Safe Area 2 Harbor,Evac Area 4 Dock,178.32,196.56,196.56,199.56,25.0,0,None
6,Vessel 6,6,Evac Area 4 Dock,Safe Area 3 Marina,199.56,217.56,217.56,220.56,25.0,12,Evac Area 4
7,Vessel 6,7,Safe Area 3 Marina,Evac Area 4 Dock,220.56,238.56,238.56,241.56,25.0,0,None
8,Vessel 6,8,Evac Area 4 Dock,Safe Area 3 Marina,241.56,259.56,259.56,262.56,25.0,12,Evac Area 4
9,Vessel 6,9,Safe Area 3 Marina,Evac Area 3 Dock,262.56,273.36,273.36,276.36,25.0,0,None
10,Vessel 6,10,Evac Area 3 Dock,Safe Area 3 Marina,276.36,287.16,287.16,290.16,25.0,12,Evac Area 3
11,Vessel 6,11,Safe Area 3 Marina,Evac Area 3 Dock,290.16,300.96000000000004,300.96000000000004,303.96000000000004,25.0,0,None
12,Vessel 6,12,Evac Area 3 Dock,Safe Area 3 Marina,303.96000000000004,314.76000000000005,314.76000000000005,317.76000000000005,25.0,12,Evac Area 3
13,Vessel 6,13,Safe Area 3 Marina,Evac Area 3 Dock,317.76000000000005,328.56000000000006,328.56000000000006,331.56000000000006,25.0,0,None
14,Vessel 6,14,Evac Area 3 Dock,Safe Area 3 Marina,331.56000000000006,342.36000000000007,342.36000000000007,345.36000000000007,25.0,4,Evac Area 3
