segment_id,resource_id,route_segment_id,origin,destination,route_start_time,route_end_time,load_start_time,load_end_time,resource_speed,evacuees,evacuated_location
1,Vessel 1,1,Safe Area 1 Terminal,Evac Area 1 Ferry Terminal,10.0,24.0,24.0,34.0,12.0,0,None
2,Vessel 1,2,Evac Area 1 Ferry Terminal,Safe Area 1 Terminal,34.0,48.0,48.0,58.0,12.0,39,Evac Area 1
1,Vessel 1,1,Safe Area 1 Terminal,Evac Area 1 Ferry Terminal,58.0,72.0,72.0,82.0,12.0,0,None
2,Vessel 1,2,Evac Area 1 Ferry Terminal,Safe Area 1 Terminal,82.0,96.0,96.0,106.0,12.0,35,Evac Area 1
1,Vessel 2,1,Safe Area 2 Harbor,Evac Area 4 Beach,10.0,28.239999999999995,28.239999999999995,31.239999999999995,25.0,0,None
2,Vessel 2,2,Evac Area 4 Beach,Safe Area 2 Harbor,31.239999999999995,49.48,49.48,52.48,25.0,12,Evac Area 4
1,Vessel 2,1,Safe Area 2 Harbor,Evac Area 2 Marina,52.48,64.47999999999999,64.47999999999999,67.47999999999999,25.0,0,None
2,Vessel 2,2,Evac Area 2 Marina,Safe Area 2 Harbor,67.47999999999999,79.47999999999999,79.47999999999999,82.47999999999999,25.0,12,Evac Area 2
1,Vessel 3,1,Safe Area 3 Marina,Evac Area 3 Dock,60.0,70.8,70.8,73.8,25.0,0,None
2,Vessel 3,2,Evac Area 3 Dock,Safe Area 3 Marina,73.8,84.6,84.6,87.6,25.0,12,Evac Area 3
1,Vessel 4,1,Safe Area 1 Terminal,Evac Area 4 Dock,10.0,31.6,31.6,36.6,25.0,0,None
2,Vessel 4,2,Evac Area 4 Dock,Safe Area 2 Harbor,36.6,54.83999999999999,54.83999999999999,59.83999999999999,25.0,38,Evac Area 4
1,Vessel 4,1,Safe Area 2 Harbor,Evac Area 2 Marina,59.83999999999999,71.83999999999999,71.83999999999999,76.83999999999999,25.0,0,None
2,Vessel 4,2,Evac Area 2 Marina,Safe Area 2 Harbor,76.83999999999999,88.83999999999999,88.83999999999999,93.84,25.0,38,Evac Area 2
1,Vessel 5,1,Safe Area 1 Terminal,Evac Area 4 Dock,30.0,60.0,60.0,70.0,18.0,0,None
2,Vessel 5,2,Evac Area 4 Dock,Safe Area 2 Harbor,70.0,95.33333333333331,95.33333333333331,105.33333333333331,18.0,120,Evac Area 4
1,Vessel 6,1,Safe Area 1 Terminal,Evac Area 3 Dock,30.0,42.0,42.0,45.0,25.0,0,None
2,Vessel 6,2,Evac Area 3 Dock,Safe Area 3 Marina,45.0,55.8,55.8,58.8,25.0,12,Evac Area 3
1,Vessel 6,1,Safe Area 3 Marina,Evac Area 3 Dock,58.8,69.6,69.6,72.6,25.0,0,None
2,Vessel 6,2,Evac Area 3 Dock,Safe Area 3 Marina,72.6,83.39999999999999,83.39999999999999,86.39999999999999,25.0,8,Evac Area 3
1,Vessel 1,1,Safe Area 1 Terminal,Evac Area 1 Ferry Terminal,106.0,120.0,120.0,130.0,12.0,0,None
2,Vessel 1,2,Evac Area 1 Ferry Terminal,Safe Area 1 Terminal,130.0,144.0,144.0,154.0,12.0,398,Evac Area 1
1,Vessel 2,1,Safe Area 2 Harbor,Evac Area 2 Marina,82.47999999999999,94.47999999999999,94.47999999999999,97.47999999999999,25.0,0,None
2,Vessel 2,2,Evac Area 2 Marina,Safe Area 2 Harbor,97.47999999999999,109.47999999999999,109.47999999999999,112.47999999999999,25.0,12,Evac Area 2
3,Vessel 2,3,Safe Area 2 Harbor,Evac Area 2 Marina,112.47999999999999,124.47999999999999,124.47999999999999,127.47999999999999,25.0,0,None
4,Vessel 2,4,Evac Area 2 Marina,Safe Area 2 Harbor,127.47999999999999,139.48,139.48,142.48,25.0,12,Evac Area 2
5,Vessel 2,5,Safe Area 2 Harbor,Evac Area 2 Marina,142.48,154.48,154.48,157.48,25.0,0,None
6,Vessel 2,6,Evac Area 2 Marina,Safe Area 2 Harbor,157.48,169.48,169.48,172.48,25.0,12,Evac Area 2
7,Vessel 2,7,Safe Area 2 Harbor,Evac Area 4 Beach,172.48,190.71999999999997,190.71999999999997,193.71999999999997,25.0,0,None
8,Vessel 2,8,Evac Area 4 Beach,Safe Area 3 Marina,193.71999999999997,211.71999999999997,211.71999999999997,214.71999999999997,25.0,6,Evac Area 4
9,Vessel 2,9,Safe Area 3 Marina,Evac Area 4 Beach,214.71999999999997,232.71999999999997,232.71999999999997,235.71999999999997,25.0,0,None
10,Vessel 2,10,Evac Area 4 Beach,Safe Area 3 Marina,235.71999999999997,253.71999999999997,253.71999999999997,256.71999999999997,25.0,12,Evac Area 4
11,Vessel 2,11,Safe Area 3 Marina,Evac Area 4 Beach,256.71999999999997,274.71999999999997,274.71999999999997,277.71999999999997,25.0,0,None
12,Vessel 2,12,Evac Area 4 Beach,Safe Area 3 Marina,277.71999999999997,295.71999999999997,295.71999999999997,298.71999999999997,25.0,12,Evac Area 4
13,Vessel 2,13,Safe Area 3 Marina,Evac Area 4 Beach,298.71999999999997,316.71999999999997,316.71999999999997,319.71999999999997,25.0,0,None
14,Vessel 2,14,Evac Area 4 Beach,Safe Area 3 Marina,319.71999999999997,337.71999999999997,337.71999999999997,340.71999999999997,25.0,12,Evac Area 4
15,Vessel 2,15,Safe Area 3 Marina,Evac Area 4 Dock,340.71999999999997,358.71999999999997,358.71999999999997,361.71999999999997,25.0,0,None
16,Vessel 2,16,Evac Area 4 Dock,Safe Area 3 Marina,361.71999999999997,379.71999999999997,379.71999999999997,382.71999999999997,25.0,12,Evac Area 4
1,Vessel 3,1,Safe Area 3 Marina,Evac Area 4 Dock,87.6,105.6,105.6,108.6,25.0,0,None
2,Vessel 3,2,Evac Area 4 Dock,Safe Area 2 Harbor,108.6,126.83999999999999,126.83999999999999,129.83999999999997,25.0,12,Evac Area 4
3,Vessel 3,3,Safe Area 2 Harbor,Evac Area 2 Marina,129.83999999999997,141.83999999999997,141.83999999999997,144.83999999999997,25.0,0,None
4,Vessel 3,4,Evac Area 2 Marina,Safe Area 2 Harbor,144.83999999999997,156.83999999999997,156.83999999999997,159.83999999999997,25.0,12,Evac Area 2
5,Vessel 3,5,Safe Area 2 Harbor,Evac Area 2 Marina,159.83999999999997,171.83999999999997,171.83999999999997,174.83999999999997,25.0,0,None
6,Vessel 3,6,Evac Area 2 Marina,Safe Area 2 Harbor,174.83999999999997,186.83999999999997,186.83999999999997,189.83999999999997,25.0,12,Evac Area 2
7,Vessel 3,7,Safe Area 2 Harbor,Evac Area 2 Marina,189.83999999999997,201.83999999999997,201.83999999999997,204.83999999999997,25.0,0,None
8,Vessel 3,8,Evac Area 2 Marina,Safe Area 2 Harbor,204.83999999999997,216.83999999999997,216.83999999999997,219.83999999999997,25.0,12,Evac Area 2
9,Vessel 3,9,Safe Area 2 Harbor,Evac Area 2 Marina,219.83999999999997,231.83999999999997,231.83999999999997,234.83999999999997,25.0,0,None
10,Vessel 3,10,Evac Area 2 Marina,Safe Area 3 Marina,234.83999999999997,251.64,251.64,254.64,25.0,12,Evac Area 2
11,Vessel 3,11,Safe Area 3 Marina,Evac Area 4 Beach,254.64,272.64,272.64,275.64,25.0,0,None
12,Vessel 3,12,Evac Area 4 Beach,Safe Area 3 Marina,275.64,293.64,293.64,296.64,25.0,12,Evac Area 4
13,Vessel 3,13,Safe Area 3 Marina,Evac Area 4 Beach,296.64,314.64,314.64,317.64,25.0,0,None
14,Vessel 3,14,Evac Area 4 Beach,Safe Area 3 Marina,317.64,335.64,335.64,338.64,25.0,12,Evac Area 4
15,Vessel 3,15,Safe Area 3 Marina,Evac Area 4 Dock,338.64,356.64,356.64,359.64,25.0,0,None
16,Vessel 3,16,Evac Area 4 Dock,Safe Area 3 Marina,359.64,377.64,377.64,380.64,25.0,12,Evac Area 4
1,Vessel 4,1,Safe Area 2 Harbor,Evac Area 4 Dock,93.84,112.08,112.08,117.08,25.0,0,None
2,Vessel 4,2,Evac Area 4 Dock,Safe Area 3 Marina,117.08,135.07999999999998,135.07999999999998,140.07999999999998,25.0,38,Evac Area 4
3,Vessel 4,3,Safe Area 3 Marina,Evac Area 2 Marina,140.07999999999998,156.88,156.88,161.88,25.0,0,None
4,Vessel 4,4,Evac Area 2 Marina,Safe Area 2 Harbor,161.88,173.88,173.88,178.88,25.0,38,Evac Area 2
5,Vessel 4,5,Safe Area 2 Harbor,Evac Area 2 Marina,178.88,190.88,190.88,195.88,25.0,0,None
6,Vessel 4,6,Evac Area 2 Marina,Safe Area 2 Harbor,195.88,207.88,207.88,212.88,25.0,38,Evac Area 2
7,Vessel 4,7,Safe Area 2 Harbor,Evac Area 2 Marina,212.88,224.88,224.88,229.88,25.0,0,None
8,Vessel 4,8,Evac Area 2 Marina,Safe Area 2 Harbor,229.88,241.88,241.88,246.88,25.0,38,Evac Area 2
9,Vessel 4,9,Safe Area 2 Harbor,Evac Area 2 Marina,246.88,258.88,258.88,263.88,25.0,0,None
10,Vessel 4,10,Evac Area 2 Marina,Safe Area 2 Harbor,263.88,275.88,275.88,280.88,25.0,38,Evac Area 2
11,Vessel 4,11,Safe Area 2 Harbor,Evac Area 2 Marina,280.88,292.88,292.88,297.88,25.0,0,None
12,Vessel 4,12,Evac Area 2 Marina,Safe Area 2 Harbor,297.88,309.88,309.88,314.88,25.0,38,Evac Area 2
13,Vessel 4,13,Safe Area 2 Harbor,Evac Area 2 Marina,314.88,326.88,326.88,331.88,25.0,0,None
14,Vessel 4,14,Evac Area 2 Marina,Safe Area 2 Harbor,331.88,343.88,343.88,348.88,25.0,38,Evac Area 2
15,Vessel 4,15,Safe Area 2 Harbor,Evac Area 2 Marina,348.88,360.88,360.88,365.88,25.0,0,None
16,Vessel 4,16,Evac Area 2 Marina,Safe Area 2 Harbor,365.88,377.88,377.88,382.88,25.0,38,Evac Area 2
1,Vessel 5,1,Safe Area 2 Harbor,Evac Area 2 Marina,105.33333333333331,121.99999999999999,121.99999999999999,132.0,18.0,0,None
2,Vessel 5,2,Evac Area 2 Marina,Safe Area 2 Harbor,132.0,148.66666666666666,148.66666666666666,158.66666666666666,18.0,120,Evac Area 2
3,Vessel 5,3,Safe Area 2 Harbor,Evac Area 2 Marina,158.66666666666666,175.33333333333331,175.33333333333331,185.33333333333331,18.0,0,None
4,Vessel 5,4,Evac Area 2 Marina,Safe Area 2 Harbor,185.33333333333331,202.0,202.0,212.0,18.0,120,Evac Area 2
5,Vessel 5,5,Safe Area 2 Harbor,Evac Area 2 Marina,212.0,228.66666666666666,228.66666666666666,238.66666666666666,18.0,0,None
6,Vessel 5,6,Evac Area 2 Marina,Safe Area 2 Harbor,238.66666666666666,255.33333333333331,255.33333333333331,265.3333333333333,18.0,120,Evac Area 2
7,Vessel 5,7,Safe Area 2 Harbor,Evac Area 2 Marina,265.3333333333333,282.0,282.0,292.0,18.0,0,None
8,Vessel 5,8,Evac Area 2 Marina,Safe Area 2 Harbor,292.0,308.66666666666663,308.66666666666663,318.66666666666663,18.0,120,Evac Area 2
9,Vessel 5,9,Safe Area 2 Harbor,Evac Area 2 Marina,318.66666666666663,335.3333333333333,335.3333333333333,345.3333333333333,18.0,0,None
10,Vessel 5,10,Evac Area 2 Marina,Safe Area 2 Harbor,345.3333333333333,362.0,362.0,372.0,18.0,111,Evac Area 2
1,Vessel 6,1,Safe Area 3 Marina,Evac Area 4 Beach,86.39999999999999,104.39999999999999,104.39999999999999,107.39999999999999,25.0,0,None
2,Vessel 6,2,Evac Area 4 Beach,Safe Area 2 Harbor,107.39999999999999,125.63999999999999,125.63999999999999,128.64,25.0,12,Evac Area 4
3,Vessel 6,3,Safe Area 2 Harbor,Evac Area 2 Marina,128.64,140.64,140.64,143.64,25.0,0,None
4,Vessel 6,4,Evac Area 2 Marina,Safe Area 2 Harbor,143.64,155.64,155.64,158.64,25.0,12,Evac Area 2
5,Vessel 6,5,Safe Area 2 Harbor,Evac Area 2 Marina,158.64,170.64,170.64,173.64,25.0,0,None
6,Vessel 6,6,Evac Area 2 Marina,Safe Area 2 Harbor,173.64,185.64,185.64,188.64,25.0,12,Evac Area 2
7,Vessel 6,7,Safe Area 2 Harbor,Evac Area 2 Marina,188.64,200.64,200.64,203.64,25.0,0,None
8,Vessel 6,8,Evac Area 2 Marina,Safe Area 2 Harbor,203.64,215.64,215.64,218.64,25.0,12,Evac Area 2
9,Vessel 6,9,Safe Area 2 Harbor,Evac Area 2 Marina,218.64,230.64,230.64,233.64,25.0,0,None
10,Vessel 6,10,Evac Area 2 Marina,Safe Area 1 Terminal,233.64,257.64,257.64,260.64,25.0,12,Evac Area 2
11,Vessel 6,11,Safe Area 1 Terminal,Evac Area 4 Beach,260.64,282.24,282.24,285.24,25.0,0,None
12,Vessel 6,12,Evac Area 4 Beach,Safe Area 3 Marina,285.24,303.24,303.24,306.24,25.0,12,Evac Area 4
13,Vessel 6,13,Safe Area 3 Marina,Evac Area 4 Beach,306.24,324.24,324.24,327.24,25.0,0,None
14,Vessel 6,14,Evac Area 4 Beach,Safe Area 2 Harbor,327.24,345.47999999999996,345.47999999999996,348.47999999999996,25.0,12,Evac Area 4
15,Vessel 6,15,Safe Area 2 Harbor,Evac Area 2 Marina,348.47999999999996,360.47999999999996,360.47999999999996,363.47999999999996,25.0,0,None
16,Vessel 6,16,Evac Area 2 Marina,Safe Area 2 Harbor,363.47999999999996,375.47999999999996,375.47999999999996,378.47999999999996,25.0,12,Evac Area 2
