segment_id,resource_id,route_segment_id,origin,destination,route_start_time,route_end_time,load_start_time,load_end_time,resource_speed,evacuees,evacuated_location
1,Vessel 1,1,Safe Area 1 Terminal,Evac Area 1 Ferry Terminal,10.0,24.0,24.0,34.0,12.0,0,None
2,Vessel 1,2,Evac Area 1 Ferry Terminal,Safe Area 1 Terminal,34.0,48.0,48.0,58.0,12.0,39,Evac Area 1
3,Vessel 1,3,Safe Area 1 Terminal,Evac Area 1 Ferry Terminal,58.0,72.0,72.0,82.0,12.0,0,None
4,Vessel 1,4,Evac Area 1 Ferry Terminal,Safe Area 1 Terminal,82.0,96.0,96.0,106.0,12.0,457,Evac Area 1
1,Vessel 2,1,Safe Area 2 Harbor,Evac Area 4 Beach,10.0,28.24,28.24,31.24,25.0,0,None
2,Vessel 2,2,Evac Area 4 Beach,Safe Area 2 Harbor,31.24,49.48,49.48,52.48,25.0,12,Evac Area 4
3,Vessel 2,3,Safe Area 2 Harbor,Evac Area 2 Marina,52.48,64.47999999999999,64.47999999999999,67.47999999999999,25.0,0,None
4,Vessel 2,4,Evac Area 2 Marina,Safe Area 2 Harbor,67.47999999999999,79.47999999999999,79.47999999999999,82.47999999999999,25.0,12,Evac Area 2
5,Vessel 2,5,Safe Area 2 Harbor,Evac Area 2 Marina,82.47999999999999,94.47999999999999,94.47999999999999,97.47999999999999,25.0,0,None
6,Vessel 2,6,Evac Area 2 Marina,Safe Area 2 Harbor,97.47999999999999,109.47999999999999,109.47999999999999,112.47999999999999,25.0,12,Evac Area 2
7,Vessel 2,7,Safe Area 2 Harbor,Evac Area 4 Dock,112.47999999999999,130.72,130.72,133.72,25.0,0,None
8,Vessel 2,8,Evac Area 4 Dock,Safe Area 2 Harbor,133.72,151.96,151.96,154.96,25.0,12,Evac Area 4
9,Vessel 2,9,Safe Area 2 Harbor,Evac Area 2 Marina,154.96,166.96,166.96,169.96,25.0,0,None
10,Vessel 2,10,Evac Area 2 Marina,Safe Area 2 Harbor,169.96,181.96,181.96,184.96,25.0,12,Evac Area 2
11,Vessel 2,11,Safe Area 2 Harbor,Evac Area 4 Beach,184.96,203.20000000000002,203.20000000000002,206.20000000000002,25.0,0,None
12,Vessel 2,12,Evac Area 4 Beach,Safe Area 3 Marina,206.20000000000002,224.20000000000002,224.20000000000002,227.20000000000002,25.0,12,Evac Area 4
13,Vessel 2,13,Safe Area 3 Marina,Evac Area 3 Dock,227.20000000000002,238.00000000000003,238.00000000000003,241.00000000000003,25.0,0,None
14,Vessel 2,14,Evac Area 3 Dock,Safe Area 3 Marina,241.00000000000003,251.80000000000004,251.80000000000004,254.80000000000004,25.0,12,Evac Area 3
15,Vessel 2,15,Safe Area 3 Marina,Evac Area 3 Dock,254.80000000000004,265.6,265.6,268.6,25.0,0,None
16,Vessel 2,16,Evac Area 3 Dock,Safe Area 3 Marina,268.6,279.40000000000003,279.40000000000003,282.40000000000003,25.0,12,Evac Area 3
17,Vessel 2,17,Safe Area 3 Marina,Evac Area 4 Dock,282.40000000000003,300.40000000000003,300.40000000000003,303.40000000000003,25.0,0,None
18,Vessel 2,18,Evac Area 4 Dock,Safe Area 3 Marina,303.40000000000003,321.40000000000003,321.40000000000003,324.40000000000003,25.0,12,Evac Area 4
19,Vessel 2,19,Safe Area 3 Marina,Evac Area 4 Dock,324.40000000000003,342.40000000000003,342.40000000000003,345.40000000000003,25.0,0,None
20,Vessel 2,20,Evac Area 4 Dock,Safe Area 1 Terminal,345.40000000000003,367.00000000000006,367.00000000000006,370.00000000000006,25.0,12,Evac Area 4
1,Vessel 3,1,Safe Area 3 Marina,Evac Area 4 Beach,60.0,78.0,78.0,81.0,25.0,0,None
2,Vessel 3,2,Evac Area 4 Beach,Safe Area 3 Marina,81.0,99.0,99.0,102.0,25.0,12,Evac Area 4
3,Vessel 3,3,Safe Area 3 Marina,Evac Area 4 Dock,102.0,120.0,120.0,123.0,25.0,0,None
4,Vessel 3,4,Evac Area 4 Dock,Safe Area 3 Marina,123.0,141.0,141.0,144.0,25.0,12,Evac Area 4
5,Vessel 3,5,Safe Area 3 Marina,Evac Area 4 Dock,144.0,162.0,162.0,165.0,25.0,0,None
6,Vessel 3,6,Evac Area 4 Dock,Safe Area 3 Marina,165.0,183.0,183.0,186.0,25.0,12,Evac Area 4
7,Vessel 3,7,Safe Area 3 Marina,Evac Area 4 Dock,186.0,204.0,204.0,207.0,25.0,0,None
8,Vessel 3,8,Evac Area 4 Dock,Safe Area 2 Harbor,207.0,225.24,225.24,228.24,25.0,12,Evac Area 4
9,Vessel 3,9,Safe Area 2 Harbor,Evac Area 2 Marina,228.24,240.24,240.24,243.24,25.0,0,None
10,Vessel 3,10,Evac Area 2 Marina,Safe Area 2 Harbor,243.24,255.24,255.24,258.24,25.0,12,Evac Area 2
11,Vessel 3,11,Safe Area 2 Harbor,Evac Area 2 Marina,258.24,270.24,270.24,273.24,25.0,0,None
12,Vessel 3,12,Evac Area 2 Marina,Safe Area 2 Harbor,273.24,285.24,285.24,288.24,25.0,12,Evac Area 2
13,Vessel 3,13,Safe Area 2 Harbor,Evac Area 2 Marina,288.24,300.24,300.24,303.24,25.0,0,None
14,Vessel 3,14,Evac Area 2 Marina,Safe Area 2 Harbor,303.24,315.24,315.24,318.24,25.0,12,Evac Area 2
15,Vessel 3,15,Safe Area 2 Harbor,Evac Area 2 Marina,318.24,330.24,330.24,333.24,25.0,0,None
16,Vessel 3,16,Evac Area 2 Marina,Safe Area 2 Harbor,333.24,345.24,345.24,348.24,25.0,12,Evac Area 2
17,Vessel 3,17,Safe Area 2 Harbor,Evac Area 2 Marina,348.24,360.24,360.24,363.24,25.0,0,None
18,Vessel 3,18,Evac Area 2 Marina,Safe Area 2 Harbor,363.24,375.24,375.24,378.24,25.0,12,Evac Area 2
1,Vessel 4,1,Safe Area 1 Terminal,Evac Area 4 Dock,10.0,31.599999999999998,31.599999999999998,36.599999999999994,25.0,0,None
2,Vessel 4,2,Evac Area 4 Dock,Safe Area 2 Harbor,36.599999999999994,54.83999999999999,54.83999999999999,59.83999999999999,25.0,38,Evac Area 4
3,Vessel 4,3,Safe Area 2 Harbor,Evac Area 2 Marina,59.83999999999999,71.83999999999999,71.83999999999999,76.83999999999999,25.0,0,None
4,Vessel 4,4,Evac Area 2 Marina,Safe Area 2 Harbor,76.83999999999999,88.83999999999999,88.83999999999999,93.83999999999999,25.0,38,Evac Area 2
5,Vessel 4,5,Safe Area 2 Harbor,Evac Area 4 Dock,93.83999999999999,112.07999999999998,112.07999999999998,117.07999999999998,25.0,0,None
6,Vessel 4,6,Evac Area 4 Dock,Safe Area 2 Harbor,117.07999999999998,135.32,135.32,140.32,25.0,27,Evac Area 4
7,Vessel 4,7,Safe Area 2 Harbor,Evac Area 2 Marina,140.32,152.32,152.32,157.32,25.0,0,None
8,Vessel 4,8,Evac Area 2 Marina,Safe Area 2 Harbor,157.32,169.32,169.32,174.32,25.0,38,Evac Area 2
9,Vessel 4,9,Safe Area 2 Harbor,Evac Area 2 Marina,174.32,186.32,186.32,191.32,25.0,0,None
10,Vessel 4,10,Evac Area 2 Marina,Safe Area 2 Harbor,191.32,203.32,203.32,208.32,25.0,38,Evac Area 2
11,Vessel 4,11,Safe Area 2 Harbor,Evac Area 2 Marina,208.32,220.32,220.32,225.32,25.0,0,None
12,Vessel 4,12,Evac Area 2 Marina,Safe Area 2 Harbor,225.32,237.32,237.32,242.32,25.0,38,Evac Area 2
13,Vessel 4,13,Safe Area 2 Harbor,Evac Area 2 Marina,242.32,254.32,254.32,259.32,25.0,0,None
14,Vessel 4,14,Evac Area 2 Marina,Safe Area 2 Harbor,259.32,271.32,271.32,276.32,25.0,38,Evac Area 2
15,Vessel 4,15,Safe Area 2 Harbor,Evac Area 2 Marina,276.32,288.32,288.32,293.32,25.0,0,None
16,Vessel 4,16,Evac Area 2 Marina,Safe Area 2 Harbor,293.32,305.32,305.32,310.32,25.0,38,Evac Area 2
17,Vessel 4,17,Safe Area 2 Harbor,Evac Area 2 Marina,310.32,322.32,322.32,327.32,25.0,0,None
18,Vessel 4,18,Evac Area 2 Marina,Safe Area 2 Harbor,327.32,339.32,339.32,344.32,25.0,38,Evac Area 2
19,Vessel 4,19,Safe Area 2 Harbor,Evac Area 2 Marina,344.32,356.32,356.32,361.32,25.0,0,None
20,Vessel 4,20,Evac Area 2 Marina,Safe Area 2 Harbor,361.32,373.32,373.32,378.32,25.0,38,Evac Area 2
1,Vessel 5,1,Safe Area 1 Terminal,Evac Area 4 Dock,30.0,60.0,60.0,70.0,18.0,0,None
2,Vessel 5,2,Evac Area 4 Dock,Safe Area 2 Harbor,70.0,95.33333333333333,95.33333333333333,105.33333333333333,18.0,120,Evac Area 4
3,Vessel 5,3,Safe Area 2 Harbor,Evac Area 2 Marina,105.33333333333333,122.0,122.0,132.0,18.0,0,None
4,Vessel 5,4,Evac Area 2 Marina,Safe Area 2 Harbor,132.0,148.66666666666666,148.66666666666666,158.66666666666666,18.0,120,Evac Area 2
5,Vessel 5,5,Safe Area 2 Harbor,Evac Area 2 Marina,158.66666666666666,175.33333333333331,175.33333333333331,185.33333333333331,18.0,0,None
6,Vessel 5,6,Evac Area 2 Marina,Safe Area 2 Harbor,185.33333333333331,201.99999999999997,201.99999999999997,211.99999999999997,18.0,120,Evac Area 2
7,Vessel 5,7,Safe Area 2 Harbor,Evac Area 2 Marina,211.99999999999997,228.66666666666663,228.66666666666663,238.66666666666663,18.0,0,None
8,Vessel 5,8,Evac Area 2 Marina,Safe Area 2 Harbor,238.66666666666663,255.3333333333333,255.3333333333333,265.33333333333326,18.0,120,Evac Area 2
9,Vessel 5,9,Safe Area 2 Harbor,Evac Area 2 Marina,265.33333333333326,281.99999999999994,281.99999999999994,291.99999999999994,18.0,0,None
10,Vessel 5,10,Evac Area 2 Marina,Safe Area 2 Harbor,291.99999999999994,308.66666666666663,308.66666666666663,318.66666666666663,18.0,120,Evac Area 2
11,Vessel 5,11,Safe Area 2 Harbor,Evac Area 2 Marina,318.66666666666663,335.3333333333333,335.3333333333333,345.3333333333333,18.0,0,None
12,Vessel 5,12,Evac Area 2 Marina,Safe Area 2 Harbor,345.3333333333333,362.0,362.0,372.0,18.0,120,Evac Area 2
1,Vessel 6,1,Safe Area 1 Terminal,Evac Area 3 Dock,30.0,42.0,42.0,45.0,25.0,0,None
2,Vessel 6,2,Evac Area 3 Dock,Safe Area 3 Marina,45.0,55.8,55.8,58.8,25.0,10,Evac Area 3
3,Vessel 6,3,Safe Area 3 Marina,Evac Area 2 Marina,58.8,75.6,75.6,78.6,25.0,0,None
4,Vessel 6,4,Evac Area 2 Marina,Safe Area 2 Harbor,78.6,90.6,90.6,93.6,25.0,12,Evac Area 2
5,Vessel 6,5,Safe Area 2 Harbor,Evac Area 2 Marina,93.6,105.6,105.6,108.6,25.0,0,None
6,Vessel 6,6,Evac Area 2 Marina,Safe Area 2 Harbor,108.6,120.6,120.6,123.6,25.0,12,Evac Area 2
7,Vessel 6,7,Safe Area 2 Harbor,Evac Area 4 Dock,123.6,141.84,141.84,144.84,25.0,0,None
8,Vessel 6,8,Evac Area 4 Dock,Safe Area 2 Harbor,144.84,163.08,163.08,166.08,25.0,12,Evac Area 4
9,Vessel 6,9,Safe Area 2 Harbor,Evac Area 2 Marina,166.08,178.08,178.08,181.08,25.0,0,None
10,Vessel 6,10,Evac Area 2 Marina,Safe Area 2 Harbor,181.08,193.08,193.08,196.08,25.0,12,Evac Area 2
11,Vessel 6,11,Safe Area 2 Harbor,Evac Area 4 Beach,196.08,214.32000000000002,214.32000000000002,217.32000000000002,25.0,0,None
12,Vessel 6,12,Evac Area 4 Beach,Safe Area 2 Harbor,217.32000000000002,235.56000000000003,235.56000000000003,238.56000000000003,25.0,12,Evac Area 4
13,Vessel 6,13,Safe Area 2 Harbor,Evac Area 2 Marina,238.56000000000003,250.56000000000003,250.56000000000003,253.56000000000003,25.0,0,None
14,Vessel 6,14,Evac Area 2 Marina,Safe Area 2 Harbor,253.56000000000003,265.56000000000006,265.56000000000006,268.56000000000006,25.0,12,Evac Area 2
15,Vessel 6,15,Safe Area 2 Harbor,Evac Area 4 Dock,268.56000000000006,286.80000000000007,286.80000000000007,289.80000000000007,25.0,0,None
16,Vessel 6,16,Evac Area 4 Dock,Safe Area 2 Harbor,289.80000000000007,308.0400000000001,308.0400000000001,311.0400000000001,25.0,12,Evac Area 4
17,Vessel 6,17,Safe Area 2 Harbor,Evac Area 2 Marina,311.0400000000001,323.0400000000001,323.0400000000001,326.0400000000001,25.0,0,None
18,Vessel 6,18,Evac Area 2 Marina,Safe Area 2 Harbor,326.0400000000001,338.0400000000001,338.0400000000001,341.0400000000001,25.0,12,Evac Area 2
19,Vessel 6,19,Safe Area 2 Harbor,Evac Area 2 Marina,341.0400000000001,353.0400000000001,353.0400000000001,356.0400000000001,25.0,0,None
20,Vessel 6,20,Evac Area 2 Marina,Safe Area 2 Harbor,356.0400000000001,368.0400000000001,368.0400000000001,371.0400000000001,25.0,9,Evac Area 2
