segment_id,resource_id,route_segment_id,origin,destination,route_start_time,route_end_time,load_start_time,load_end_time,resource_speed,evacuees,evacuated_location,post_run_correction
1,Vessel 1,1,Safe Area 1 Terminal,Evac Area 1 Ferry Terminal,10.0,24.0,24.0,34.0,12.0,0,None,
2,Vessel 1,2,Evac Area 1 Ferry Terminal,Safe Area 1 Terminal,34.0,48.0,48.0,58.0,12.0,32,Evac Area 1,
1,Vessel 2,1,Safe Area 2 Harbor,Evac Area 4 Dock,10.0,28.24000000000001,28.24000000000001,31.24000000000001,25.0,0,None,
2,Vessel 2,2,Evac Area 4 Dock,Safe Area 2 Harbor,31.24000000000001,49.47999999999999,49.47999999999999,52.47999999999999,25.0,12,Evac Area 4,
3,Vessel 2,3,Safe Area 2 Harbor,Evac Area 2 Marina,52.47999999999999,64.47999999999999,64.47999999999999,67.47999999999999,25.0,0,None,
4,Vessel 2,4,Evac Area 2 Marina,Safe Area 2 Harbor,67.47999999999999,79.47999999999999,79.47999999999999,82.47999999999999,25.0,12,Evac Area 2,
5,Vessel 2,5,Safe Area 2 Harbor,Evac Area 2 Marina,82.47999999999999,94.48000000000002,94.48000000000002,97.48000000000002,25.0,0,None,
6,Vessel 2,6,Evac Area 2 Marina,Safe Area 2 Harbor,97.48000000000002,109.48000000000002,109.48000000000002,112.48000000000002,25.0,12,Evac Area 2,
7,Vessel 2,7,Safe Area 2 Harbor,Evac Area 2 Marina,112.48000000000002,124.48000000000002,124.48000000000002,127.48000000000002,25.0,0,None,
8,Vessel 2,8,Evac Area 2 Marina,Safe Area 2 Harbor,127.48000000000002,139.48,139.48,142.48,25.0,12,Evac Area 2,
9,Vessel 2,9,Safe Area 2 Harbor,Evac Area 2 Marina,142.48,154.48,154.48,157.48,25.0,0,None,
10,Vessel 2,10,Evac Area 2 Marina,Safe Area 2 Harbor,157.48,169.48,169.48,172.48,25.0,12,Evac Area 2,
11,Vessel 2,11,Safe Area 2 Harbor,Evac Area 2 Marina,172.48,184.48,184.48,187.48,25.0,0,None,
12,Vessel 2,12,Evac Area 2 Marina,Safe Area 2 Harbor,187.48,199.48,199.48,202.48,25.0,8,Evac Area 2,
13,Vessel 2,13,Safe Area 2 Harbor,Evac Area 4 Beach,202.48,220.72,220.72,223.72,25.0,0,None,
14,Vessel 2,14,Evac Area 4 Beach,Safe Area 3 Marina,223.72,241.72,241.72,244.72,25.0,12,Evac Area 4,
1,Vessel 3,1,Safe Area 3 Marina,Evac Area 3 Dock,60.0,70.80000000000001,70.80000000000001,73.80000000000001,25.0,0,None,
2,Vessel 3,2,Evac Area 3 Dock,Safe Area 3 Marina,73.80000000000001,84.6,84.6,87.6,25.0,12,Evac Area 3,
3,Vessel 3,3,Safe Area 3 Marina,Evac Area 3 Dock,87.6,98.4,98.4,101.4,25.0,0,None,
4,Vessel 3,4,Evac Area 3 Dock,Safe Area 3 Marina,101.4,112.19999999999999,112.19999999999999,115.19999999999999,25.0,12,Evac Area 3,
5,Vessel 3,5,Safe Area 3 Marina,Evac Area 3 Dock,115.19999999999999,126.0,126.0,129.0,25.0,0,None,
6,Vessel 3,6,Evac Area 3 Dock,Safe Area 3 Marina,129.0,139.8,139.8,142.8,25.0,12,Evac Area 3,
7,Vessel 3,7,Safe Area 3 Marina,Evac Area 4 Beach,142.8,160.8,160.8,163.8,25.0,0,None,
8,Vessel 3,8,Evac Area 4 Beach,Safe Area 3 Marina,163.8,181.8,181.8,184.8,25.0,12,Evac Area 4,
9,Vessel 3,9,Safe Area 3 Marina,Evac Area 4 Beach,184.8,202.8,202.8,205.8,25.0,0,None,
10,Vessel 3,10,Evac Area 4 Beach,Safe Area 2 Harbor,205.8,224.04,224.04,227.04,25.0,12,Evac Area 4,
11,Vessel 3,11,Safe Area 2 Harbor,Evac Area 2 Marina,227.04,239.04,239.04,242.04,25.0,0,None,
12,Vessel 3,12,Evac Area 2 Marina,Safe Area 2 Harbor,242.04,254.04,254.04,257.04,25.0,12,Evac Area 2,
1,Vessel 4,1,Safe Area 1 Terminal,Evac Area 3 Dock,10.0,22.0,22.0,27.0,25.0,0,None,
2,Vessel 4,2,Evac Area 3 Dock,Safe Area 3 Marina,27.0,37.80000000000001,37.80000000000001,42.80000000000001,25.0,38,Evac Area 3,
3,Vessel 4,3,Safe Area 3 Marina,Evac Area 3 Dock,42.80000000000001,53.599999999999994,53.599999999999994,58.599999999999994,25.0,0,None,
4,Vessel 4,4,Evac Area 3 Dock,Safe Area 3 Marina,58.599999999999994,69.39999999999998,69.39999999999998,74.39999999999998,25.0,38,Evac Area 3,
5,Vessel 4,5,Safe Area 3 Marina,Evac Area 4 Dock,74.39999999999998,92.4,92.4,97.4,25.0,0,None,
6,Vessel 4,6,Evac Area 4 Dock,Safe Area 3 Marina,97.4,115.4,115.4,120.4,25.0,38,Evac Area 4,
7,Vessel 4,7,Safe Area 3 Marina,Evac Area 4 Dock,120.4,138.39999999999998,138.39999999999998,143.39999999999998,25.0,0,None,
8,Vessel 4,8,Evac Area 4 Dock,Safe Area 3 Marina,143.39999999999998,161.39999999999998,161.39999999999998,166.39999999999998,25.0,38,Evac Area 4,
9,Vessel 4,9,Safe Area 3 Marina,Evac Area 4 Dock,166.39999999999998,184.4,184.4,189.4,25.0,0,None,
10,Vessel 4,10,Evac Area 4 Dock,Safe Area 3 Marina,189.4,207.4,207.4,212.4,25.0,38,Evac Area 4,
11,Vessel 4,11,Safe Area 3 Marina,Evac Area 3 Dock,212.4,223.2,223.2,228.2,25.0,0,None,
12,Vessel 4,12,Evac Area 3 Dock,Safe Area 3 Marina,228.2,239.0,239.0,244.0,25.0,38,Evac Area 3,
13,Vessel 4,13,Safe Area 3 Marina,Evac Area 3 Dock,244.0,254.8,254.8,259.8,25.0,0,None,
14,Vessel 4,14,Evac Area 3 Dock,Safe Area 3 Marina,259.8,270.6,270.6,275.6,25.0,38,Evac Area 3,
1,Vessel 5,1,Safe Area 1 Terminal,Evac Area 3 Dock,30.0,46.666666666666686,46.666666666666686,56.666666666666686,18.0,0,None,
2,Vessel 5,2,Evac Area 3 Dock,Safe Area 3 Marina,56.666666666666686,71.66666666666669,71.66666666666669,81.66666666666669,18.0,120,Evac Area 3,
3,Vessel 5,3,Safe Area 3 Marina,Evac Area 3 Dock,81.66666666666669,96.66666666666669,96.66666666666669,106.66666666666669,18.0,0,None,
4,Vessel 5,4,Evac Area 3 Dock,Safe Area 3 Marina,106.66666666666669,121.66666666666669,121.66666666666669,131.66666666666669,18.0,112,Evac Area 3,
5,Vessel 5,5,Safe Area 3 Marina,Evac Area 4 Dock,131.66666666666669,156.66666666666669,156.66666666666669,166.66666666666669,18.0,0,None,
6,Vessel 5,6,Evac Area 4 Dock,Safe Area 3 Marina,166.66666666666669,191.66666666666669,191.66666666666669,201.66666666666669,18.0,120,Evac Area 4,
7,Vessel 5,7,Safe Area 3 Marina,Evac Area 4 Dock,201.66666666666669,226.66666666666669,226.66666666666669,236.66666666666669,18.0,0,None,
8,Vessel 5,8,Evac Area 4 Dock,Safe Area 3 Marina,236.66666666666669,261.6666666666667,261.6666666666667,271.6666666666667,18.0,120,Evac Area 4,
1,Vessel 6,1,Safe Area 1 Terminal,Evac Area 3 Dock,30.0,42.0,42.0,45.0,25.0,0,None,
2,Vessel 6,2,Evac Area 3 Dock,Safe Area 3 Marina,45.0,55.80000000000001,55.80000000000001,58.80000000000001,25.0,12,Evac Area 3,
3,Vessel 6,3,Safe Area 3 Marina,Evac Area 3 Dock,58.80000000000001,69.6,69.6,72.6,25.0,0,None,
4,Vessel 6,4,Evac Area 3 Dock,Safe Area 3 Marina,72.6,83.39999999999998,83.39999999999998,86.39999999999998,25.0,12,Evac Area 3,
5,Vessel 6,5,Safe Area 3 Marina,Evac Area 3 Dock,86.39999999999998,97.19999999999999,97.19999999999999,100.19999999999999,25.0,0,None,
6,Vessel 6,6,Evac Area 3 Dock,Safe Area 3 Marina,100.19999999999999,111.0,111.0,114.0,25.0,12,Evac Area 3,
7,Vessel 6,7,Safe Area 3 Marina,Evac Area 4 Beach,114.0,132.0,132.0,135.0,25.0,0,None,
8,Vessel 6,8,Evac Area 4 Beach,Safe Area 2 Harbor,135.0,153.24,153.24,156.24,25.0,12,Evac Area 4,
9,Vessel 6,9,Safe Area 2 Harbor,Evac Area 4 Dock,156.24,174.48000000000002,174.48000000000002,177.48000000000002,25.0,0,None,
10,Vessel 6,10,Evac Area 4 Dock,Safe Area 3 Marina,177.48000000000002,195.48,195.48,198.48,25.0,12,Evac Area 4,
11,Vessel 6,11,Safe Area 3 Marina,Evac Area 3 Dock,198.48,209.28000000000003,209.28000000000003,212.28000000000003,25.0,0,None,
12,Vessel 6,12,Evac Area 3 Dock,Safe Area 3 Marina,212.28000000000003,223.08000000000004,223.08000000000004,226.08000000000004,25.0,12,Evac Area 3,
13,Vessel 6,13,Safe Area 3 Marina,Evac Area 3 Dock,226.08000000000004,236.88000000000005,236.88000000000005,239.88000000000005,25.0,0,None,
14,Vessel 6,14,Evac Area 3 Dock,Safe Area 3 Marina,239.88000000000005,250.6800000000001,250.6800000000001,253.6800000000001,25.0,12,Evac Area 3,
1,Vessel 1,1,Safe Area 1 Terminal,Evac Area 1 Ferry Terminal,275.6,289.6,289.6,299.6,12.0,0,None,yes
2,Vessel 1,2,Evac Area 1 Ferry Terminal,Safe Area 1 Terminal,299.6,313.6,313.6,323.6,12.0,3,Evac Area 1,yes
1,Vessel 2,1,Safe Area 3 Marina,Evac Area 3 Dock,275.6,286.40000000000003,286.40000000000003,289.40000000000003,25.0,0,None,yes
2,Vessel 2,2,Evac Area 3 Dock,Safe Area 3 Marina,289.40000000000003,300.20000000000005,300.20000000000005,303.20000000000005,25.0,12,Evac Area 3,yes
3,Vessel 2,3,Safe Area 3 Marina,Evac Area 3 Dock,303.20000000000005,314.0,314.0,317.0,25.0,0,None,yes
4,Vessel 2,4,Evac Area 3 Dock,Safe Area 3 Marina,317.0,327.8,327.8,330.8,25.0,12,Evac Area 3,yes
5,Vessel 2,5,Safe Area 3 Marina,Evac Area 4 Dock,330.8,348.8,348.8,351.8,25.0,0,None,yes
6,Vessel 2,6,Evac Area 4 Dock,Safe Area 3 Marina,351.8,369.8,369.8,372.8,25.0,12,Evac Area 4,yes
1,Vessel 3,1,Safe Area 2 Harbor,Evac Area 2 Marina,275.6,287.6,287.6,290.6,25.0,0,None,yes
2,Vessel 3,2,Evac Area 2 Marina,Safe Area 2 Harbor,290.6,302.6,302.6,305.6,25.0,7,Evac Area 2,yes
3,Vessel 3,3,Safe Area 2 Harbor,Evac Area 2 Marina,305.6,317.6,317.6,320.6,25.0,0,None,yes
4,Vessel 3,4,Evac Area 2 Marina,Safe Area 3 Marina,320.6,337.40000000000003,337.40000000000003,340.40000000000003,25.0,12,Evac Area 2,yes
5,Vessel 3,5,Safe Area 3 Marina,Evac Area 3 Dock,340.40000000000003,351.20000000000005,351.20000000000005,354.20000000000005,25.0,0,None,yes
6,Vessel 3,6,Evac Area 3 Dock,Safe Area 3 Marina,354.20000000000005,365.0,365.0,368.0,25.0,12,Evac Area 3,yes
1,Vessel 4,1,Safe Area 3 Marina,Evac Area 4 Dock,275.6,293.6,293.6,298.6,25.0,0,None,yes
2,Vessel 4,2,Evac Area 4 Dock,Safe Area 3 Marina,298.6,316.6,316.6,321.6,25.0,38,Evac Area 4,yes
3,Vessel 4,3,Safe Area 3 Marina,Evac Area 3 Dock,321.6,332.40000000000003,332.40000000000003,337.40000000000003,25.0,0,None,yes
4,Vessel 4,4,Evac Area 3 Dock,Safe Area 3 Marina,337.40000000000003,348.20000000000005,348.20000000000005,353.20000000000005,25.0,38,Evac Area 3,yes
1,Vessel 5,1,Safe Area 3 Marina,Evac Area 4 Dock,275.6,300.6,300.6,310.6,18.0,0,None,yes
2,Vessel 5,2,Evac Area 4 Dock,Safe Area 3 Marina,310.6,335.6,335.6,345.6,18.0,120,Evac Area 4,yes
1,Vessel 6,1,Safe Area 3 Marina,Evac Area 3 Dock,275.6,286.40000000000003,286.40000000000003,289.40000000000003,25.0,0,None,yes
2,Vessel 6,2,Evac Area 3 Dock,Safe Area 3 Marina,289.40000000000003,300.20000000000005,300.20000000000005,303.20000000000005,25.0,12,Evac Area 3,yes
3,Vessel 6,3,Safe Area 3 Marina,Evac Area 3 Dock,303.20000000000005,314.0,314.0,317.0,25.0,0,None,yes
4,Vessel 6,4,Evac Area 3 Dock,Safe Area 3 Marina,317.0,327.8,327.8,330.8,25.0,12,Evac Area 3,yes
5,Vessel 6,5,Safe Area 3 Marina,Evac Area 3 Dock,330.8,341.6,341.6,344.6,25.0,0,None,yes
6,Vessel 6,6,Evac Area 3 Dock,Safe Area 3 Marina,344.6,355.40000000000003,355.40000000000003,358.40000000000003,25.0,6,Evac Area 3,yes
