segment_id,resource_id,route_segment_id,origin,destination,route_start_time,route_end_time,load_start_time,load_end_time,resource_speed,evacuees,evacuated_location,post_run_correction
1,Vessel 1,1,Safe Area 1 Terminal,Evac Area 1 Ferry Terminal,10.0,24.0,24.0,34.0,12.0,0,None,
2,Vessel 1,2,Evac Area 1 Ferry Terminal,Safe Area 1 Terminal,34.0,48.0,48.0,58.0,12.0,68,Evac Area 1,
1,Vessel 2,1,Safe Area 2 Harbor,Evac Area 2 Marina,10.0,22.0,22.0,25.0,25.0,0,None,
2,Vessel 2,2,Evac Area 2 Marina,Safe Area 2 Harbor,25.0,37.0,37.0,40.0,25.0,3,Evac Area 2,
3,Vessel 2,3,Safe Area 2 Harbor,Evac Area 4 Dock,40.0,58.24000000000001,58.24000000000001,61.24000000000001,25.0,0,None,
4,Vessel 2,4,Evac Area 4 Dock,Safe Area 3 Marina,61.24000000000001,79.23999999999998,79.23999999999998,82.23999999999998,25.0,12,Evac Area 4,
5,Vessel 2,5,Safe Area 3 Marina,Evac Area 4 Dock,82.23999999999998,100.23999999999998,100.23999999999998,103.23999999999998,25.0,0,None,
6,Vessel 2,6,Evac Area 4 Dock,Safe Area 3 Marina,103.23999999999998,121.23999999999998,121.23999999999998,124.23999999999998,25.0,12,Evac Area 4,
7,Vessel 2,7,Safe Area 3 Marina,Evac Area 4 Beach,124.23999999999998,142.24,142.24,145.24,25.0,0,None,
8,Vessel 2,8,Evac Area 4 Beach,Safe Area 3 Marina,145.24,163.24,163.24,166.24,25.0,12,Evac Area 4,
9,Vessel 2,9,Safe Area 3 Marina,Evac Area 3 Dock,166.24,177.04000000000002,177.04000000000002,180.04000000000002,25.0,0,None,
10,Vessel 2,10,Evac Area 3 Dock,Safe Area 1 Terminal,180.04000000000002,192.04,192.04,195.04,25.0,12,Evac Area 3,
11,Vessel 2,11,Safe Area 1 Terminal,Evac Area 4 Beach,195.04,216.64,216.64,219.64,25.0,0,None,
12,Vessel 2,12,Evac Area 4 Beach,Safe Area 3 Marina,219.64,237.64,237.64,240.64,25.0,12,Evac Area 4,
1,Vessel 3,1,Safe Area 3 Marina,Evac Area 4 Dock,60.0,78.0,78.0,81.0,25.0,0,None,
2,Vessel 3,2,Evac Area 4 Dock,Safe Area 3 Marina,81.0,99.0,99.0,102.0,25.0,12,Evac Area 4,
3,Vessel 3,3,Safe Area 3 Marina,Evac Area 4 Beach,102.0,120.0,120.0,123.0,25.0,0,None,
4,Vessel 3,4,Evac Area 4 Beach,Safe Area 3 Marina,123.0,141.0,141.0,144.0,25.0,12,Evac Area 4,
5,Vessel 3,5,Safe Area 3 Marina,Evac Area 4 Beach,144.0,162.0,162.0,165.0,25.0,0,None,
6,Vessel 3,6,Evac Area 4 Beach,Safe Area 3 Marina,165.0,183.0,183.0,186.0,25.0,12,Evac Area 4,
7,Vessel 3,7,Safe Area 3 Marina,Evac Area 4 Beach,186.0,204.0,204.0,207.0,25.0,0,None,
8,Vessel 3,8,Evac Area 4 Beach,Safe Area 3 Marina,207.0,225.0,225.0,228.0,25.0,12,Evac Area 4,
9,Vessel 3,9,Safe Area 3 Marina,Evac Area 3 Dock,228.0,238.8,238.8,241.8,25.0,0,None,
10,Vessel 3,10,Evac Area 3 Dock,Safe Area 3 Marina,241.8,252.6,252.6,255.6,25.0,12,Evac Area 3,
1,Vessel 4,1,Safe Area 1 Terminal,Evac Area 3 Dock,10.0,22.0,22.0,27.0,25.0,0,None,
2,Vessel 4,2,Evac Area 3 Dock,Safe Area 3 Marina,27.0,37.79999999999998,37.79999999999998,42.79999999999998,25.0,38,Evac Area 3,
3,Vessel 4,3,Safe Area 3 Marina,Evac Area 3 Dock,42.79999999999998,53.599999999999994,53.599999999999994,58.599999999999994,25.0,0,None,
4,Vessel 4,4,Evac Area 3 Dock,Safe Area 3 Marina,58.599999999999994,69.4,69.4,74.4,25.0,38,Evac Area 3,
5,Vessel 4,5,Safe Area 3 Marina,Evac Area 3 Dock,74.4,85.19999999999999,85.19999999999999,90.20000000000002,25.0,0,None,
6,Vessel 4,6,Evac Area 3 Dock,Safe Area 3 Marina,90.20000000000002,101.0,101.0,106.0,25.0,38,Evac Area 3,
7,Vessel 4,7,Safe Area 3 Marina,Evac Area 4 Dock,106.0,124.0,124.0,129.0,25.0,0,None,
8,Vessel 4,8,Evac Area 4 Dock,Safe Area 2 Harbor,129.0,147.24,147.24,152.24,25.0,38,Evac Area 4,
9,Vessel 4,9,Safe Area 2 Harbor,Evac Area 2 Marina,152.24,164.24,164.24,169.24,25.0,0,None,
10,Vessel 4,10,Evac Area 2 Marina,Safe Area 2 Harbor,169.24,181.24,181.24,186.24,25.0,38,Evac Area 2,
11,Vessel 4,11,Safe Area 2 Harbor,Evac Area 2 Marina,186.24,198.24,198.24,203.24,25.0,0,None,
12,Vessel 4,12,Evac Area 2 Marina,Safe Area 2 Harbor,203.24,215.24,215.24,220.24,25.0,38,Evac Area 2,
13,Vessel 4,13,Safe Area 2 Harbor,Evac Area 2 Marina,220.24,232.24,232.24,237.24,25.0,0,None,
14,Vessel 4,14,Evac Area 2 Marina,Safe Area 2 Harbor,237.24,249.24,249.24,254.24,25.0,38,Evac Area 2,
1,Vessel 5,1,Safe Area 1 Terminal,Evac Area 3 Dock,30.0,46.66666666666666,46.66666666666666,56.66666666666666,18.0,0,None,
2,Vessel 5,2,Evac Area 3 Dock,Safe Area 3 Marina,56.66666666666666,71.66666666666666,71.66666666666666,81.66666666666666,18.0,120,Evac Area 3,
3,Vessel 5,3,Safe Area 3 Marina,Evac Area 3 Dock,81.66666666666666,96.66666666666669,96.66666666666669,106.66666666666669,18.0,0,None,
4,Vessel 5,4,Evac Area 3 Dock,Safe Area 3 Marina,106.66666666666669,121.66666666666669,121.66666666666669,131.66666666666669,18.0,120,Evac Area 3,
5,Vessel 5,5,Safe Area 3 Marina,Evac Area 2 Marina,131.66666666666669,155.00000000000003,155.00000000000003,165.00000000000003,18.0,0,None,
6,Vessel 5,6,Evac Area 2 Marina,Safe Area 3 Marina,165.00000000000003,188.33333333333337,188.33333333333337,198.33333333333337,18.0,120,Evac Area 2,
7,Vessel 5,7,Safe Area 3 Marina,Evac Area 3 Dock,198.33333333333337,213.33333333333337,213.33333333333337,223.33333333333337,18.0,0,None,
8,Vessel 5,8,Evac Area 3 Dock,Safe Area 1 Terminal,223.33333333333337,240.00000000000003,240.00000000000003,250.00000000000003,18.0,120,Evac Area 3,
1,Vessel 6,1,Safe Area 1 Terminal,Evac Area 3 Dock,30.0,42.0,42.0,45.0,25.0,0,None,
2,Vessel 6,2,Evac Area 3 Dock,Safe Area 3 Marina,45.0,55.79999999999998,55.79999999999998,58.79999999999998,25.0,12,Evac Area 3,
3,Vessel 6,3,Safe Area 3 Marina,Evac Area 3 Dock,58.79999999999998,69.6,69.6,72.6,25.0,0,None,
4,Vessel 6,4,Evac Area 3 Dock,Safe Area 3 Marina,72.6,83.4,83.4,86.4,25.0,12,Evac Area 3,
5,Vessel 6,5,Safe Area 3 Marina,Evac Area 3 Dock,86.4,97.20000000000002,97.20000000000002,100.20000000000002,25.0,0,None,
6,Vessel 6,6,Evac Area 3 Dock,Safe Area 3 Marina,100.20000000000002,111.0,111.0,114.0,25.0,12,Evac Area 3,
7,Vessel 6,7,Safe Area 3 Marina,Evac Area 3 Dock,114.0,124.79999999999998,124.79999999999998,127.79999999999998,25.0,0,None,
8,Vessel 6,8,Evac Area 3 Dock,Safe Area 3 Marina,127.79999999999998,138.6,138.6,141.6,25.0,12,Evac Area 3,
9,Vessel 6,9,Safe Area 3 Marina,Evac Area 3 Dock,141.6,152.4,152.4,155.4,25.0,0,None,
10,Vessel 6,10,Evac Area 3 Dock,Safe Area 3 Marina,155.4,166.20000000000002,166.20000000000002,169.20000000000002,25.0,12,Evac Area 3,
11,Vessel 6,11,Safe Area 3 Marina,Evac Area 3 Dock,169.20000000000002,180.00000000000003,180.00000000000003,183.00000000000003,25.0,0,None,
12,Vessel 6,12,Evac Area 3 Dock,Safe Area 3 Marina,183.00000000000003,193.80000000000004,193.80000000000004,196.80000000000004,25.0,12,Evac Area 3,
13,Vessel 6,13,Safe Area 3 Marina,Evac Area 4 Beach,196.80000000000004,214.80000000000004,214.80000000000004,217.80000000000004,25.0,0,None,
14,Vessel 6,14,Evac Area 4 Beach,Safe Area 1 Terminal,217.80000000000004,239.40000000000003,239.40000000000003,242.40000000000003,25.0,12,Evac Area 4,
1,Vessel 1,1,Safe Area 1 Terminal,Evac Area 1 Ferry Terminal,255.6,269.59999999999997,269.59999999999997,279.6,12.0,0,None,yes
2,Vessel 1,2,Evac Area 1 Ferry Terminal,Safe Area 1 Terminal,279.6,293.6,293.6,303.6,12.0,21,Evac Area 1,yes
1,Vessel 2,1,Safe Area 3 Marina,Evac Area 3 Dock,255.6,266.4,266.4,269.4,25.0,0,None,yes
2,Vessel 2,2,Evac Area 3 Dock,Safe Area 3 Marina,269.4,280.2,280.2,283.2,25.0,12,Evac Area 3,yes
3,Vessel 2,3,Safe Area 3 Marina,Evac Area 3 Dock,283.2,294.0,294.0,297.0,25.0,0,None,yes
4,Vessel 2,4,Evac Area 3 Dock,Safe Area 3 Marina,297.0,307.8,307.8,310.8,25.0,12,Evac Area 3,yes
5,Vessel 2,5,Safe Area 3 Marina,Evac Area 3 Dock,310.8,321.6,321.6,324.6,25.0,0,None,yes
6,Vessel 2,6,Evac Area 3 Dock,Safe Area 3 Marina,324.6,335.4,335.4,338.4,25.0,2,Evac Area 3,yes
1,Vessel 3,1,Safe Area 3 Marina,Evac Area 3 Dock,255.6,266.4,266.4,269.4,25.0,0,None,yes
2,Vessel 3,2,Evac Area 3 Dock,Safe Area 3 Marina,269.4,280.2,280.2,283.2,25.0,12,Evac Area 3,yes
3,Vessel 3,3,Safe Area 3 Marina,Evac Area 3 Dock,283.2,294.0,294.0,297.0,25.0,0,None,yes
4,Vessel 3,4,Evac Area 3 Dock,Safe Area 3 Marina,297.0,307.8,307.8,310.8,25.0,12,Evac Area 3,yes
1,Vessel 4,1,Safe Area 2 Harbor,Evac Area 2 Marina,255.6,267.6,267.6,272.6,25.0,0,None,yes
2,Vessel 4,2,Evac Area 2 Marina,Safe Area 2 Harbor,272.6,284.6,284.6,289.6,25.0,38,Evac Area 2,yes
3,Vessel 4,3,Safe Area 2 Harbor,Evac Area 2 Marina,289.6,301.6,301.6,306.6,25.0,0,None,yes
4,Vessel 4,4,Evac Area 2 Marina,Safe Area 2 Harbor,306.6,318.6,318.6,323.6,25.0,28,Evac Area 2,yes
1,Vessel 5,1,Safe Area 1 Terminal,Evac Area 4 Dock,255.6,285.6,285.6,295.6,18.0,0,None,yes
2,Vessel 5,2,Evac Area 4 Dock,Safe Area 3 Marina,295.6,320.6,320.6,330.6,18.0,120,Evac Area 4,yes
1,Vessel 6,1,Safe Area 1 Terminal,Evac Area 3 Dock,255.6,267.6,267.6,270.6,25.0,0,None,yes
2,Vessel 6,2,Evac Area 3 Dock,Safe Area 3 Marina,270.6,281.4,281.4,284.4,25.0,12,Evac Area 3,yes
3,Vessel 6,3,Safe Area 3 Marina,Evac Area 4 Dock,284.4,302.4,302.4,305.4,25.0,0,None,yes
4,Vessel 6,4,Evac Area 4 Dock,Safe Area 2 Harbor,305.4,323.64,323.64,326.64,25.0,12,Evac Area 4,yes
