segment_id,resource_id,route_segment_id,origin,destination,route_start_time,route_end_time,load_start_time,load_end_time,resource_speed,evacuees,evacuated_location
1,Vessel 1,1,Safe Area 1 Terminal,Evac Area 1 Ferry Terminal,10.0,24.0,24.0,34.0,12.0,0,None
2,Vessel 1,2,Evac Area 1 Ferry Terminal,Safe Area 1 Terminal,34.0,48.0,48.0,58.0,12.0,133,Evac Area 1
1,Vessel 1,1,Safe Area 1 Terminal,Evac Area 1 Ferry Terminal,60.0,74.0,74.0,84.0,12.0,0,None
2,Vessel 1,2,Evac Area 1 Ferry Terminal,Safe Area 1 Terminal,84.0,98.0,98.0,108.0,12.0,165,Evac Area 1
1,Vessel 1,1,Safe Area 1 Terminal,Evac Area 1 Ferry Terminal,108.0,122.0,122.0,132.0,12.0,0,None
2,Vessel 1,2,Evac Area 1 Ferry Terminal,Safe Area 1 Terminal,132.0,146.0,146.0,156.0,12.0,116,Evac Area 1
1,Vessel 1,1,Safe Area 1 Terminal,Evac Area 1 Ferry Terminal,210.0,224.0,224.0,234.0,12.0,0,None
2,Vessel 1,2,Evac Area 1 Ferry Terminal,Safe Area 1 Terminal,234.0,248.0,248.0,258.0,12.0,14,Evac Area 1
1,Vessel 2,1,Safe Area 2 Harbor,Evac Area 2 Marina,10.0,22.0,22.0,25.0,25.0,0,None
2,Vessel 2,2,Evac Area 2 Marina,Safe Area 2 Harbor,25.0,37.0,37.0,40.0,25.0,12,Evac Area 2
1,Vessel 2,1,Safe Area 2 Harbor,Evac Area 2 Marina,40.0,52.0,52.0,55.0,25.0,0,None
2,Vessel 2,2,Evac Area 2 Marina,Safe Area 2 Harbor,55.0,67.0,67.0,70.0,25.0,12,Evac Area 2
1,Vessel 2,1,Safe Area 2 Harbor,Evac Area 2 Marina,70.0,82.0,82.0,85.0,25.0,0,None
2,Vessel 2,2,Evac Area 2 Marina,Safe Area 2 Harbor,85.0,97.0,97.0,100.0,25.0,12,Evac Area 2
1,Vessel 2,1,Safe Area 2 Harbor,Evac Area 2 Marina,100.0,112.0,112.0,115.0,25.0,0,None
2,Vessel 2,2,Evac Area 2 Marina,Safe Area 2 Harbor,115.0,127.0,127.0,130.0,25.0,12,Evac Area 2
1,Vessel 2,1,Safe Area 2 Harbor,Evac Area 2 Marina,130.0,142.0,142.0,145.0,25.0,0,None
2,Vessel 2,2,Evac Area 2 Marina,Safe Area 2 Harbor,145.0,157.0,157.0,160.0,25.0,6,Evac Area 2
1,Vessel 2,1,Safe Area 2 Harbor,Evac Area 2 Marina,160.0,172.0,172.0,175.0,25.0,0,None
2,Vessel 2,2,Evac Area 2 Marina,Safe Area 2 Harbor,175.0,187.0,187.0,190.0,25.0,12,Evac Area 2
1,Vessel 2,1,Safe Area 2 Harbor,Evac Area 2 Marina,190.0,202.0,202.0,205.0,25.0,0,None
2,Vessel 2,2,Evac Area 2 Marina,Safe Area 2 Harbor,205.0,217.0,217.0,220.0,25.0,12,Evac Area 2
1,Vessel 2,1,Safe Area 2 Harbor,Evac Area 4 Beach,220.0,238.24,238.24,241.24,25.0,0,None
2,Vessel 2,2,Evac Area 4 Beach,Safe Area 3 Marina,241.24,259.24,259.24,262.24,25.0,12,Evac Area 4
1,Vessel 3,1,Safe Area 3 Marina,Evac Area 3 Dock,60.0,70.80000000000001,70.80000000000001,73.80000000000001,25.0,0,None
2,Vessel 3,2,Evac Area 3 Dock,Safe Area 3 Marina,73.80000000000001,84.6,84.6,87.6,25.0,0,Evac Area 3
1,Vessel 3,1,Safe Area 3 Marina,Evac Area 3 Dock,87.6,98.4,98.4,101.4,25.0,0,None
2,Vessel 3,2,Evac Area 3 Dock,Safe Area 3 Marina,101.4,112.2,112.2,115.2,25.0,12,Evac Area 3
1,Vessel 3,1,Safe Area 3 Marina,Evac Area 3 Dock,115.2,126.0,126.0,129.0,25.0,0,None
2,Vessel 3,2,Evac Area 3 Dock,Safe Area 3 Marina,129.0,139.8,139.8,142.8,25.0,12,Evac Area 3
1,Vessel 3,1,Safe Area 3 Marina,Evac Area 4 Beach,142.8,160.8,160.8,163.8,25.0,0,None
2,Vessel 3,2,Evac Area 4 Beach,Safe Area 2 Harbor,163.8,182.04,182.04,185.04,25.0,3,Evac Area 4
1,Vessel 3,1,Safe Area 2 Harbor,Evac Area 2 Marina,185.04,197.04,197.04,200.04,25.0,0,None
2,Vessel 3,2,Evac Area 2 Marina,Safe Area 2 Harbor,200.04,212.04,212.04,215.04,25.0,12,Evac Area 2
1,Vessel 3,1,Safe Area 2 Harbor,Evac Area 4 Beach,215.04,233.28,233.28,236.28,25.0,0,None
2,Vessel 3,2,Evac Area 4 Beach,Safe Area 3 Marina,236.28,254.28,254.28,257.28,25.0,12,Evac Area 4
1,Vessel 4,1,Safe Area 1 Terminal,Evac Area 3 Dock,10.0,22.0,22.0,27.0,25.0,0,None
2,Vessel 4,2,Evac Area 3 Dock,Safe Area 3 Marina,27.0,37.80000000000001,37.80000000000001,42.80000000000001,25.0,38,Evac Area 3
1,Vessel 4,1,Safe Area 3 Marina,Evac Area 4 Dock,42.80000000000001,60.80000000000001,60.80000000000001,65.80000000000001,25.0,0,None
2,Vessel 4,2,Evac Area 4 Dock,Safe Area 3 Marina,65.80000000000001,83.80000000000001,83.80000000000001,88.80000000000001,25.0,38,Evac Area 4
1,Vessel 4,1,Safe Area 3 Marina,Evac Area 4 Dock,88.80000000000001,106.80000000000001,106.80000000000001,111.80000000000001,25.0,0,None
2,Vessel 4,2,Evac Area 4 Dock,Safe Area 2 Harbor,111.80000000000001,130.04,130.04,135.04,25.0,38,Evac Area 4
1,Vessel 4,1,Safe Area 2 Harbor,Evac Area 4 Dock,135.04,153.28,153.28,158.28,25.0,0,None
2,Vessel 4,2,Evac Area 4 Dock,Safe Area 3 Marina,158.28,176.27999999999997,176.27999999999997,181.28,25.0,38,Evac Area 4
1,Vessel 4,1,Safe Area 3 Marina,Evac Area 4 Dock,181.28,199.28,199.28,204.28,25.0,0,None
2,Vessel 4,2,Evac Area 4 Dock,Safe Area 3 Marina,204.28,222.28,222.28,227.28,25.0,38,Evac Area 4
1,Vessel 4,1,Safe Area 3 Marina,Evac Area 4 Dock,227.28,245.28,245.28,250.28,25.0,0,None
2,Vessel 4,2,Evac Area 4 Dock,Safe Area 2 Harbor,250.28,268.52,268.52,273.52,25.0,38,Evac Area 4
1,Vessel 5,1,Safe Area 1 Terminal,Evac Area 3 Dock,30.0,46.666666666666686,46.666666666666686,56.666666666666686,18.0,0,None
2,Vessel 5,2,Evac Area 3 Dock,Safe Area 3 Marina,56.666666666666686,71.66666666666669,71.66666666666669,81.66666666666669,18.0,120,Evac Area 3
1,Vessel 5,1,Safe Area 3 Marina,Evac Area 4 Dock,81.66666666666669,106.66666666666669,106.66666666666669,116.66666666666669,18.0,0,None
2,Vessel 5,2,Evac Area 4 Dock,Safe Area 3 Marina,116.66666666666669,141.66666666666669,141.66666666666669,151.66666666666669,18.0,120,Evac Area 4
1,Vessel 5,1,Safe Area 3 Marina,Evac Area 4 Dock,151.66666666666669,176.66666666666669,176.66666666666669,186.66666666666669,18.0,0,None
2,Vessel 5,2,Evac Area 4 Dock,Safe Area 2 Harbor,186.66666666666669,212.0,212.0,222.0,18.0,120,Evac Area 4
1,Vessel 5,1,Safe Area 2 Harbor,Evac Area 4 Dock,222.0,247.3333333333333,247.3333333333333,257.3333333333333,18.0,0,None
2,Vessel 5,2,Evac Area 4 Dock,Safe Area 3 Marina,257.3333333333333,282.3333333333333,282.3333333333333,292.3333333333333,18.0,120,Evac Area 4
1,Vessel 6,1,Safe Area 1 Terminal,Evac Area 3 Dock,30.0,42.0,42.0,45.0,25.0,0,None
2,Vessel 6,2,Evac Area 3 Dock,Safe Area 3 Marina,45.0,55.80000000000001,55.80000000000001,58.80000000000001,25.0,12,Evac Area 3
1,Vessel 6,1,Safe Area 3 Marina,Evac Area 3 Dock,58.80000000000001,69.6,69.6,72.6,25.0,0,None
2,Vessel 6,2,Evac Area 3 Dock,Safe Area 3 Marina,72.6,83.39999999999998,83.39999999999998,86.39999999999998,25.0,12,Evac Area 3
1,Vessel 6,1,Safe Area 3 Marina,Evac Area 3 Dock,86.39999999999998,97.19999999999999,97.19999999999999,100.19999999999999,25.0,0,None
2,Vessel 6,2,Evac Area 3 Dock,Safe Area 3 Marina,100.19999999999999,111.0,111.0,114.0,25.0,12,Evac Area 3
1,Vessel 6,1,Safe Area 3 Marina,Evac Area 3 Dock,114.0,124.8,124.8,127.8,25.0,0,None
2,Vessel 6,2,Evac Area 3 Dock,Safe Area 3 Marina,127.8,138.6,138.6,141.6,25.0,12,Evac Area 3
1,Vessel 6,1,Safe Area 3 Marina,Evac Area 3 Dock,141.6,152.39999999999998,152.39999999999998,155.39999999999998,25.0,0,None
2,Vessel 6,2,Evac Area 3 Dock,Safe Area 3 Marina,155.39999999999998,166.2,166.2,169.2,25.0,12,Evac Area 3
1,Vessel 6,1,Safe Area 3 Marina,Evac Area 4 Dock,169.2,187.2,187.2,190.2,25.0,0,None
2,Vessel 6,2,Evac Area 4 Dock,Safe Area 3 Marina,190.2,208.2,208.2,211.2,25.0,12,Evac Area 4
1,Vessel 6,1,Safe Area 3 Marina,Evac Area 4 Beach,211.2,229.2,229.2,232.2,25.0,0,None
2,Vessel 6,2,Evac Area 4 Beach,Safe Area 2 Harbor,232.2,250.44,250.44,253.44,25.0,12,Evac Area 4
1,Vessel 2,1,Safe Area 3 Marina,Evac Area 4 Dock,262.24,280.24,280.24,283.24,25.0,0,None
2,Vessel 2,2,Evac Area 4 Dock,Safe Area 3 Marina,283.24,301.24,301.24,304.24,25.0,12,Evac Area 4
3,Vessel 2,3,Safe Area 3 Marina,Evac Area 4 Beach,304.24,322.24,322.24,325.24,25.0,0,None
4,Vessel 2,4,Evac Area 4 Beach,Safe Area 2 Harbor,325.24,343.48,343.48,346.48,25.0,12,Evac Area 4
5,Vessel 2,5,Safe Area 2 Harbor,Evac Area 4 Dock,346.48,364.72,364.72,367.72,25.0,0,None
6,Vessel 2,6,Evac Area 4 Dock,Safe Area 3 Marina,367.72,385.72,385.72,388.72,25.0,12,Evac Area 4
7,Vessel 2,7,Safe Area 3 Marina,Evac Area 4 Beach,388.72,406.72,406.72,409.72,25.0,0,None
8,Vessel 2,8,Evac Area 4 Beach,Safe Area 3 Marina,409.72,427.72,427.72,430.72,25.0,12,Evac Area 4
9,Vessel 2,9,Safe Area 3 Marina,Evac Area 4 Dock,430.72,448.72,448.72,451.72,25.0,0,None
10,Vessel 2,10,Evac Area 4 Dock,Safe Area 2 Harbor,451.72,469.96000000000004,469.96000000000004,472.96000000000004,25.0,12,Evac Area 4
11,Vessel 2,11,Safe Area 2 Harbor,Evac Area 2 Marina,472.96000000000004,484.96000000000004,484.96000000000004,487.96000000000004,25.0,0,None
12,Vessel 2,12,Evac Area 2 Marina,Safe Area 2 Harbor,487.96000000000004,499.96000000000004,499.96000000000004,502.96000000000004,25.0,12,Evac Area 2
13,Vessel 2,13,Safe Area 2 Harbor,Evac Area 4 Beach,502.96000000000004,521.2,521.2,524.2,25.0,0,None
14,Vessel 2,14,Evac Area 4 Beach,Safe Area 2 Harbor,524.2,542.44,542.44,545.44,25.0,12,Evac Area 4
15,Vessel 2,15,Safe Area 2 Harbor,Evac Area 4 Dock,545.44,563.6800000000001,563.6800000000001,566.6800000000001,25.0,0,None
16,Vessel 2,16,Evac Area 4 Dock,Safe Area 2 Harbor,566.6800000000001,584.9200000000001,584.9200000000001,587.9200000000001,25.0,12,Evac Area 4
17,Vessel 2,17,Safe Area 2 Harbor,Evac Area 2 Marina,587.9200000000001,599.9200000000001,599.9200000000001,602.9200000000001,25.0,0,None
18,Vessel 2,18,Evac Area 2 Marina,Safe Area 2 Harbor,602.9200000000001,614.9200000000001,614.9200000000001,617.9200000000001,25.0,12,Evac Area 2
1,Vessel 3,1,Safe Area 3 Marina,Evac Area 3 Dock,257.28,268.08,268.08,271.08,25.0,0,None
2,Vessel 3,2,Evac Area 3 Dock,Safe Area 3 Marina,271.08,281.88,281.88,284.88,25.0,12,Evac Area 3
3,Vessel 3,3,Safe Area 3 Marina,Evac Area 4 Dock,284.88,302.88,302.88,305.88,25.0,0,None
4,Vessel 3,4,Evac Area 4 Dock,Safe Area 2 Harbor,305.88,324.11999999999995,324.11999999999995,327.11999999999995,25.0,12,Evac Area 4
5,Vessel 3,5,Safe Area 2 Harbor,Evac Area 2 Marina,327.11999999999995,339.11999999999995,339.11999999999995,342.11999999999995,25.0,0,None
6,Vessel 3,6,Evac Area 2 Marina,Safe Area 2 Harbor,342.11999999999995,354.11999999999995,354.11999999999995,357.11999999999995,25.0,12,Evac Area 2
7,Vessel 3,7,Safe Area 2 Harbor,Evac Area 4 Beach,357.11999999999995,375.35999999999996,375.35999999999996,378.35999999999996,25.0,0,None
8,Vessel 3,8,Evac Area 4 Beach,Safe Area 3 Marina,378.35999999999996,396.35999999999996,396.35999999999996,399.35999999999996,25.0,12,Evac Area 4
9,Vessel 3,9,Safe Area 3 Marina,Evac Area 4 Dock,399.35999999999996,417.35999999999996,417.35999999999996,420.35999999999996,25.0,0,None
10,Vessel 3,10,Evac Area 4 Dock,Safe Area 3 Marina,420.35999999999996,438.35999999999996,438.35999999999996,441.35999999999996,25.0,12,Evac Area 4
11,Vessel 3,11,Safe Area 3 Marina,Evac Area 4 Dock,441.35999999999996,459.35999999999996,459.35999999999996,462.35999999999996,25.0,0,None
12,Vessel 3,12,Evac Area 4 Dock,Safe Area 3 Marina,462.35999999999996,480.35999999999996,480.35999999999996,483.35999999999996,25.0,12,Evac Area 4
13,Vessel 3,13,Safe Area 3 Marina,Evac Area 4 Dock,483.35999999999996,501.35999999999996,501.35999999999996,504.35999999999996,25.0,0,None
14,Vessel 3,14,Evac Area 4 Dock,Safe Area 3 Marina,504.35999999999996,522.3599999999999,522.3599999999999,525.3599999999999,25.0,12,Evac Area 4
15,Vessel 3,15,Safe Area 3 Marina,Evac Area 4 Dock,525.3599999999999,543.3599999999999,543.3599999999999,546.3599999999999,25.0,0,None
16,Vessel 3,16,Evac Area 4 Dock,Safe Area 3 Marina,546.3599999999999,564.3599999999999,564.3599999999999,567.3599999999999,25.0,12,Evac Area 4
17,Vessel 3,17,Safe Area 3 Marina,Evac Area 4 Dock,567.3599999999999,585.3599999999999,585.3599999999999,588.3599999999999,25.0,0,None
18,Vessel 3,18,Evac Area 4 Dock,Safe Area 2 Harbor,588.3599999999999,606.5999999999999,606.5999999999999,609.5999999999999,25.0,12,Evac Area 4
1,Vessel 4,1,Safe Area 2 Harbor,Evac Area 2 Marina,273.52,285.52,285.52,290.52,25.0,0,None
2,Vessel 4,2,Evac Area 2 Marina,Safe Area 2 Harbor,290.52,302.52,302.52,307.52,25.0,38,Evac Area 2
3,Vessel 4,3,Safe Area 2 Harbor,Evac Area 2 Marina,307.52,319.52,319.52,324.52,25.0,0,None
4,Vessel 4,4,Evac Area 2 Marina,Safe Area 2 Harbor,324.52,336.52,336.52,341.52,25.0,38,Evac Area 2
5,Vessel 4,5,Safe Area 2 Harbor,Evac Area 2 Marina,341.52,353.52,353.52,358.52,25.0,0,None
6,Vessel 4,6,Evac Area 2 Marina,Safe Area 2 Harbor,358.52,370.52,370.52,375.52,25.0,32,Evac Area 2
7,Vessel 4,7,Safe Area 2 Harbor,Evac Area 2 Marina,375.52,387.52,387.52,392.52,25.0,0,None
8,Vessel 4,8,Evac Area 2 Marina,Safe Area 2 Harbor,392.52,404.52,404.52,409.52,25.0,38,Evac Area 2
9,Vessel 4,9,Safe Area 2 Harbor,Evac Area 2 Marina,409.52,421.52,421.52,426.52,25.0,0,None
10,Vessel 4,10,Evac Area 2 Marina,Safe Area 2 Harbor,426.52,438.52,438.52,443.52,25.0,38,Evac Area 2
11,Vessel 4,11,Safe Area 2 Harbor,Evac Area 4 Dock,443.52,461.76,461.76,466.76,25.0,0,None
12,Vessel 4,12,Evac Area 4 Dock,Safe Area 3 Marina,466.76,484.76,484.76,489.76,25.0,38,Evac Area 4
13,Vessel 4,13,Safe Area 3 Marina,Evac Area 3 Dock,489.76,500.56,500.56,505.56,25.0,0,None
14,Vessel 4,14,Evac Area 3 Dock,Safe Area 3 Marina,505.56,516.36,516.36,521.36,25.0,37,Evac Area 3
15,Vessel 4,15,Safe Area 3 Marina,Evac Area 3 Dock,521.36,532.1600000000001,532.1600000000001,537.1600000000001,25.0,0,None
16,Vessel 4,16,Evac Area 3 Dock,Safe Area 3 Marina,537.1600000000001,547.96,547.96,552.96,25.0,38,Evac Area 3
17,Vessel 4,17,Safe Area 3 Marina,Evac Area 3 Dock,552.96,563.76,563.76,568.76,25.0,0,None
18,Vessel 4,18,Evac Area 3 Dock,Safe Area 3 Marina,568.76,579.5600000000001,579.5600000000001,584.5600000000001,25.0,38,Evac Area 3
19,Vessel 4,19,Safe Area 3 Marina,Evac Area 3 Dock,584.5600000000001,595.3600000000001,595.3600000000001,600.3600000000001,25.0,0,None
20,Vessel 4,20,Evac Area 3 Dock,Safe Area 3 Marina,600.3600000000001,611.1600000000001,611.1600000000001,616.1600000000001,25.0,38,Evac Area 3
1,Vessel 5,1,Safe Area 3 Marina,Evac Area 4 Dock,292.3333333333333,317.3333333333333,317.3333333333333,327.3333333333333,18.0,0,None
2,Vessel 5,2,Evac Area 4 Dock,Safe Area 3 Marina,327.3333333333333,352.3333333333333,352.3333333333333,362.3333333333333,18.0,120,Evac Area 4
3,Vessel 5,3,Safe Area 3 Marina,Evac Area 4 Dock,362.3333333333333,387.3333333333333,387.3333333333333,397.3333333333333,18.0,0,None
4,Vessel 5,4,Evac Area 4 Dock,Safe Area 3 Marina,397.3333333333333,422.3333333333333,422.3333333333333,432.3333333333333,18.0,120,Evac Area 4
5,Vessel 5,5,Safe Area 3 Marina,Evac Area 4 Dock,432.3333333333333,457.3333333333333,457.3333333333333,467.3333333333333,18.0,0,None
6,Vessel 5,6,Evac Area 4 Dock,Safe Area 3 Marina,467.3333333333333,492.3333333333333,492.3333333333333,502.3333333333333,18.0,120,Evac Area 4
7,Vessel 5,7,Safe Area 3 Marina,Evac Area 4 Dock,502.3333333333333,527.3333333333333,527.3333333333333,537.3333333333333,18.0,0,None
8,Vessel 5,8,Evac Area 4 Dock,Safe Area 3 Marina,537.3333333333333,562.3333333333333,562.3333333333333,572.3333333333333,18.0,120,Evac Area 4
9,Vessel 5,9,Safe Area 3 Marina,Evac Area 3 Dock,572.3333333333333,587.3333333333333,587.3333333333333,597.3333333333333,18.0,0,None
10,Vessel 5,10,Evac Area 3 Dock,Safe Area 3 Marina,597.3333333333333,612.3333333333333,612.3333333333333,622.3333333333333,18.0,120,Evac Area 3
1,Vessel 6,1,Safe Area 2 Harbor,Evac Area 2 Marina,253.44,265.44,265.44,268.44,25.0,0,None
2,Vessel 6,2,Evac Area 2 Marina,Safe Area 2 Harbor,268.44,280.44,280.44,283.44,25.0,12,Evac Area 2
3,Vessel 6,3,Safe Area 2 Harbor,Evac Area 4 Dock,283.44,301.68,301.68,304.68,25.0,0,None
4,Vessel 6,4,Evac Area 4 Dock,Safe Area 3 Marina,304.68,322.68,322.68,325.68,25.0,12,Evac Area 4
5,Vessel 6,5,Safe Area 3 Marina,Evac Area 4 Dock,325.68,343.68,343.68,346.68,25.0,0,None
6,Vessel 6,6,Evac Area 4 Dock,Safe Area 3 Marina,346.68,364.68,364.68,367.68,25.0,12,Evac Area 4
7,Vessel 6,7,Safe Area 3 Marina,Evac Area 4 Beach,367.68,385.68,385.68,388.68,25.0,0,None
8,Vessel 6,8,Evac Area 4 Beach,Safe Area 3 Marina,388.68,406.68,406.68,409.68,25.0,4,Evac Area 4
9,Vessel 6,9,Safe Area 3 Marina,Evac Area 4 Dock,409.68,427.68,427.68,430.68,25.0,0,None
10,Vessel 6,10,Evac Area 4 Dock,Safe Area 3 Marina,430.68,448.68,448.68,451.68,25.0,12,Evac Area 4
11,Vessel 6,11,Safe Area 3 Marina,Evac Area 4 Beach,451.68,469.68,469.68,472.68,25.0,0,None
12,Vessel 6,12,Evac Area 4 Beach,Safe Area 2 Harbor,472.68,490.92,490.92,493.92,25.0,12,Evac Area 4
13,Vessel 6,13,Safe Area 2 Harbor,Evac Area 4 Beach,493.92,512.1600000000001,512.1600000000001,515.1600000000001,25.0,0,None
14,Vessel 6,14,Evac Area 4 Beach,Safe Area 2 Harbor,515.1600000000001,533.4000000000001,533.4000000000001,536.4000000000001,25.0,12,Evac Area 4
15,Vessel 6,15,Safe Area 2 Harbor,Evac Area 4 Dock,536.4000000000001,554.6400000000001,554.6400000000001,557.6400000000001,25.0,0,None
16,Vessel 6,16,Evac Area 4 Dock,Safe Area 2 Harbor,557.6400000000001,575.8800000000001,575.8800000000001,578.8800000000001,25.0,12,Evac Area 4
17,Vessel 6,17,Safe Area 2 Harbor,Evac Area 2 Marina,578.8800000000001,590.8800000000001,590.8800000000001,593.8800000000001,25.0,0,None
18,Vessel 6,18,Evac Area 2 Marina,Safe Area 2 Harbor,593.8800000000001,605.8800000000001,605.8800000000001,608.8800000000001,25.0,12,Evac Area 2
