segment_id,resource_id,route_segment_id,origin,destination,route_start_time,route_end_time,load_start_time,load_end_time,resource_speed,evacuees,evacuated_location,post_run_correction
1,Vessel 1,1,Safe Area 1 Terminal,Evac Area 1 Ferry Terminal,10.0,24.0,24.0,34.0,12.0,0,None,
2,Vessel 1,2,Evac Area 1 Ferry Terminal,Safe Area 1 Terminal,34.0,48.0,48.0,58.0,12.0,89,Evac Area 1,
1,Vessel 2,1,Safe Area 2 Harbor,Evac Area 4 Dock,10.0,28.24000000000001,28.24000000000001,31.24000000000001,25.0,0,None,
2,Vessel 2,2,Evac Area 4 Dock,Safe Area 2 Harbor,31.24000000000001,49.47999999999999,49.47999999999999,52.47999999999999,25.0,12,Evac Area 4,
3,Vessel 2,3,Safe Area 2 Harbor,Evac Area 2 Marina,52.47999999999999,64.47999999999999,64.47999999999999,67.47999999999999,25.0,0,None,
4,Vessel 2,4,Evac Area 2 Marina,Safe Area 2 Harbor,67.47999999999999,79.47999999999999,79.47999999999999,82.47999999999999,25.0,12,Evac Area 2,
5,Vessel 2,5,Safe Area 2 Harbor,Evac Area 4 Dock,82.47999999999999,100.72,100.72,103.72,25.0,0,None,
6,Vessel 2,6,Evac Area 4 Dock,Safe Area 2 Harbor,103.72,121.95999999999998,121.95999999999998,124.95999999999998,25.0,12,Evac Area 4,
7,Vessel 2,7,Safe Area 2 Harbor,Evac Area 2 Marina,124.95999999999998,136.95999999999998,136.95999999999998,139.95999999999998,25.0,0,None,
8,Vessel 2,8,Evac Area 2 Marina,Safe Area 2 Harbor,139.95999999999998,151.95999999999998,151.95999999999998,154.95999999999998,25.0,12,Evac Area 2,
9,Vessel 2,9,Safe Area 2 Harbor,Evac Area 4 Dock,154.95999999999998,173.2,173.2,176.2,25.0,0,None,
10,Vessel 2,10,Evac Area 4 Dock,Safe Area 2 Harbor,176.2,194.44,194.44,197.44,25.0,12,Evac Area 4,
11,Vessel 2,11,Safe Area 2 Harbor,Evac Area 4 Beach,197.44,215.68,215.68,218.68,25.0,0,None,
12,Vessel 2,12,Evac Area 4 Beach,Safe Area 3 Marina,218.68,236.68,236.68,239.68,25.0,12,Evac Area 4,
1,Vessel 3,1,Safe Area 3 Marina,Evac Area 4 Dock,60.0,78.0,78.0,81.0,25.0,0,None,
2,Vessel 3,2,Evac Area 4 Dock,Safe Area 3 Marina,81.0,99.0,99.0,102.0,25.0,12,Evac Area 4,
3,Vessel 3,3,Safe Area 3 Marina,Evac Area 4 Dock,102.0,120.0,120.0,123.0,25.0,0,None,
4,Vessel 3,4,Evac Area 4 Dock,Safe Area 2 Harbor,123.0,141.24,141.24,144.24,25.0,12,Evac Area 4,
5,Vessel 3,5,Safe Area 2 Harbor,Evac Area 2 Marina,144.24,156.24,156.24,159.24,25.0,0,None,
6,Vessel 3,6,Evac Area 2 Marina,Safe Area 2 Harbor,159.24,171.24,171.24,174.24,25.0,12,Evac Area 2,
7,Vessel 3,7,Safe Area 2 Harbor,Evac Area 2 Marina,174.24,186.24,186.24,189.24,25.0,0,None,
8,Vessel 3,8,Evac Area 2 Marina,Safe Area 2 Harbor,189.24,201.24,201.24,204.24,25.0,12,Evac Area 2,
9,Vessel 3,9,Safe Area 2 Harbor,Evac Area 2 Marina,204.24,216.24,216.24,219.24,25.0,0,None,
10,Vessel 3,10,Evac Area 2 Marina,Safe Area 2 Harbor,219.24,231.24,231.24,234.24,25.0,12,Evac Area 2,
1,Vessel 4,1,Safe Area 1 Terminal,Evac Area 3 Dock,10.0,22.0,22.0,27.0,25.0,0,None,
2,Vessel 4,2,Evac Area 3 Dock,Safe Area 3 Marina,27.0,37.79999999999998,37.79999999999998,42.79999999999998,25.0,38,Evac Area 3,
3,Vessel 4,3,Safe Area 3 Marina,Evac Area 3 Dock,42.79999999999998,53.599999999999994,53.599999999999994,58.599999999999994,25.0,0,None,
4,Vessel 4,4,Evac Area 3 Dock,Safe Area 3 Marina,58.599999999999994,69.4,69.4,74.4,25.0,37,Evac Area 3,
5,Vessel 4,5,Safe Area 3 Marina,Evac Area 3 Dock,74.4,85.19999999999999,85.19999999999999,90.20000000000002,25.0,0,None,
6,Vessel 4,6,Evac Area 3 Dock,Safe Area 3 Marina,90.20000000000002,101.0,101.0,106.0,25.0,38,Evac Area 3,
7,Vessel 4,7,Safe Area 3 Marina,Evac Area 4 Dock,106.0,124.0,124.0,129.0,25.0,0,None,
8,Vessel 4,8,Evac Area 4 Dock,Safe Area 3 Marina,129.0,147.0,147.0,152.0,25.0,38,Evac Area 4,
9,Vessel 4,9,Safe Area 3 Marina,Evac Area 4 Dock,152.0,170.0,170.0,175.0,25.0,0,None,
10,Vessel 4,10,Evac Area 4 Dock,Safe Area 3 Marina,175.0,193.0,193.0,198.0,25.0,37,Evac Area 4,
11,Vessel 4,11,Safe Area 3 Marina,Evac Area 4 Dock,198.0,216.0,216.0,221.0,25.0,0,None,
12,Vessel 4,12,Evac Area 4 Dock,Safe Area 3 Marina,221.0,239.0,239.0,244.0,25.0,38,Evac Area 4,
1,Vessel 5,1,Safe Area 1 Terminal,Evac Area 3 Dock,30.0,46.66666666666666,46.66666666666666,56.66666666666666,18.0,0,None,
2,Vessel 5,2,Evac Area 3 Dock,Safe Area 3 Marina,56.66666666666666,71.66666666666666,71.66666666666666,81.66666666666666,18.0,120,Evac Area 3,
3,Vessel 5,3,Safe Area 3 Marina,Evac Area 3 Dock,81.66666666666666,96.66666666666669,96.66666666666669,106.66666666666669,18.0,0,None,
4,Vessel 5,4,Evac Area 3 Dock,Safe Area 3 Marina,106.66666666666669,121.66666666666669,121.66666666666669,131.66666666666669,18.0,120,Evac Area 3,
5,Vessel 5,5,Safe Area 3 Marina,Evac Area 2 Marina,131.66666666666669,155.00000000000003,155.00000000000003,165.00000000000003,18.0,0,None,
6,Vessel 5,6,Evac Area 2 Marina,Safe Area 2 Harbor,165.00000000000003,181.66666666666669,181.66666666666669,191.66666666666669,18.0,120,Evac Area 2,
7,Vessel 5,7,Safe Area 2 Harbor,Evac Area 2 Marina,191.66666666666669,208.33333333333331,208.33333333333331,218.33333333333331,18.0,0,None,
8,Vessel 5,8,Evac Area 2 Marina,Safe Area 2 Harbor,218.33333333333331,235.0,235.0,245.0,18.0,109,Evac Area 2,
1,Vessel 6,1,Safe Area 1 Terminal,Evac Area 3 Dock,30.0,42.0,42.0,45.0,25.0,0,None,
2,Vessel 6,2,Evac Area 3 Dock,Safe Area 3 Marina,45.0,55.79999999999998,55.79999999999998,58.79999999999998,25.0,12,Evac Area 3,
3,Vessel 6,3,Safe Area 3 Marina,Evac Area 4 Beach,58.79999999999998,76.79999999999998,76.79999999999998,79.79999999999998,25.0,0,None,
4,Vessel 6,4,Evac Area 4 Beach,Safe Area 2 Harbor,79.79999999999998,98.03999999999999,98.03999999999999,101.03999999999999,25.0,12,Evac Area 4,
5,Vessel 6,5,Safe Area 2 Harbor,Evac Area 2 Marina,101.03999999999999,113.03999999999999,113.03999999999999,116.03999999999999,25.0,0,None,
6,Vessel 6,6,Evac Area 2 Marina,Safe Area 2 Harbor,116.03999999999999,128.04,128.04,131.04,25.0,12,Evac Area 2,
7,Vessel 6,7,Safe Area 2 Harbor,Evac Area 2 Marina,131.04,143.04,143.04,146.04,25.0,0,None,
8,Vessel 6,8,Evac Area 2 Marina,Safe Area 2 Harbor,146.04,158.04,158.04,161.04,25.0,12,Evac Area 2,
9,Vessel 6,9,Safe Area 2 Harbor,Evac Area 4 Dock,161.04,179.28,179.28,182.28,25.0,0,None,
10,Vessel 6,10,Evac Area 4 Dock,Safe Area 3 Marina,182.28,200.28,200.28,203.28,25.0,12,Evac Area 4,
11,Vessel 6,11,Safe Area 3 Marina,Evac Area 4 Dock,203.28,221.28,221.28,224.28,25.0,0,None,
12,Vessel 6,12,Evac Area 4 Dock,Safe Area 3 Marina,224.28,242.28,242.28,245.28,25.0,12,Evac Area 4,
1,Vessel 2,1,Safe Area 3 Marina,Evac Area 3 Dock,245.28,256.08,256.08,259.08,25.0,0,None,yes
2,Vessel 2,2,Evac Area 3 Dock,Safe Area 3 Marina,259.08,269.88,269.88,272.88,25.0,11,Evac Area 3,yes
3,Vessel 2,3,Safe Area 3 Marina,Evac Area 3 Dock,272.88,283.68,283.68,286.68,25.0,0,None,yes
4,Vessel 2,4,Evac Area 3 Dock,Safe Area 3 Marina,286.68,297.48,297.48,300.48,25.0,12,Evac Area 3,yes
5,Vessel 2,5,Safe Area 3 Marina,Evac Area 3 Dock,300.48,311.28,311.28,314.28,25.0,0,None,yes
6,Vessel 2,6,Evac Area 3 Dock,Safe Area 3 Marina,314.28,325.08,325.08,328.08,25.0,12,Evac Area 3,yes
1,Vessel 3,1,Safe Area 2 Harbor,Evac Area 4 Dock,245.28,263.52,263.52,266.52,25.0,0,None,yes
2,Vessel 3,2,Evac Area 4 Dock,Safe Area 3 Marina,266.52,284.52,284.52,287.52,25.0,7,Evac Area 4,yes
3,Vessel 3,3,Safe Area 3 Marina,Evac Area 3 Dock,287.52,298.32,298.32,301.32,25.0,0,None,yes
4,Vessel 3,4,Evac Area 3 Dock,Safe Area 3 Marina,301.32,312.12,312.12,315.12,25.0,12,Evac Area 3,yes
1,Vessel 4,1,Safe Area 3 Marina,Evac Area 4 Dock,245.28,263.28,263.28,268.28,25.0,0,None,yes
2,Vessel 4,2,Evac Area 4 Dock,Safe Area 3 Marina,268.28,286.28,286.28,291.28,25.0,38,Evac Area 4,yes
3,Vessel 4,3,Safe Area 3 Marina,Evac Area 3 Dock,291.28,302.08,302.08,307.08,25.0,0,None,yes
4,Vessel 4,4,Evac Area 3 Dock,Safe Area 3 Marina,307.08,317.88,317.88,322.88,25.0,38,Evac Area 3,yes
5,Vessel 4,5,Safe Area 3 Marina,Evac Area 3 Dock,322.88,333.68,333.68,338.68,25.0,0,None,yes
6,Vessel 4,6,Evac Area 3 Dock,Safe Area 3 Marina,338.68,349.48,349.48,354.48,25.0,38,Evac Area 3,yes
1,Vessel 5,1,Safe Area 2 Harbor,Evac Area 3 Dock,245.28,271.94666666666666,271.94666666666666,281.94666666666666,18.0,0,None,yes
2,Vessel 5,2,Evac Area 3 Dock,Safe Area 3 Marina,281.94666666666666,296.94666666666666,296.94666666666666,306.94666666666666,18.0,120,Evac Area 3,yes
1,Vessel 6,1,Safe Area 3 Marina,Evac Area 3 Dock,245.28,256.08,256.08,259.08,25.0,0,None,yes
2,Vessel 6,2,Evac Area 3 Dock,Safe Area 3 Marina,259.08,269.88,269.88,272.88,25.0,12,Evac Area 3,yes
3,Vessel 6,3,Safe Area 3 Marina,Evac Area 4 Dock,272.88,290.88,290.88,293.88,25.0,0,None,yes
4,Vessel 6,4,Evac Area 4 Dock,Safe Area 3 Marina,293.88,311.88,311.88,314.88,25.0,12,Evac Area 4,yes
5,Vessel 6,5,Safe Area 3 Marina,Evac Area 3 Dock,314.88,325.68,325.68,328.68,25.0,0,None,yes
6,Vessel 6,6,Evac Area 3 Dock,Safe Area 3 Marina,328.68,339.48,339.48,342.48,25.0,12,Evac Area 3,yes
