segment_id,resource_id,route_segment_id,origin,destination,route_start_time,route_end_time,load_start_time,load_end_time,resource_speed,evacuees,evacuated_location
1,Vessel 1,1,Safe Area 1 Terminal,Evac Area 1 Ferry Terminal,10.0,24.0,24.0,34.0,12.0,0,None
2,Vessel 1,2,Evac Area 1 Ferry Terminal,Safe Area 1 Terminal,34.0,48.0,48.0,58.0,12.0,200,Evac Area 1
1,Vessel 2,1,Safe Area 2 Harbor,Evac Area 4 Beach,10.0,28.24,28.24,31.24,25.0,0,None
2,Vessel 2,2,Evac Area 4 Beach,Safe Area 3 Marina,31.24,49.239999999999995,49.239999999999995,52.239999999999995,25.0,12,Evac Area 4
3,Vessel 2,3,Safe Area 3 Marina,Evac Area 4 Dock,52.239999999999995,70.24,70.24,73.24,25.0,0,None
4,Vessel 2,4,Evac Area 4 Dock,Safe Area 3 Marina,73.24,91.24,91.24,94.24,25.0,12,Evac Area 4
5,Vessel 2,5,Safe Area 3 Marina,Evac Area 3 Dock,94.24,105.03999999999999,105.03999999999999,108.03999999999999,25.0,0,None
6,Vessel 2,6,Evac Area 3 Dock,Safe Area 3 Marina,108.03999999999999,118.83999999999999,118.83999999999999,121.83999999999999,25.0,12,Evac Area 3
7,Vessel 2,7,Safe Area 3 Marina,Evac Area 4 Dock,121.83999999999999,139.83999999999997,139.83999999999997,142.83999999999997,25.0,0,None
8,Vessel 2,8,Evac Area 4 Dock,Safe Area 3 Marina,142.83999999999997,160.83999999999997,160.83999999999997,163.83999999999997,25.0,12,Evac Area 4
9,Vessel 2,9,Safe Area 3 Marina,Evac Area 4 Dock,163.83999999999997,181.83999999999997,181.83999999999997,184.83999999999997,25.0,0,None
10,Vessel 2,10,Evac Area 4 Dock,Safe Area 3 Marina,184.83999999999997,202.83999999999997,202.83999999999997,205.83999999999997,25.0,12,Evac Area 4
11,Vessel 2,11,Safe Area 3 Marina,Evac Area 4 Beach,205.83999999999997,223.83999999999997,223.83999999999997,226.83999999999997,25.0,0,None
12,Vessel 2,12,Evac Area 4 Beach,Safe Area 3 Marina,226.83999999999997,244.83999999999997,244.83999999999997,247.83999999999997,25.0,12,Evac Area 4
13,Vessel 2,13,Safe Area 3 Marina,Evac Area 4 Dock,247.83999999999997,265.84,265.84,268.84,25.0,0,None
14,Vessel 2,14,Evac Area 4 Dock,Safe Area 3 Marina,268.84,286.84,286.84,289.84,25.0,12,Evac Area 4
15,Vessel 2,15,Safe Area 3 Marina,Evac Area 3 Dock,289.84,300.64,300.64,303.64,25.0,0,None
16,Vessel 2,16,Evac Area 3 Dock,Safe Area 3 Marina,303.64,314.44,314.44,317.44,25.0,12,Evac Area 3
17,Vessel 2,17,Safe Area 3 Marina,Evac Area 3 Dock,317.44,328.24,328.24,331.24,25.0,0,None
18,Vessel 2,18,Evac Area 3 Dock,Safe Area 3 Marina,331.24,342.04,342.04,345.04,25.0,12,Evac Area 3
19,Vessel 2,19,Safe Area 3 Marina,Evac Area 3 Dock,345.04,355.84000000000003,355.84000000000003,358.84000000000003,25.0,0,None
20,Vessel 2,20,Evac Area 3 Dock,Safe Area 3 Marina,358.84000000000003,369.64000000000004,369.64000000000004,372.64000000000004,25.0,12,Evac Area 3
1,Vessel 3,1,Safe Area 3 Marina,Evac Area 3 Dock,60.0,70.8,70.8,73.8,25.0,0,None
2,Vessel 3,2,Evac Area 3 Dock,Safe Area 3 Marina,73.8,84.6,84.6,87.6,25.0,12,Evac Area 3
3,Vessel 3,3,Safe Area 3 Marina,Evac Area 4 Dock,87.6,105.6,105.6,108.6,25.0,0,None
4,Vessel 3,4,Evac Area 4 Dock,Safe Area 3 Marina,108.6,126.6,126.6,129.6,25.0,12,Evac Area 4
5,Vessel 3,5,Safe Area 3 Marina,Evac Area 4 Beach,129.6,147.6,147.6,150.6,25.0,0,None
6,Vessel 3,6,Evac Area 4 Beach,Safe Area 3 Marina,150.6,168.6,168.6,171.6,25.0,12,Evac Area 4
7,Vessel 3,7,Safe Area 3 Marina,Evac Area 4 Dock,171.6,189.6,189.6,192.6,25.0,0,None
8,Vessel 3,8,Evac Area 4 Dock,Safe Area 3 Marina,192.6,210.6,210.6,213.6,25.0,12,Evac Area 4
9,Vessel 3,9,Safe Area 3 Marina,Evac Area 4 Beach,213.6,231.6,231.6,234.6,25.0,0,None
10,Vessel 3,10,Evac Area 4 Beach,Safe Area 3 Marina,234.6,252.6,252.6,255.6,25.0,12,Evac Area 4
11,Vessel 3,11,Safe Area 3 Marina,Evac Area 4 Beach,255.6,273.6,273.6,276.6,25.0,0,None
12,Vessel 3,12,Evac Area 4 Beach,Safe Area 3 Marina,276.6,294.6,294.6,297.6,25.0,12,Evac Area 4
13,Vessel 3,13,Safe Area 3 Marina,Evac Area 4 Beach,297.6,315.6,315.6,318.6,25.0,0,None
14,Vessel 3,14,Evac Area 4 Beach,Safe Area 3 Marina,318.6,336.6,336.6,339.6,25.0,12,Evac Area 4
15,Vessel 3,15,Safe Area 3 Marina,Evac Area 3 Dock,339.6,350.40000000000003,350.40000000000003,353.40000000000003,25.0,0,None
16,Vessel 3,16,Evac Area 3 Dock,Safe Area 3 Marina,353.40000000000003,364.20000000000005,364.20000000000005,367.20000000000005,25.0,12,Evac Area 3
17,Vessel 3,17,Safe Area 3 Marina,Evac Area 4 Dock,367.20000000000005,385.20000000000005,385.20000000000005,388.20000000000005,25.0,0,None
18,Vessel 3,18,Evac Area 4 Dock,Safe Area 3 Marina,388.20000000000005,406.20000000000005,406.20000000000005,409.20000000000005,25.0,12,Evac Area 4
1,Vessel 4,1,Safe Area 1 Terminal,Evac Area 3 Dock,10.0,22.0,22.0,27.0,25.0,0,None
2,Vessel 4,2,Evac Area 3 Dock,Safe Area 3 Marina,27.0,37.8,37.8,42.8,25.0,38,Evac Area 3
3,Vessel 4,3,Safe Area 3 Marina,Evac Area 4 Dock,42.8,60.8,60.8,65.8,25.0,0,None
4,Vessel 4,4,Evac Area 4 Dock,Safe Area 2 Harbor,65.8,84.03999999999999,84.03999999999999,89.03999999999999,25.0,36,Evac Area 4
5,Vessel 4,5,Safe Area 2 Harbor,Evac Area 4 Dock,89.03999999999999,107.27999999999999,107.27999999999999,112.27999999999999,25.0,0,None
6,Vessel 4,6,Evac Area 4 Dock,Safe Area 3 Marina,112.27999999999999,130.27999999999997,130.27999999999997,135.27999999999997,25.0,38,Evac Area 4
7,Vessel 4,7,Safe Area 3 Marina,Evac Area 4 Dock,135.27999999999997,153.27999999999997,153.27999999999997,158.27999999999997,25.0,0,None
8,Vessel 4,8,Evac Area 4 Dock,Safe Area 3 Marina,158.27999999999997,176.27999999999997,176.27999999999997,181.27999999999997,25.0,38,Evac Area 4
9,Vessel 4,9,Safe Area 3 Marina,Evac Area 4 Dock,181.27999999999997,199.27999999999997,199.27999999999997,204.27999999999997,25.0,0,None
10,Vessel 4,10,Evac Area 4 Dock,Safe Area 3 Marina,204.27999999999997,222.27999999999997,222.27999999999997,227.27999999999997,25.0,38,Evac Area 4
11,Vessel 4,11,Safe Area 3 Marina,Evac Area 4 Dock,227.27999999999997,245.27999999999997,245.27999999999997,250.27999999999997,25.0,0,None
12,Vessel 4,12,Evac Area 4 Dock,Safe Area 3 Marina,250.27999999999997,268.28,268.28,273.28,25.0,38,Evac Area 4
13,Vessel 4,13,Safe Area 3 Marina,Evac Area 4 Dock,273.28,291.28,291.28,296.28,25.0,0,None
14,Vessel 4,14,Evac Area 4 Dock,Safe Area 3 Marina,296.28,314.28,314.28,319.28,25.0,38,Evac Area 4
15,Vessel 4,15,Safe Area 3 Marina,Evac Area 4 Dock,319.28,337.28,337.28,342.28,25.0,0,None
16,Vessel 4,16,Evac Area 4 Dock,Safe Area 3 Marina,342.28,360.28,360.28,365.28,25.0,38,Evac Area 4
17,Vessel 4,17,Safe Area 3 Marina,Evac Area 4 Dock,365.28,383.28,383.28,388.28,25.0,0,None
18,Vessel 4,18,Evac Area 4 Dock,Safe Area 3 Marina,388.28,406.28,406.28,411.28,25.0,38,Evac Area 4
1,Vessel 5,1,Safe Area 1 Terminal,Evac Area 3 Dock,30.0,46.66666666666667,46.66666666666667,56.66666666666667,18.0,0,None
2,Vessel 5,2,Evac Area 3 Dock,Safe Area 3 Marina,56.66666666666667,71.66666666666667,71.66666666666667,81.66666666666667,18.0,120,Evac Area 3
3,Vessel 5,3,Safe Area 3 Marina,Evac Area 4 Dock,81.66666666666667,106.66666666666667,106.66666666666667,116.66666666666667,18.0,0,None
4,Vessel 5,4,Evac Area 4 Dock,Safe Area 3 Marina,116.66666666666667,141.66666666666669,141.66666666666669,151.66666666666669,18.0,120,Evac Area 4
5,Vessel 5,5,Safe Area 3 Marina,Evac Area 4 Dock,151.66666666666669,176.66666666666669,176.66666666666669,186.66666666666669,18.0,0,None
6,Vessel 5,6,Evac Area 4 Dock,Safe Area 3 Marina,186.66666666666669,211.66666666666669,211.66666666666669,221.66666666666669,18.0,120,Evac Area 4
7,Vessel 5,7,Safe Area 3 Marina,Evac Area 4 Dock,221.66666666666669,246.66666666666669,246.66666666666669,256.6666666666667,18.0,0,None
8,Vessel 5,8,Evac Area 4 Dock,Safe Area 3 Marina,256.6666666666667,281.6666666666667,281.6666666666667,291.6666666666667,18.0,120,Evac Area 4
9,Vessel 5,9,Safe Area 3 Marina,Evac Area 4 Dock,291.6666666666667,316.6666666666667,316.6666666666667,326.6666666666667,18.0,0,None
10,Vessel 5,10,Evac Area 4 Dock,Safe Area 3 Marina,326.6666666666667,351.6666666666667,351.6666666666667,361.6666666666667,18.0,120,Evac Area 4
11,Vessel 5,11,Safe Area 3 Marina,Evac Area 4 Dock,361.6666666666667,386.6666666666667,386.6666666666667,396.6666666666667,18.0,0,None
12,Vessel 5,12,Evac Area 4 Dock,Safe Area 3 Marina,396.6666666666667,421.6666666666667,421.6666666666667,431.6666666666667,18.0,120,Evac Area 4
1,Vessel 6,1,Safe Area 1 Terminal,Evac Area 3 Dock,30.0,42.0,42.0,45.0,25.0,0,None
2,Vessel 6,2,Evac Area 3 Dock,Safe Area 3 Marina,45.0,55.8,55.8,58.8,25.0,12,Evac Area 3
3,Vessel 6,3,Safe Area 3 Marina,Evac Area 4 Dock,58.8,76.8,76.8,79.8,25.0,0,None
4,Vessel 6,4,Evac Area 4 Dock,Safe Area 2 Harbor,79.8,98.03999999999999,98.03999999999999,101.03999999999999,25.0,12,Evac Area 4
5,Vessel 6,5,Safe Area 2 Harbor,Evac Area 4 Dock,101.03999999999999,119.27999999999999,119.27999999999999,122.27999999999999,25.0,0,None
6,Vessel 6,6,Evac Area 4 Dock,Safe Area 3 Marina,122.27999999999999,140.27999999999997,140.27999999999997,143.27999999999997,25.0,12,Evac Area 4
7,Vessel 6,7,Safe Area 3 Marina,Evac Area 4 Dock,143.27999999999997,161.27999999999997,161.27999999999997,164.27999999999997,25.0,0,None
8,Vessel 6,8,Evac Area 4 Dock,Safe Area 3 Marina,164.27999999999997,182.27999999999997,182.27999999999997,185.27999999999997,25.0,12,Evac Area 4
9,Vessel 6,9,Safe Area 3 Marina,Evac Area 4 Beach,185.27999999999997,203.27999999999997,203.27999999999997,206.27999999999997,25.0,0,None
10,Vessel 6,10,Evac Area 4 Beach,Safe Area 3 Marina,206.27999999999997,224.27999999999997,224.27999999999997,227.27999999999997,25.0,12,Evac Area 4
11,Vessel 6,11,Safe Area 3 Marina,Evac Area 4 Dock,227.27999999999997,245.27999999999997,245.27999999999997,248.27999999999997,25.0,0,None
12,Vessel 6,12,Evac Area 4 Dock,Safe Area 3 Marina,248.27999999999997,266.28,266.28,269.28,25.0,12,Evac Area 4
13,Vessel 6,13,Safe Area 3 Marina,Evac Area 4 Beach,269.28,287.28,287.28,290.28,25.0,0,None
14,Vessel 6,14,Evac Area 4 Beach,Safe Area 3 Marina,290.28,308.28,308.28,311.28,25.0,12,Evac Area 4
15,Vessel 6,15,Safe Area 3 Marina,Evac Area 4 Beach,311.28,329.28,329.28,332.28,25.0,0,None
16,Vessel 6,16,Evac Area 4 Beach,Safe Area 3 Marina,332.28,350.28,350.28,353.28,25.0,12,Evac Area 4
17,Vessel 6,17,Safe Area 3 Marina,Evac Area 4 Dock,353.28,371.28,371.28,374.28,25.0,0,None
18,Vessel 6,18,Evac Area 4 Dock,Safe Area 3 Marina,374.28,392.28,392.28,395.28,25.0,12,Evac Area 4
