segment_id,resource_id,route_segment_id,origin,destination,route_start_time,route_end_time,load_start_time,load_end_time,resource_speed,evacuees,evacuated_location
1,Vessel 1,1,Safe Area 1 Terminal,Evac Area 1 Ferry Terminal,10.0,24.0,24.0,34.0,12.0,0,None
2,Vessel 1,2,Evac Area 1 Ferry Terminal,Safe Area 1 Terminal,34.0,48.0,48.0,58.0,12.0,68,Evac Area 1
3,Vessel 1,3,Safe Area 1 Terminal,Evac Area 1 Ferry Terminal,58.0,72.0,72.0,82.0,12.0,0,None
4,Vessel 1,4,Evac Area 1 Ferry Terminal,Safe Area 1 Terminal,82.0,96.0,96.0,106.0,12.0,457,Evac Area 1
1,Vessel 1,1,Safe Area 1 Terminal,Evac Area 1 Ferry Terminal,120.0,134.0,134.0,144.0,12.0,0,None
2,Vessel 1,2,Evac Area 1 Ferry Terminal,Safe Area 1 Terminal,144.0,158.0,158.0,168.0,12.0,42,Evac Area 1
1,Vessel 2,1,Safe Area 2 Harbor,Evac Area 4 Beach,10.0,28.24000000000001,28.24000000000001,31.24000000000001,25.0,0,None
2,Vessel 2,2,Evac Area 4 Beach,Safe Area 3 Marina,31.24000000000001,49.24000000000001,49.24000000000001,52.24000000000001,25.0,11,Evac Area 4
3,Vessel 2,3,Safe Area 3 Marina,Evac Area 4 Dock,52.24000000000001,70.24,70.24,73.24,25.0,0,None
4,Vessel 2,4,Evac Area 4 Dock,Safe Area 3 Marina,73.24,91.24,91.24,94.24,25.0,12,Evac Area 4
1,Vessel 2,1,Safe Area 3 Marina,Evac Area 2 Marina,94.24,111.04,111.04,114.04,25.0,0,None
2,Vessel 2,2,Evac Area 2 Marina,Safe Area 2 Harbor,114.04,126.04,126.04,129.04,25.0,12,Evac Area 2
1,Vessel 2,1,Safe Area 2 Harbor,Evac Area 4 Beach,129.04,147.28,147.28,150.28,25.0,0,None
2,Vessel 2,2,Evac Area 4 Beach,Safe Area 3 Marina,150.28,168.27999999999997,168.27999999999997,171.27999999999997,25.0,12,Evac Area 4
3,Vessel 2,3,Safe Area 3 Marina,Evac Area 4 Beach,171.27999999999997,189.28,189.28,192.28,25.0,0,None
4,Vessel 2,4,Evac Area 4 Beach,Safe Area 3 Marina,192.28,210.28,210.28,213.28,25.0,12,Evac Area 4
1,Vessel 3,1,Safe Area 3 Marina,Evac Area 4 Beach,60.0,78.0,78.0,81.0,25.0,0,None
2,Vessel 3,2,Evac Area 4 Beach,Safe Area 2 Harbor,81.0,99.24,99.24,102.24,25.0,12,Evac Area 4
1,Vessel 3,1,Safe Area 2 Harbor,Evac Area 2 Marina,102.24,114.24,114.24,117.24,25.0,0,None
2,Vessel 3,2,Evac Area 2 Marina,Safe Area 2 Harbor,117.24,129.24,129.24,132.24,25.0,12,Evac Area 2
1,Vessel 3,1,Safe Area 2 Harbor,Evac Area 4 Beach,132.24,150.48000000000002,150.48000000000002,153.48000000000002,25.0,0,None
2,Vessel 3,2,Evac Area 4 Beach,Safe Area 3 Marina,153.48000000000002,171.48000000000002,171.48000000000002,174.48000000000002,25.0,12,Evac Area 4
3,Vessel 3,3,Safe Area 3 Marina,Evac Area 4 Dock,174.48000000000002,192.48,192.48,195.48,25.0,0,None
4,Vessel 3,4,Evac Area 4 Dock,Safe Area 3 Marina,195.48,213.48,213.48,216.48,25.0,12,Evac Area 4
1,Vessel 4,1,Safe Area 1 Terminal,Evac Area 4 Dock,10.0,31.599999999999994,31.599999999999994,36.599999999999994,25.0,0,None
2,Vessel 4,2,Evac Area 4 Dock,Safe Area 3 Marina,36.599999999999994,54.599999999999994,54.599999999999994,59.599999999999994,25.0,38,Evac Area 4
3,Vessel 4,3,Safe Area 3 Marina,Evac Area 4 Dock,59.599999999999994,77.6,77.6,82.6,25.0,0,None
4,Vessel 4,4,Evac Area 4 Dock,Safe Area 3 Marina,82.6,100.6,100.6,105.6,25.0,38,Evac Area 4
1,Vessel 4,1,Safe Area 3 Marina,Evac Area 2 Marina,105.6,122.4,122.4,127.4,25.0,0,None
2,Vessel 4,2,Evac Area 2 Marina,Safe Area 2 Harbor,127.4,139.39999999999998,139.39999999999998,144.39999999999998,25.0,38,Evac Area 2
1,Vessel 4,1,Safe Area 2 Harbor,Evac Area 4 Dock,144.39999999999998,162.64,162.64,167.64,25.0,0,None
2,Vessel 4,2,Evac Area 4 Dock,Safe Area 3 Marina,167.64,185.64,185.64,190.64,25.0,37,Evac Area 4
1,Vessel 5,1,Safe Area 1 Terminal,Evac Area 4 Dock,30.0,60.0,60.0,70.0,18.0,0,None
2,Vessel 5,2,Evac Area 4 Dock,Safe Area 3 Marina,70.0,95.0,95.0,105.0,18.0,120,Evac Area 4
1,Vessel 5,1,Safe Area 3 Marina,Evac Area 2 Marina,105.0,128.33333333333331,128.33333333333331,138.33333333333331,18.0,0,None
2,Vessel 5,2,Evac Area 2 Marina,Safe Area 2 Harbor,138.33333333333331,155.0,155.0,165.0,18.0,120,Evac Area 2
1,Vessel 5,1,Safe Area 2 Harbor,Evac Area 2 Marina,165.0,181.66666666666669,181.66666666666669,191.66666666666669,18.0,0,None
2,Vessel 5,2,Evac Area 2 Marina,Safe Area 2 Harbor,191.66666666666669,208.33333333333331,208.33333333333331,218.33333333333331,18.0,33,Evac Area 2
1,Vessel 6,1,Safe Area 1 Terminal,Evac Area 4 Dock,30.0,51.599999999999994,51.599999999999994,54.599999999999994,25.0,0,None
2,Vessel 6,2,Evac Area 4 Dock,Safe Area 3 Marina,54.599999999999994,72.6,72.6,75.6,25.0,12,Evac Area 4
1,Vessel 6,1,Safe Area 3 Marina,Evac Area 2 Marina,75.6,92.4,92.4,95.4,25.0,0,None
2,Vessel 6,2,Evac Area 2 Marina,Safe Area 2 Harbor,95.4,107.4,107.4,110.4,25.0,12,Evac Area 2
3,Vessel 6,3,Safe Area 2 Harbor,Evac Area 2 Marina,110.4,122.4,122.4,125.4,25.0,0,None
4,Vessel 6,4,Evac Area 2 Marina,Safe Area 2 Harbor,125.4,137.39999999999998,137.39999999999998,140.39999999999998,25.0,12,Evac Area 2
1,Vessel 6,1,Safe Area 2 Harbor,Evac Area 4 Beach,140.39999999999998,158.64,158.64,161.64,25.0,0,None
2,Vessel 6,2,Evac Area 4 Beach,Safe Area 3 Marina,161.64,179.64,179.64,182.64,25.0,12,Evac Area 4
1,Vessel 2,1,Safe Area 3 Marina,Evac Area 3 Dock,213.28,224.07999999999998,224.07999999999998,227.07999999999998,25.0,0,None
2,Vessel 2,2,Evac Area 3 Dock,Safe Area 3 Marina,227.07999999999998,237.88,237.88,240.88,25.0,12,Evac Area 3
3,Vessel 2,3,Safe Area 3 Marina,Evac Area 2 Marina,240.88,257.68,257.68,260.68,25.0,0,None
4,Vessel 2,4,Evac Area 2 Marina,Safe Area 2 Harbor,260.68,272.68,272.68,275.68,25.0,12,Evac Area 2
5,Vessel 2,5,Safe Area 2 Harbor,Evac Area 2 Marina,275.68,287.68,287.68,290.68,25.0,0,None
6,Vessel 2,6,Evac Area 2 Marina,Safe Area 2 Harbor,290.68,302.68,302.68,305.68,25.0,12,Evac Area 2
7,Vessel 2,7,Safe Area 2 Harbor,Evac Area 2 Marina,305.68,317.68,317.68,320.68,25.0,0,None
8,Vessel 2,8,Evac Area 2 Marina,Safe Area 2 Harbor,320.68,332.68,332.68,335.68,25.0,12,Evac Area 2
9,Vessel 2,9,Safe Area 2 Harbor,Evac Area 2 Marina,335.68,347.68,347.68,350.68,25.0,0,None
10,Vessel 2,10,Evac Area 2 Marina,Safe Area 2 Harbor,350.68,362.68,362.68,365.68,25.0,12,Evac Area 2
11,Vessel 2,11,Safe Area 2 Harbor,Evac Area 2 Marina,365.68,377.68,377.68,380.68,25.0,0,None
12,Vessel 2,12,Evac Area 2 Marina,Safe Area 2 Harbor,380.68,392.68,392.68,395.68,25.0,12,Evac Area 2
13,Vessel 2,13,Safe Area 2 Harbor,Evac Area 2 Marina,395.68,407.68,407.68,410.68,25.0,0,None
14,Vessel 2,14,Evac Area 2 Marina,Safe Area 2 Harbor,410.68,422.68,422.68,425.68,25.0,12,Evac Area 2
1,Vessel 3,1,Safe Area 3 Marina,Evac Area 3 Dock,216.48,227.27999999999997,227.27999999999997,230.27999999999997,25.0,0,None
2,Vessel 3,2,Evac Area 3 Dock,Safe Area 3 Marina,230.27999999999997,241.07999999999998,241.07999999999998,244.07999999999998,25.0,10,Evac Area 3
3,Vessel 3,3,Safe Area 3 Marina,Evac Area 3 Dock,244.07999999999998,254.88,254.88,257.88,25.0,0,None
4,Vessel 3,4,Evac Area 3 Dock,Safe Area 3 Marina,257.88,268.67999999999995,268.67999999999995,271.67999999999995,25.0,12,Evac Area 3
5,Vessel 3,5,Safe Area 3 Marina,Evac Area 2 Marina,271.67999999999995,288.47999999999996,288.47999999999996,291.47999999999996,25.0,0,None
6,Vessel 3,6,Evac Area 2 Marina,Safe Area 2 Harbor,291.47999999999996,303.47999999999996,303.47999999999996,306.47999999999996,25.0,12,Evac Area 2
7,Vessel 3,7,Safe Area 2 Harbor,Evac Area 2 Marina,306.47999999999996,318.47999999999996,318.47999999999996,321.47999999999996,25.0,0,None
8,Vessel 3,8,Evac Area 2 Marina,Safe Area 2 Harbor,321.47999999999996,333.47999999999996,333.47999999999996,336.47999999999996,25.0,12,Evac Area 2
9,Vessel 3,9,Safe Area 2 Harbor,Evac Area 2 Marina,336.47999999999996,348.47999999999996,348.47999999999996,351.47999999999996,25.0,0,None
10,Vessel 3,10,Evac Area 2 Marina,Safe Area 2 Harbor,351.47999999999996,363.47999999999996,363.47999999999996,366.47999999999996,25.0,12,Evac Area 2
11,Vessel 3,11,Safe Area 2 Harbor,Evac Area 2 Marina,366.47999999999996,378.47999999999996,378.47999999999996,381.47999999999996,25.0,0,None
12,Vessel 3,12,Evac Area 2 Marina,Safe Area 2 Harbor,381.47999999999996,393.47999999999996,393.47999999999996,396.47999999999996,25.0,12,Evac Area 2
13,Vessel 3,13,Safe Area 2 Harbor,Evac Area 2 Marina,396.47999999999996,408.47999999999996,408.47999999999996,411.47999999999996,25.0,0,None
14,Vessel 3,14,Evac Area 2 Marina,Safe Area 2 Harbor,411.47999999999996,423.47999999999996,423.47999999999996,426.47999999999996,25.0,12,Evac Area 2
1,Vessel 4,1,Safe Area 3 Marina,Evac Area 2 Marina,190.64,207.44,207.44,212.44,25.0,0,None
2,Vessel 4,2,Evac Area 2 Marina,Safe Area 2 Harbor,212.44,224.44,224.44,229.44,25.0,38,Evac Area 2
3,Vessel 4,3,Safe Area 2 Harbor,Evac Area 2 Marina,229.44,241.44,241.44,246.44,25.0,0,None
4,Vessel 4,4,Evac Area 2 Marina,Safe Area 2 Harbor,246.44,258.44,258.44,263.44,25.0,38,Evac Area 2
5,Vessel 4,5,Safe Area 2 Harbor,Evac Area 2 Marina,263.44,275.44,275.44,280.44,25.0,0,None
6,Vessel 4,6,Evac Area 2 Marina,Safe Area 2 Harbor,280.44,292.44,292.44,297.44,25.0,38,Evac Area 2
7,Vessel 4,7,Safe Area 2 Harbor,Evac Area 2 Marina,297.44,309.44,309.44,314.44,25.0,0,None
8,Vessel 4,8,Evac Area 2 Marina,Safe Area 2 Harbor,314.44,326.44,326.44,331.44,25.0,38,Evac Area 2
9,Vessel 4,9,Safe Area 2 Harbor,Evac Area 2 Marina,331.44,343.44,343.44,348.44,25.0,0,None
10,Vessel 4,10,Evac Area 2 Marina,Safe Area 2 Harbor,348.44,360.44,360.44,365.44,25.0,38,Evac Area 2
11,Vessel 4,11,Safe Area 2 Harbor,Evac Area 2 Marina,365.44,377.44,377.44,382.44,25.0,0,None
12,Vessel 4,12,Evac Area 2 Marina,Safe Area 2 Harbor,382.44,394.44,394.44,399.44,25.0,38,Evac Area 2
1,Vessel 5,1,Safe Area 2 Harbor,Evac Area 2 Marina,218.33333333333331,235.0,235.0,245.0,18.0,0,None
2,Vessel 5,2,Evac Area 2 Marina,Safe Area 2 Harbor,245.0,261.66666666666663,261.66666666666663,271.66666666666663,18.0,120,Evac Area 2
3,Vessel 5,3,Safe Area 2 Harbor,Evac Area 2 Marina,271.66666666666663,288.3333333333333,288.3333333333333,298.3333333333333,18.0,0,None
4,Vessel 5,4,Evac Area 2 Marina,Safe Area 2 Harbor,298.3333333333333,315.0,315.0,325.0,18.0,120,Evac Area 2
5,Vessel 5,5,Safe Area 2 Harbor,Evac Area 2 Marina,325.0,341.66666666666663,341.66666666666663,351.66666666666663,18.0,0,None
6,Vessel 5,6,Evac Area 2 Marina,Safe Area 2 Harbor,351.66666666666663,368.3333333333333,368.3333333333333,378.3333333333333,18.0,120,Evac Area 2
1,Vessel 6,1,Safe Area 3 Marina,Evac Area 2 Marina,182.64,199.44,199.44,202.44,25.0,0,None
2,Vessel 6,2,Evac Area 2 Marina,Safe Area 2 Harbor,202.44,214.44,214.44,217.44,25.0,12,Evac Area 2
3,Vessel 6,3,Safe Area 2 Harbor,Evac Area 2 Marina,217.44,229.44,229.44,232.44,25.0,0,None
4,Vessel 6,4,Evac Area 2 Marina,Safe Area 2 Harbor,232.44,244.44,244.44,247.44,25.0,12,Evac Area 2
5,Vessel 6,5,Safe Area 2 Harbor,Evac Area 2 Marina,247.44,259.44,259.44,262.44,25.0,0,None
6,Vessel 6,6,Evac Area 2 Marina,Safe Area 2 Harbor,262.44,274.44,274.44,277.44,25.0,12,Evac Area 2
7,Vessel 6,7,Safe Area 2 Harbor,Evac Area 2 Marina,277.44,289.44,289.44,292.44,25.0,0,None
8,Vessel 6,8,Evac Area 2 Marina,Safe Area 2 Harbor,292.44,304.44,304.44,307.44,25.0,12,Evac Area 2
9,Vessel 6,9,Safe Area 2 Harbor,Evac Area 2 Marina,307.44,319.44,319.44,322.44,25.0,0,None
10,Vessel 6,10,Evac Area 2 Marina,Safe Area 2 Harbor,322.44,334.44,334.44,337.44,25.0,6,Evac Area 2
11,Vessel 6,11,Safe Area 2 Harbor,Evac Area 2 Marina,337.44,349.44,349.44,352.44,25.0,0,None
12,Vessel 6,12,Evac Area 2 Marina,Safe Area 2 Harbor,352.44,364.44,364.44,367.44,25.0,12,Evac Area 2
13,Vessel 6,13,Safe Area 2 Harbor,Evac Area 2 Marina,367.44,379.44,379.44,382.44,25.0,0,None
14,Vessel 6,14,Evac Area 2 Marina,Safe Area 2 Harbor,382.44,394.44,394.44,397.44,25.0,12,Evac Area 2
15,Vessel 6,15,Safe Area 2 Harbor,Evac Area 2 Marina,397.44,409.44,409.44,412.44,25.0,0,None
16,Vessel 6,16,Evac Area 2 Marina,Safe Area 2 Harbor,412.44,424.44,424.44,427.44,25.0,12,Evac Area 2
