segment_id,resource_id,route_segment_id,origin,destination,route_start_time,route_end_time,load_start_time,load_end_time,resource_speed,evacuees,evacuated_location
1,Vessel 1,1,Safe Area 1 Terminal,Evac Area 1 Ferry Terminal,30.0,44.0,44.0,54.0,12.0,0,None
2,Vessel 1,2,Evac Area 1 Ferry Terminal,Safe Area 1 Terminal,54.0,68.0,68.0,78.0,12.0,356,Evac Area 1
1,Vessel 1,1,Safe Area 1 Terminal,Evac Area 1 Ferry Terminal,78.0,92.0,92.0,102.0,12.0,0,None
2,Vessel 1,2,Evac Area 1 Ferry Terminal,Safe Area 1 Terminal,102.0,116.0,116.0,126.0,12.0,75,Evac Area 1
1,Vessel 1,1,Safe Area 1 Terminal,Evac Area 1 Ferry Terminal,126.0,140.0,140.0,150.0,12.0,0,None
2,Vessel 1,2,Evac Area 1 Ferry Terminal,Safe Area 1 Terminal,150.0,164.0,164.0,174.0,12.0,8,Evac Area 1
1,Vessel 2,1,Safe Area 2 Harbor,Evac Area 4 Dock,10.0,28.24000000000001,28.24000000000001,31.24000000000001,25.0,0,None
2,Vessel 2,2,Evac Area 4 Dock,Safe Area 3 Marina,31.24000000000001,49.24000000000001,49.24000000000001,52.24000000000001,25.0,10,Evac Area 4
1,Vessel 2,1,Safe Area 3 Marina,Evac Area 3 Dock,52.24000000000001,63.03999999999999,63.03999999999999,66.03999999999999,25.0,0,None
2,Vessel 2,2,Evac Area 3 Dock,Safe Area 3 Marina,66.03999999999999,76.84,76.84,79.84,25.0,11,Evac Area 3
1,Vessel 2,1,Safe Area 3 Marina,Evac Area 4 Dock,79.84,97.84,97.84,100.84,25.0,0,None
2,Vessel 2,2,Evac Area 4 Dock,Safe Area 2 Harbor,100.84,119.08,119.08,122.08,25.0,12,Evac Area 4
1,Vessel 2,1,Safe Area 2 Harbor,Evac Area 4 Beach,122.08,140.32,140.32,143.32,25.0,0,None
2,Vessel 2,2,Evac Area 4 Beach,Safe Area 3 Marina,143.32,161.32,161.32,164.32,25.0,12,Evac Area 4
1,Vessel 2,1,Safe Area 3 Marina,Evac Area 3 Dock,164.32,175.12,175.12,178.12,25.0,0,None
2,Vessel 2,2,Evac Area 3 Dock,Safe Area 1 Terminal,178.12,190.12,190.12,193.12,25.0,12,Evac Area 3
1,Vessel 3,1,Safe Area 3 Marina,Evac Area 4 Dock,60.0,78.0,78.0,81.0,25.0,0,None
2,Vessel 3,2,Evac Area 4 Dock,Safe Area 2 Harbor,81.0,99.24,99.24,102.24,25.0,12,Evac Area 4
1,Vessel 3,1,Safe Area 2 Harbor,Evac Area 2 Marina,102.24,114.24,114.24,117.24,25.0,0,None
2,Vessel 3,2,Evac Area 2 Marina,Safe Area 2 Harbor,117.24,129.24,129.24,132.24,25.0,12,Evac Area 2
1,Vessel 3,1,Safe Area 2 Harbor,Evac Area 4 Dock,132.24,150.48000000000002,150.48000000000002,153.48000000000002,25.0,0,None
2,Vessel 3,2,Evac Area 4 Dock,Safe Area 3 Marina,153.48000000000002,171.48000000000002,171.48000000000002,174.48000000000002,25.0,12,Evac Area 4
1,Vessel 3,1,Safe Area 3 Marina,Evac Area 3 Dock,174.48000000000002,185.28000000000003,185.28000000000003,188.28000000000003,25.0,0,None
2,Vessel 3,2,Evac Area 3 Dock,Safe Area 3 Marina,188.28000000000003,199.08,199.08,202.08,25.0,12,Evac Area 3
1,Vessel 4,1,Safe Area 1 Terminal,Evac Area 3 Dock,10.0,22.0,22.0,27.0,25.0,0,None
2,Vessel 4,2,Evac Area 3 Dock,Safe Area 3 Marina,27.0,37.80000000000001,37.80000000000001,42.80000000000001,25.0,38,Evac Area 3
1,Vessel 4,1,Safe Area 3 Marina,Evac Area 3 Dock,42.80000000000001,53.599999999999994,53.599999999999994,58.599999999999994,25.0,0,None
2,Vessel 4,2,Evac Area 3 Dock,Safe Area 3 Marina,58.599999999999994,69.39999999999999,69.39999999999999,74.39999999999999,25.0,38,Evac Area 3
1,Vessel 4,1,Safe Area 3 Marina,Evac Area 3 Dock,74.39999999999999,85.19999999999999,85.19999999999999,90.2,25.0,0,None
2,Vessel 4,2,Evac Area 3 Dock,Safe Area 3 Marina,90.2,101.0,101.0,106.0,25.0,38,Evac Area 3
1,Vessel 4,1,Safe Area 3 Marina,Evac Area 4 Dock,106.0,124.0,124.0,129.0,25.0,0,None
2,Vessel 4,2,Evac Area 4 Dock,Safe Area 2 Harbor,129.0,147.24,147.24,152.24,25.0,38,Evac Area 4
1,Vessel 4,1,Safe Area 2 Harbor,Evac Area 2 Marina,152.24,164.24,164.24,169.24,25.0,0,None
2,Vessel 4,2,Evac Area 2 Marina,Safe Area 2 Harbor,169.24,181.24,181.24,186.24,25.0,38,Evac Area 2
1,Vessel 5,1,Safe Area 1 Terminal,Evac Area 3 Dock,30.0,46.666666666666686,46.666666666666686,56.66666666666667,18.0,0,None
2,Vessel 5,2,Evac Area 3 Dock,Safe Area 3 Marina,56.66666666666667,71.66666666666667,71.66666666666667,81.66666666666667,18.0,120,Evac Area 3
1,Vessel 5,1,Safe Area 3 Marina,Evac Area 4 Dock,81.66666666666667,106.66666666666669,106.66666666666669,116.66666666666669,18.0,0,None
2,Vessel 5,2,Evac Area 4 Dock,Safe Area 3 Marina,116.66666666666669,141.66666666666669,141.66666666666669,151.66666666666669,18.0,120,Evac Area 4
1,Vessel 5,1,Safe Area 3 Marina,Evac Area 2 Marina,151.66666666666669,175.00000000000003,175.00000000000003,185.0,18.0,0,None
2,Vessel 5,2,Evac Area 2 Marina,Safe Area 2 Harbor,185.0,201.66666666666669,201.66666666666669,211.66666666666669,18.0,120,Evac Area 2
1,Vessel 6,1,Safe Area 1 Terminal,Evac Area 3 Dock,30.0,42.0,42.0,45.0,25.0,0,None
2,Vessel 6,2,Evac Area 3 Dock,Safe Area 3 Marina,45.0,55.8,55.8,58.8,25.0,12,Evac Area 3
1,Vessel 6,1,Safe Area 3 Marina,Evac Area 4 Beach,58.8,76.8,76.8,79.8,25.0,0,None
2,Vessel 6,2,Evac Area 4 Beach,Safe Area 3 Marina,79.8,97.8,97.8,100.8,25.0,12,Evac Area 4
1,Vessel 6,1,Safe Area 3 Marina,Evac Area 3 Dock,100.8,111.6,111.6,114.6,25.0,0,None
2,Vessel 6,2,Evac Area 3 Dock,Safe Area 3 Marina,114.6,125.4,125.4,128.39999999999998,25.0,12,Evac Area 3
1,Vessel 6,1,Safe Area 3 Marina,Evac Area 4 Beach,128.39999999999998,146.39999999999998,146.39999999999998,149.39999999999998,25.0,0,None
2,Vessel 6,2,Evac Area 4 Beach,Safe Area 3 Marina,149.39999999999998,167.39999999999998,167.39999999999998,170.39999999999998,25.0,12,Evac Area 4
1,Vessel 6,1,Safe Area 3 Marina,Evac Area 3 Dock,170.39999999999998,181.2,181.2,184.2,25.0,0,None
2,Vessel 6,2,Evac Area 3 Dock,Safe Area 1 Terminal,184.2,196.2,196.2,199.2,25.0,12,Evac Area 3
1,Vessel 1,1,Safe Area 1 Terminal,Evac Area 1 Ferry Terminal,180.0,194.0,194.0,204.0,12.0,0,None
2,Vessel 1,2,Evac Area 1 Ferry Terminal,Safe Area 1 Terminal,204.0,218.0,218.0,228.0,12.0,136,Evac Area 1
1,Vessel 2,1,Safe Area 1 Terminal,Evac Area 3 Dock,193.12,205.12,205.12,208.12,25.0,0,None
2,Vessel 2,2,Evac Area 3 Dock,Safe Area 3 Marina,208.12,218.92000000000002,218.92000000000002,221.92000000000002,25.0,12,Evac Area 3
3,Vessel 2,3,Safe Area 3 Marina,Evac Area 3 Dock,221.92000000000002,232.72,232.72,235.72,25.0,0,None
4,Vessel 2,4,Evac Area 3 Dock,Safe Area 3 Marina,235.72,246.51999999999998,246.51999999999998,249.51999999999998,25.0,12,Evac Area 3
5,Vessel 2,5,Safe Area 3 Marina,Evac Area 3 Dock,249.51999999999998,260.32,260.32,263.32,25.0,0,None
6,Vessel 2,6,Evac Area 3 Dock,Safe Area 3 Marina,263.32,274.12,274.12,277.12,25.0,12,Evac Area 3
7,Vessel 2,7,Safe Area 3 Marina,Evac Area 3 Dock,277.12,287.91999999999996,287.91999999999996,290.91999999999996,25.0,0,None
8,Vessel 2,8,Evac Area 3 Dock,Safe Area 3 Marina,290.91999999999996,301.71999999999997,301.71999999999997,304.71999999999997,25.0,12,Evac Area 3
9,Vessel 2,9,Safe Area 3 Marina,Evac Area 4 Dock,304.71999999999997,322.71999999999997,322.71999999999997,325.71999999999997,25.0,0,None
10,Vessel 2,10,Evac Area 4 Dock,Safe Area 3 Marina,325.71999999999997,343.71999999999997,343.71999999999997,346.71999999999997,25.0,12,Evac Area 4
1,Vessel 3,1,Safe Area 3 Marina,Evac Area 4 Beach,202.08,220.08,220.08,223.08,25.0,0,None
2,Vessel 3,2,Evac Area 4 Beach,Safe Area 3 Marina,223.08,241.08,241.08,244.08,25.0,12,Evac Area 4
3,Vessel 3,3,Safe Area 3 Marina,Evac Area 4 Dock,244.08,262.08000000000004,262.08000000000004,265.08000000000004,25.0,0,None
4,Vessel 3,4,Evac Area 4 Dock,Safe Area 3 Marina,265.08000000000004,283.08000000000004,283.08000000000004,286.08000000000004,25.0,12,Evac Area 4
5,Vessel 3,5,Safe Area 3 Marina,Evac Area 3 Dock,286.08000000000004,296.88,296.88,299.88,25.0,0,None
6,Vessel 3,6,Evac Area 3 Dock,Safe Area 3 Marina,299.88,310.68,310.68,313.68,25.0,12,Evac Area 3
7,Vessel 3,7,Safe Area 3 Marina,Evac Area 4 Dock,313.68,331.68,331.68,334.68,25.0,0,None
8,Vessel 3,8,Evac Area 4 Dock,Safe Area 2 Harbor,334.68,352.92,352.92,355.92,25.0,12,Evac Area 4
1,Vessel 4,1,Safe Area 2 Harbor,Evac Area 2 Marina,186.24,198.24,198.24,203.24,25.0,0,None
2,Vessel 4,2,Evac Area 2 Marina,Safe Area 2 Harbor,203.24,215.24,215.24,220.24,25.0,38,Evac Area 2
3,Vessel 4,3,Safe Area 2 Harbor,Evac Area 2 Marina,220.24,232.24,232.24,237.24,25.0,0,None
4,Vessel 4,4,Evac Area 2 Marina,Safe Area 2 Harbor,237.24,249.24,249.24,254.24,25.0,38,Evac Area 2
5,Vessel 4,5,Safe Area 2 Harbor,Evac Area 4 Dock,254.24,272.48,272.48,277.48,25.0,0,None
6,Vessel 4,6,Evac Area 4 Dock,Safe Area 3 Marina,277.48,295.48,295.48,300.48,25.0,38,Evac Area 4
7,Vessel 4,7,Safe Area 3 Marina,Evac Area 4 Dock,300.48,318.48,318.48,323.48,25.0,0,None
8,Vessel 4,8,Evac Area 4 Dock,Safe Area 3 Marina,323.48,341.48,341.48,346.48,25.0,38,Evac Area 4
1,Vessel 5,1,Safe Area 2 Harbor,Evac Area 2 Marina,211.66666666666669,228.33333333333337,228.33333333333337,238.33333333333337,18.0,0,None
2,Vessel 5,2,Evac Area 2 Marina,Safe Area 3 Marina,238.33333333333337,261.6666666666667,261.6666666666667,271.6666666666667,18.0,120,Evac Area 2
3,Vessel 5,3,Safe Area 3 Marina,Evac Area 3 Dock,271.6666666666667,286.6666666666667,286.6666666666667,296.6666666666667,18.0,0,None
4,Vessel 5,4,Evac Area 3 Dock,Safe Area 3 Marina,296.6666666666667,311.6666666666667,311.6666666666667,321.6666666666667,18.0,120,Evac Area 3
5,Vessel 5,5,Safe Area 3 Marina,Evac Area 3 Dock,321.6666666666667,336.6666666666667,336.6666666666667,346.6666666666667,18.0,0,None
6,Vessel 5,6,Evac Area 3 Dock,Safe Area 3 Marina,346.6666666666667,361.6666666666667,361.6666666666667,371.6666666666667,18.0,120,Evac Area 3
1,Vessel 6,1,Safe Area 1 Terminal,Evac Area 3 Dock,199.2,211.2,211.2,214.2,25.0,0,None
2,Vessel 6,2,Evac Area 3 Dock,Safe Area 3 Marina,214.2,225.0,225.0,228.0,25.0,12,Evac Area 3
3,Vessel 6,3,Safe Area 3 Marina,Evac Area 4 Beach,228.0,246.0,246.0,249.0,25.0,0,None
4,Vessel 6,4,Evac Area 4 Beach,Safe Area 2 Harbor,249.0,267.24,267.24,270.24,25.0,12,Evac Area 4
5,Vessel 6,5,Safe Area 2 Harbor,Evac Area 4 Beach,270.24,288.47999999999996,288.47999999999996,291.47999999999996,25.0,0,None
6,Vessel 6,6,Evac Area 4 Beach,Safe Area 3 Marina,291.47999999999996,309.47999999999996,309.47999999999996,312.47999999999996,25.0,3,Evac Area 4
7,Vessel 6,7,Safe Area 3 Marina,Evac Area 3 Dock,312.47999999999996,323.28,323.28,326.28,25.0,0,None
8,Vessel 6,8,Evac Area 3 Dock,Safe Area 3 Marina,326.28,337.08,337.08,340.08,25.0,12,Evac Area 3
9,Vessel 6,9,Safe Area 3 Marina,Evac Area 3 Dock,340.08,350.88,350.88,353.88,25.0,0,None
10,Vessel 6,10,Evac Area 3 Dock,Safe Area 3 Marina,353.88,364.68,364.68,367.68,25.0,4,Evac Area 3
