segment_id,resource_id,route_segment_id,origin,destination,route_start_time,route_end_time,load_start_time,load_end_time,resource_speed,evacuees,evacuated_location
1,Vessel 1,1,Safe Area 1 Terminal,Evac Area 1 Ferry Terminal,10.0,24.0,24.0,34.0,12.0,0,None
2,Vessel 1,2,Evac Area 1 Ferry Terminal,Safe Area 1 Terminal,34.0,48.0,48.0,58.0,12.0,289,Evac Area 1
1,Vessel 2,1,Safe Area 2 Harbor,Evac Area 4 Dock,10.0,28.24,28.24,31.24,25.0,0,None
2,Vessel 2,2,Evac Area 4 Dock,Safe Area 3 Marina,31.24,49.24,49.24,52.24,25.0,10,Evac Area 4
3,Vessel 2,3,Safe Area 3 Marina,Evac Area 3 Dock,52.24,63.03999999999999,63.03999999999999,66.03999999999999,25.0,0,None
4,Vessel 2,4,Evac Area 3 Dock,Safe Area 3 Marina,66.03999999999999,76.83999999999999,76.83999999999999,79.83999999999999,25.0,12,Evac Area 3
1,Vessel 3,1,Safe Area 3 Marina,Evac Area 4 Beach,60.0,78.0,78.0,81.0,25.0,0,None
2,Vessel 3,2,Evac Area 4 Beach,Safe Area 2 Harbor,81.0,99.24,99.24,102.24,25.0,12,Evac Area 4
1,Vessel 4,1,Safe Area 1 Terminal,Evac Area 3 Dock,10.0,22.0,22.0,27.0,25.0,0,None
2,Vessel 4,2,Evac Area 3 Dock,Safe Area 3 Marina,27.0,37.8,37.8,42.8,25.0,32,Evac Area 3
3,Vessel 4,3,Safe Area 3 Marina,Evac Area 4 Dock,42.8,60.8,60.8,65.8,25.0,0,None
4,Vessel 4,4,Evac Area 4 Dock,Safe Area 2 Harbor,65.8,84.03999999999999,84.03999999999999,89.03999999999999,25.0,38,Evac Area 4
1,Vessel 5,1,Safe Area 1 Terminal,Evac Area 3 Dock,30.0,46.66666666666667,46.66666666666667,56.66666666666667,18.0,0,None
2,Vessel 5,2,Evac Area 3 Dock,Safe Area 3 Marina,56.66666666666667,71.66666666666667,71.66666666666667,81.66666666666667,18.0,120,Evac Area 3
1,Vessel 6,1,Safe Area 1 Terminal,Evac Area 3 Dock,30.0,42.0,42.0,45.0,25.0,0,None
2,Vessel 6,2,Evac Area 3 Dock,Safe Area 3 Marina,45.0,55.8,55.8,58.8,25.0,12,Evac Area 3
3,Vessel 6,3,Safe Area 3 Marina,Evac Area 4 Beach,58.8,76.8,76.8,79.8,25.0,0,None
4,Vessel 6,4,Evac Area 4 Beach,Safe Area 2 Harbor,79.8,98.04,98.04,101.04,25.0,12,Evac Area 4
1,Vessel 1,1,Safe Area 1 Terminal,Evac Area 1 Ferry Terminal,60.0,74.0,74.0,84.0,12.0,0,None
2,Vessel 1,2,Evac Area 1 Ferry Terminal,Safe Area 1 Terminal,84.0,98.0,98.0,108.0,12.0,82,Evac Area 1
1,Vessel 2,1,Safe Area 3 Marina,Evac Area 4 Beach,79.83999999999999,97.83999999999999,97.83999999999999,100.83999999999999,25.0,0,None
2,Vessel 2,2,Evac Area 4 Beach,Safe Area 2 Harbor,100.83999999999999,119.07999999999998,119.07999999999998,122.07999999999998,25.0,12,Evac Area 4
3,Vessel 2,3,Safe Area 2 Harbor,Evac Area 4 Dock,122.07999999999998,140.32,140.32,143.32,25.0,0,None
4,Vessel 2,4,Evac Area 4 Dock,Safe Area 2 Harbor,143.32,161.55999999999997,161.55999999999997,164.55999999999997,25.0,12,Evac Area 4
5,Vessel 2,5,Safe Area 2 Harbor,Evac Area 3 Dock,164.55999999999997,183.76,183.76,186.76,25.0,0,None
6,Vessel 2,6,Evac Area 3 Dock,Safe Area 3 Marina,186.76,197.55999999999997,197.55999999999997,200.55999999999997,25.0,12,Evac Area 3
7,Vessel 2,7,Safe Area 3 Marina,Evac Area 3 Dock,200.55999999999997,211.35999999999999,211.35999999999999,214.35999999999999,25.0,0,None
8,Vessel 2,8,Evac Area 3 Dock,Safe Area 3 Marina,214.35999999999999,225.16,225.16,228.16,25.0,12,Evac Area 3
9,Vessel 2,9,Safe Area 3 Marina,Evac Area 4 Beach,228.16,246.16,246.16,249.16,25.0,0,None
10,Vessel 2,10,Evac Area 4 Beach,Safe Area 2 Harbor,249.16,267.4,267.4,270.4,25.0,12,Evac Area 4
11,Vessel 2,11,Safe Area 2 Harbor,Evac Area 4 Dock,270.4,288.64,288.64,291.64,25.0,0,None
12,Vessel 2,12,Evac Area 4 Dock,Safe Area 2 Harbor,291.64,309.88,309.88,312.88,25.0,12,Evac Area 4
13,Vessel 2,13,Safe Area 2 Harbor,Evac Area 3 Dock,312.88,332.08000000000004,332.08000000000004,335.08000000000004,25.0,0,None
14,Vessel 2,14,Evac Area 3 Dock,Safe Area 3 Marina,335.08000000000004,345.88000000000005,345.88000000000005,348.88000000000005,25.0,12,Evac Area 3
15,Vessel 2,15,Safe Area 3 Marina,Evac Area 3 Dock,348.88000000000005,359.68000000000006,359.68000000000006,362.68000000000006,25.0,0,None
16,Vessel 2,16,Evac Area 3 Dock,Safe Area 1 Terminal,362.68000000000006,374.68000000000006,374.68000000000006,377.68000000000006,25.0,12,Evac Area 3
17,Vessel 2,17,Safe Area 1 Terminal,Evac Area 4 Dock,377.68000000000006,399.2800000000001,399.2800000000001,402.2800000000001,25.0,0,None
18,Vessel 2,18,Evac Area 4 Dock,Safe Area 3 Marina,402.2800000000001,420.2800000000001,420.2800000000001,423.2800000000001,25.0,12,Evac Area 4
19,Vessel 2,19,Safe Area 3 Marina,Evac Area 3 Dock,423.2800000000001,434.0800000000001,434.0800000000001,437.0800000000001,25.0,0,None
20,Vessel 2,20,Evac Area 3 Dock,Safe Area 3 Marina,437.0800000000001,447.8800000000001,447.8800000000001,450.8800000000001,25.0,11,Evac Area 3
1,Vessel 3,1,Safe Area 2 Harbor,Evac Area 2 Marina,102.24,114.24,114.24,117.24,25.0,0,None
2,Vessel 3,2,Evac Area 2 Marina,Safe Area 2 Harbor,117.24,129.24,129.24,132.24,25.0,12,Evac Area 2
3,Vessel 3,3,Safe Area 2 Harbor,Evac Area 4 Beach,132.24,150.48,150.48,153.48,25.0,0,None
4,Vessel 3,4,Evac Area 4 Beach,Safe Area 3 Marina,153.48,171.48,171.48,174.48,25.0,12,Evac Area 4
5,Vessel 3,5,Safe Area 3 Marina,Evac Area 4 Beach,174.48,192.48,192.48,195.48,25.0,0,None
6,Vessel 3,6,Evac Area 4 Beach,Safe Area 3 Marina,195.48,213.48,213.48,216.48,25.0,12,Evac Area 4
7,Vessel 3,7,Safe Area 3 Marina,Evac Area 4 Beach,216.48,234.48,234.48,237.48,25.0,0,None
8,Vessel 3,8,Evac Area 4 Beach,Safe Area 3 Marina,237.48,255.48,255.48,258.48,25.0,12,Evac Area 4
9,Vessel 3,9,Safe Area 3 Marina,Evac Area 3 Dock,258.48,269.28,269.28,272.28,25.0,0,None
10,Vessel 3,10,Evac Area 3 Dock,Safe Area 3 Marina,272.28,283.08000000000004,283.08000000000004,286.08000000000004,25.0,12,Evac Area 3
11,Vessel 3,11,Safe Area 3 Marina,Evac Area 4 Beach,286.08000000000004,304.08000000000004,304.08000000000004,307.08000000000004,25.0,0,None
12,Vessel 3,12,Evac Area 4 Beach,Safe Area 2 Harbor,307.08000000000004,325.32,325.32,328.32,25.0,12,Evac Area 4
13,Vessel 3,13,Safe Area 2 Harbor,Evac Area 2 Marina,328.32,340.32,340.32,343.32,25.0,0,None
14,Vessel 3,14,Evac Area 2 Marina,Safe Area 2 Harbor,343.32,355.32,355.32,358.32,25.0,12,Evac Area 2
15,Vessel 3,15,Safe Area 2 Harbor,Evac Area 2 Marina,358.32,370.32,370.32,373.32,25.0,0,None
16,Vessel 3,16,Evac Area 2 Marina,Safe Area 2 Harbor,373.32,385.32,385.32,388.32,25.0,12,Evac Area 2
17,Vessel 3,17,Safe Area 2 Harbor,Evac Area 2 Marina,388.32,400.32,400.32,403.32,25.0,0,None
18,Vessel 3,18,Evac Area 2 Marina,Safe Area 2 Harbor,403.32,415.32,415.32,418.32,25.0,12,Evac Area 2
19,Vessel 3,19,Safe Area 2 Harbor,Evac Area 2 Marina,418.32,430.32,430.32,433.32,25.0,0,None
20,Vessel 3,20,Evac Area 2 Marina,Safe Area 2 Harbor,433.32,445.32,445.32,448.32,25.0,12,Evac Area 2
21,Vessel 3,21,Safe Area 2 Harbor,Evac Area 2 Marina,448.32,460.32,460.32,463.32,25.0,0,None
22,Vessel 3,22,Evac Area 2 Marina,Safe Area 2 Harbor,463.32,475.32,475.32,478.32,25.0,12,Evac Area 2
23,Vessel 3,23,Safe Area 2 Harbor,Evac Area 2 Marina,478.32,490.32,490.32,493.32,25.0,0,None
24,Vessel 3,24,Evac Area 2 Marina,Safe Area 2 Harbor,493.32,505.32,505.32,508.32,25.0,12,Evac Area 2
1,Vessel 4,1,Safe Area 2 Harbor,Evac Area 2 Marina,89.03999999999999,101.03999999999999,101.03999999999999,106.03999999999999,25.0,0,None
2,Vessel 4,2,Evac Area 2 Marina,Safe Area 2 Harbor,106.03999999999999,118.03999999999999,118.03999999999999,123.03999999999999,25.0,38,Evac Area 2
3,Vessel 4,3,Safe Area 2 Harbor,Evac Area 2 Marina,123.03999999999999,135.04,135.04,140.04,25.0,0,None
4,Vessel 4,4,Evac Area 2 Marina,Safe Area 2 Harbor,140.04,152.04,152.04,157.04,25.0,38,Evac Area 2
5,Vessel 4,5,Safe Area 2 Harbor,Evac Area 2 Marina,157.04,169.04,169.04,174.04,25.0,0,None
6,Vessel 4,6,Evac Area 2 Marina,Safe Area 2 Harbor,174.04,186.04,186.04,191.04,25.0,34,Evac Area 2
7,Vessel 4,7,Safe Area 2 Harbor,Evac Area 4 Dock,191.04,209.28,209.28,214.28,25.0,0,None
8,Vessel 4,8,Evac Area 4 Dock,Safe Area 3 Marina,214.28,232.28,232.28,237.28,25.0,38,Evac Area 4
9,Vessel 4,9,Safe Area 3 Marina,Evac Area 4 Dock,237.28,255.28,255.28,260.28,25.0,0,None
10,Vessel 4,10,Evac Area 4 Dock,Safe Area 2 Harbor,260.28,278.52,278.52,283.52,25.0,38,Evac Area 4
11,Vessel 4,11,Safe Area 2 Harbor,Evac Area 2 Marina,283.52,295.52,295.52,300.52,25.0,0,None
12,Vessel 4,12,Evac Area 2 Marina,Safe Area 2 Harbor,300.52,312.52,312.52,317.52,25.0,38,Evac Area 2
13,Vessel 4,13,Safe Area 2 Harbor,Evac Area 2 Marina,317.52,329.52,329.52,334.52,25.0,0,None
14,Vessel 4,14,Evac Area 2 Marina,Safe Area 2 Harbor,334.52,346.52,346.52,351.52,25.0,38,Evac Area 2
15,Vessel 4,15,Safe Area 2 Harbor,Evac Area 2 Marina,351.52,363.52,363.52,368.52,25.0,0,None
16,Vessel 4,16,Evac Area 2 Marina,Safe Area 2 Harbor,368.52,380.52,380.52,385.52,25.0,38,Evac Area 2
17,Vessel 4,17,Safe Area 2 Harbor,Evac Area 2 Marina,385.52,397.52,397.52,402.52,25.0,0,None
18,Vessel 4,18,Evac Area 2 Marina,Safe Area 2 Harbor,402.52,414.52,414.52,419.52,25.0,38,Evac Area 2
19,Vessel 4,19,Safe Area 2 Harbor,Evac Area 4 Dock,419.52,437.76,437.76,442.76,25.0,0,None
20,Vessel 4,20,Evac Area 4 Dock,Safe Area 3 Marina,442.76,460.76,460.76,465.76,25.0,38,Evac Area 4
21,Vessel 4,21,Safe Area 3 Marina,Evac Area 4 Dock,465.76,483.76,483.76,488.76,25.0,0,None
22,Vessel 4,22,Evac Area 4 Dock,Safe Area 3 Marina,488.76,506.76,506.76,511.76,25.0,38,Evac Area 4
23,Vessel 4,23,Safe Area 3 Marina,Evac Area 4 Dock,511.76,529.76,529.76,534.76,25.0,0,None
24,Vessel 4,24,Evac Area 4 Dock,Safe Area 3 Marina,534.76,552.76,552.76,557.76,25.0,38,Evac Area 4
1,Vessel 5,1,Safe Area 3 Marina,Evac Area 4 Dock,81.66666666666667,106.66666666666667,106.66666666666667,116.66666666666667,18.0,0,None
2,Vessel 5,2,Evac Area 4 Dock,Safe Area 3 Marina,116.66666666666667,141.66666666666669,141.66666666666669,151.66666666666669,18.0,120,Evac Area 4
3,Vessel 5,3,Safe Area 3 Marina,Evac Area 4 Dock,151.66666666666669,176.66666666666669,176.66666666666669,186.66666666666669,18.0,0,None
4,Vessel 5,4,Evac Area 4 Dock,Safe Area 3 Marina,186.66666666666669,211.66666666666669,211.66666666666669,221.66666666666669,18.0,120,Evac Area 4
5,Vessel 5,5,Safe Area 3 Marina,Evac Area 4 Dock,221.66666666666669,246.66666666666669,246.66666666666669,256.6666666666667,18.0,0,None
6,Vessel 5,6,Evac Area 4 Dock,Safe Area 3 Marina,256.6666666666667,281.6666666666667,281.6666666666667,291.6666666666667,18.0,120,Evac Area 4
7,Vessel 5,7,Safe Area 3 Marina,Evac Area 4 Dock,291.6666666666667,316.6666666666667,316.6666666666667,326.6666666666667,18.0,0,None
8,Vessel 5,8,Evac Area 4 Dock,Safe Area 3 Marina,326.6666666666667,351.6666666666667,351.6666666666667,361.6666666666667,18.0,120,Evac Area 4
9,Vessel 5,9,Safe Area 3 Marina,Evac Area 4 Dock,361.6666666666667,386.6666666666667,386.6666666666667,396.6666666666667,18.0,0,None
10,Vessel 5,10,Evac Area 4 Dock,Safe Area 3 Marina,396.6666666666667,421.6666666666667,421.6666666666667,431.6666666666667,18.0,120,Evac Area 4
11,Vessel 5,11,Safe Area 3 Marina,Evac Area 4 Dock,431.6666666666667,456.6666666666667,456.6666666666667,466.6666666666667,18.0,0,None
12,Vessel 5,12,Evac Area 4 Dock,Safe Area 3 Marina,466.6666666666667,491.6666666666667,491.6666666666667,501.6666666666667,18.0,120,Evac Area 4
13,Vessel 5,13,Safe Area 3 Marina,Evac Area 4 Dock,501.6666666666667,526.6666666666667,526.6666666666667,536.6666666666667,18.0,0,None
14,Vessel 5,14,Evac Area 4 Dock,Safe Area 3 Marina,536.6666666666667,561.6666666666667,561.6666666666667,571.6666666666667,18.0,120,Evac Area 4
1,Vessel 6,1,Safe Area 2 Harbor,Evac Area 4 Beach,101.04,119.28,119.28,122.28,25.0,0,None
2,Vessel 6,2,Evac Area 4 Beach,Safe Area 3 Marina,122.28,140.28,140.28,143.28,25.0,2,Evac Area 4
3,Vessel 6,3,Safe Area 3 Marina,Evac Area 3 Dock,143.28,154.07999999999998,154.07999999999998,157.07999999999998,25.0,0,None
4,Vessel 6,4,Evac Area 3 Dock,Safe Area 3 Marina,157.07999999999998,167.88,167.88,170.88,25.0,12,Evac Area 3
5,Vessel 6,5,Safe Area 3 Marina,Evac Area 3 Dock,170.88,181.68,181.68,184.68,25.0,0,None
6,Vessel 6,6,Evac Area 3 Dock,Safe Area 3 Marina,184.68,195.48,195.48,198.48,25.0,12,Evac Area 3
7,Vessel 6,7,Safe Area 3 Marina,Evac Area 3 Dock,198.48,209.28,209.28,212.28,25.0,0,None
8,Vessel 6,8,Evac Area 3 Dock,Safe Area 3 Marina,212.28,223.08,223.08,226.08,25.0,12,Evac Area 3
9,Vessel 6,9,Safe Area 3 Marina,Evac Area 3 Dock,226.08,236.88000000000002,236.88000000000002,239.88000000000002,25.0,0,None
10,Vessel 6,10,Evac Area 3 Dock,Safe Area 3 Marina,239.88000000000002,250.68000000000004,250.68000000000004,253.68000000000004,25.0,12,Evac Area 3
11,Vessel 6,11,Safe Area 3 Marina,Evac Area 3 Dock,253.68000000000004,264.48,264.48,267.48,25.0,0,None
12,Vessel 6,12,Evac Area 3 Dock,Safe Area 3 Marina,267.48,278.2800000000001,278.2800000000001,281.2800000000001,25.0,12,Evac Area 3
13,Vessel 6,13,Safe Area 3 Marina,Evac Area 3 Dock,281.2800000000001,292.08000000000004,292.08000000000004,295.08000000000004,25.0,0,None
14,Vessel 6,14,Evac Area 3 Dock,Safe Area 3 Marina,295.08000000000004,305.8800000000001,305.8800000000001,308.8800000000001,25.0,12,Evac Area 3
15,Vessel 6,15,Safe Area 3 Marina,Evac Area 3 Dock,308.8800000000001,319.68000000000006,319.68000000000006,322.68000000000006,25.0,0,None
16,Vessel 6,16,Evac Area 3 Dock,Safe Area 3 Marina,322.68000000000006,333.4800000000001,333.4800000000001,336.4800000000001,25.0,12,Evac Area 3
17,Vessel 6,17,Safe Area 3 Marina,Evac Area 3 Dock,336.4800000000001,347.2800000000001,347.2800000000001,350.2800000000001,25.0,0,None
18,Vessel 6,18,Evac Area 3 Dock,Safe Area 3 Marina,350.2800000000001,361.0800000000001,361.0800000000001,364.0800000000001,25.0,12,Evac Area 3
19,Vessel 6,19,Safe Area 3 Marina,Evac Area 3 Dock,364.0800000000001,374.8800000000001,374.8800000000001,377.8800000000001,25.0,0,None
20,Vessel 6,20,Evac Area 3 Dock,Safe Area 3 Marina,377.8800000000001,388.6800000000001,388.6800000000001,391.6800000000001,25.0,12,Evac Area 3
21,Vessel 6,21,Safe Area 3 Marina,Evac Area 3 Dock,391.6800000000001,402.48000000000013,402.48000000000013,405.48000000000013,25.0,0,None
22,Vessel 6,22,Evac Area 3 Dock,Safe Area 3 Marina,405.48000000000013,416.28000000000014,416.28000000000014,419.28000000000014,25.0,12,Evac Area 3
23,Vessel 6,23,Safe Area 3 Marina,Evac Area 3 Dock,419.28000000000014,430.08000000000015,430.08000000000015,433.08000000000015,25.0,0,None
24,Vessel 6,24,Evac Area 3 Dock,Safe Area 3 Marina,433.08000000000015,443.88000000000017,443.88000000000017,446.88000000000017,25.0,12,Evac Area 3
25,Vessel 6,25,Safe Area 3 Marina,Evac Area 3 Dock,446.88000000000017,457.6800000000002,457.6800000000002,460.6800000000002,25.0,0,None
26,Vessel 6,26,Evac Area 3 Dock,Safe Area 3 Marina,460.6800000000002,471.4800000000002,471.4800000000002,474.4800000000002,25.0,12,Evac Area 3
27,Vessel 6,27,Safe Area 3 Marina,Evac Area 3 Dock,474.4800000000002,485.2800000000002,485.2800000000002,488.2800000000002,25.0,0,None
28,Vessel 6,28,Evac Area 3 Dock,Safe Area 3 Marina,488.2800000000002,499.0800000000002,499.0800000000002,502.0800000000002,25.0,12,Evac Area 3
