segment_id,resource_id,route_segment_id,origin,destination,route_start_time,route_end_time,load_start_time,load_end_time,resource_speed,evacuees,evacuated_location
1,Vessel 1,1,Safe Area 1 Terminal,Evac Area 1 Ferry Terminal,10.0,24.0,24.0,34.0,12.0,0,None
2,Vessel 1,2,Evac Area 1 Ferry Terminal,Safe Area 1 Terminal,34.0,48.0,48.0,58.0,12.0,97,Evac Area 1
1,Vessel 1,1,Safe Area 1 Terminal,Evac Area 1 Ferry Terminal,60.0,74.0,74.0,84.0,12.0,0,None
2,Vessel 1,2,Evac Area 1 Ferry Terminal,Safe Area 1 Terminal,84.0,98.0,98.0,108.0,12.0,15,Evac Area 1
1,Vessel 2,1,Safe Area 2 Harbor,Evac Area 2 Marina,10.0,22.0,22.0,25.0,25.0,0,None
2,Vessel 2,2,Evac Area 2 Marina,Safe Area 3 Marina,25.0,41.8,41.8,44.8,25.0,12,Evac Area 2
1,Vessel 2,1,Safe Area 3 Marina,Evac Area 4 Beach,44.8,62.8,62.8,65.8,25.0,0,None
2,Vessel 2,2,Evac Area 4 Beach,Safe Area 2 Harbor,65.8,84.03999999999999,84.03999999999999,87.03999999999999,25.0,4,Evac Area 4
1,Vessel 3,1,Safe Area 3 Marina,Evac Area 3 Dock,60.0,70.8,70.8,73.8,25.0,0,None
2,Vessel 3,2,Evac Area 3 Dock,Safe Area 3 Marina,73.8,84.6,84.6,87.6,25.0,12,Evac Area 3
1,Vessel 4,1,Safe Area 1 Terminal,Evac Area 2 Marina,10.0,34.0,34.0,39.0,25.0,0,None
2,Vessel 4,2,Evac Area 2 Marina,Safe Area 2 Harbor,39.0,51.0,51.0,56.0,25.0,38,Evac Area 2
1,Vessel 4,1,Safe Area 2 Harbor,Evac Area 3 Dock,56.0,75.2,75.2,80.2,25.0,0,None
2,Vessel 4,2,Evac Area 3 Dock,Safe Area 3 Marina,80.2,91.0,91.0,96.0,25.0,27,Evac Area 3
1,Vessel 5,1,Safe Area 1 Terminal,Evac Area 3 Dock,30.0,46.66666666666667,46.66666666666667,56.66666666666667,18.0,0,None
2,Vessel 5,2,Evac Area 3 Dock,Safe Area 3 Marina,56.66666666666667,71.66666666666667,71.66666666666667,81.66666666666667,18.0,120,Evac Area 3
1,Vessel 5,1,Safe Area 3 Marina,Evac Area 2 Marina,81.66666666666667,105.0,105.0,115.0,18.0,0,None
2,Vessel 5,2,Evac Area 2 Marina,Safe Area 2 Harbor,115.0,131.66666666666669,131.66666666666669,141.66666666666669,18.0,110,Evac Area 2
1,Vessel 6,1,Safe Area 1 Terminal,Evac Area 3 Dock,30.0,42.0,42.0,45.0,25.0,0,None
2,Vessel 6,2,Evac Area 3 Dock,Safe Area 3 Marina,45.0,55.8,55.8,58.8,25.0,12,Evac Area 3
1,Vessel 6,1,Safe Area 3 Marina,Evac Area 3 Dock,58.8,69.6,69.6,72.6,25.0,0,None
2,Vessel 6,2,Evac Area 3 Dock,Safe Area 3 Marina,72.6,83.39999999999999,83.39999999999999,86.39999999999999,25.0,12,Evac Area 3
1,Vessel 6,1,Safe Area 3 Marina,Evac Area 4 Beach,86.39999999999999,104.4,104.4,107.4,25.0,0,None
2,Vessel 6,2,Evac Area 4 Beach,Safe Area 2 Harbor,107.4,125.64,125.64,128.64,25.0,9,Evac Area 4
1,Vessel 2,1,Safe Area 2 Harbor,Evac Area 2 Marina,90.0,102.0,102.0,105.0,25.0,0,None
2,Vessel 2,2,Evac Area 2 Marina,Safe Area 2 Harbor,105.0,117.0,117.0,120.0,25.0,12,Evac Area 2
3,Vessel 2,3,Safe Area 2 Harbor,Evac Area 2 Marina,120.0,132.0,132.0,135.0,25.0,0,None
4,Vessel 2,4,Evac Area 2 Marina,Safe Area 2 Harbor,135.0,147.0,147.0,150.0,25.0,12,Evac Area 2
5,Vessel 2,5,Safe Area 2 Harbor,Evac Area 2 Marina,150.0,162.0,162.0,165.0,25.0,0,None
6,Vessel 2,6,Evac Area 2 Marina,Safe Area 2 Harbor,165.0,177.0,177.0,180.0,25.0,12,Evac Area 2
7,Vessel 2,7,Safe Area 2 Harbor,Evac Area 2 Marina,180.0,192.0,192.0,195.0,25.0,0,None
8,Vessel 2,8,Evac Area 2 Marina,Safe Area 2 Harbor,195.0,207.0,207.0,210.0,25.0,12,Evac Area 2
9,Vessel 2,9,Safe Area 2 Harbor,Evac Area 2 Marina,210.0,222.0,222.0,225.0,25.0,0,None
10,Vessel 2,10,Evac Area 2 Marina,Safe Area 2 Harbor,225.0,237.0,237.0,240.0,25.0,12,Evac Area 2
11,Vessel 2,11,Safe Area 2 Harbor,Evac Area 2 Marina,240.0,252.0,252.0,255.0,25.0,0,None
12,Vessel 2,12,Evac Area 2 Marina,Safe Area 2 Harbor,255.0,267.0,267.0,270.0,25.0,12,Evac Area 2
13,Vessel 2,13,Safe Area 2 Harbor,Evac Area 2 Marina,270.0,282.0,282.0,285.0,25.0,0,None
14,Vessel 2,14,Evac Area 2 Marina,Safe Area 2 Harbor,285.0,297.0,297.0,300.0,25.0,12,Evac Area 2
15,Vessel 2,15,Safe Area 2 Harbor,Evac Area 2 Marina,300.0,312.0,312.0,315.0,25.0,0,None
16,Vessel 2,16,Evac Area 2 Marina,Safe Area 2 Harbor,315.0,327.0,327.0,330.0,25.0,12,Evac Area 2
1,Vessel 3,1,Safe Area 3 Marina,Evac Area 4 Dock,90.0,108.0,108.0,111.0,25.0,0,None
2,Vessel 3,2,Evac Area 4 Dock,Safe Area 3 Marina,111.0,129.0,129.0,132.0,25.0,7,Evac Area 4
3,Vessel 3,3,Safe Area 3 Marina,Evac Area 3 Dock,132.0,142.8,142.8,145.8,25.0,0,None
4,Vessel 3,4,Evac Area 3 Dock,Safe Area 3 Marina,145.8,156.6,156.6,159.6,25.0,12,Evac Area 3
5,Vessel 3,5,Safe Area 3 Marina,Evac Area 2 Marina,159.6,176.39999999999998,176.39999999999998,179.39999999999998,25.0,0,None
6,Vessel 3,6,Evac Area 2 Marina,Safe Area 2 Harbor,179.39999999999998,191.39999999999998,191.39999999999998,194.39999999999998,25.0,12,Evac Area 2
7,Vessel 3,7,Safe Area 2 Harbor,Evac Area 2 Marina,194.39999999999998,206.39999999999998,206.39999999999998,209.39999999999998,25.0,0,None
8,Vessel 3,8,Evac Area 2 Marina,Safe Area 2 Harbor,209.39999999999998,221.39999999999998,221.39999999999998,224.39999999999998,25.0,12,Evac Area 2
9,Vessel 3,9,Safe Area 2 Harbor,Evac Area 2 Marina,224.39999999999998,236.39999999999998,236.39999999999998,239.39999999999998,25.0,0,None
10,Vessel 3,10,Evac Area 2 Marina,Safe Area 2 Harbor,239.39999999999998,251.39999999999998,251.39999999999998,254.39999999999998,25.0,12,Evac Area 2
11,Vessel 3,11,Safe Area 2 Harbor,Evac Area 4 Dock,254.39999999999998,272.64,272.64,275.64,25.0,0,None
12,Vessel 3,12,Evac Area 4 Dock,Safe Area 1 Terminal,275.64,297.24,297.24,300.24,25.0,12,Evac Area 4
13,Vessel 3,13,Safe Area 1 Terminal,Evac Area 3 Dock,300.24,312.24,312.24,315.24,25.0,0,None
14,Vessel 3,14,Evac Area 3 Dock,Safe Area 3 Marina,315.24,326.03999999999996,326.03999999999996,329.03999999999996,25.0,12,Evac Area 3
1,Vessel 4,1,Safe Area 3 Marina,Evac Area 3 Dock,96.0,106.8,106.8,111.8,25.0,0,None
2,Vessel 4,2,Evac Area 3 Dock,Safe Area 3 Marina,111.8,122.6,122.6,127.6,25.0,38,Evac Area 3
3,Vessel 4,3,Safe Area 3 Marina,Evac Area 3 Dock,127.6,138.39999999999998,138.39999999999998,143.39999999999998,25.0,0,None
4,Vessel 4,4,Evac Area 3 Dock,Safe Area 3 Marina,143.39999999999998,154.2,154.2,159.2,25.0,38,Evac Area 3
5,Vessel 4,5,Safe Area 3 Marina,Evac Area 3 Dock,159.2,170.0,170.0,175.0,25.0,0,None
6,Vessel 4,6,Evac Area 3 Dock,Safe Area 3 Marina,175.0,185.79999999999998,185.79999999999998,190.79999999999998,25.0,38,Evac Area 3
7,Vessel 4,7,Safe Area 3 Marina,Evac Area 3 Dock,190.79999999999998,201.59999999999997,201.59999999999997,206.59999999999997,25.0,0,None
8,Vessel 4,8,Evac Area 3 Dock,Safe Area 3 Marina,206.59999999999997,217.39999999999998,217.39999999999998,222.39999999999998,25.0,38,Evac Area 3
9,Vessel 4,9,Safe Area 3 Marina,Evac Area 3 Dock,222.39999999999998,233.2,233.2,238.2,25.0,0,None
10,Vessel 4,10,Evac Area 3 Dock,Safe Area 3 Marina,238.2,249.0,249.0,254.0,25.0,38,Evac Area 3
11,Vessel 4,11,Safe Area 3 Marina,Evac Area 3 Dock,254.0,264.8,264.8,269.8,25.0,0,None
12,Vessel 4,12,Evac Area 3 Dock,Safe Area 3 Marina,269.8,280.6,280.6,285.6,25.0,38,Evac Area 3
13,Vessel 4,13,Safe Area 3 Marina,Evac Area 3 Dock,285.6,296.40000000000003,296.40000000000003,301.40000000000003,25.0,0,None
14,Vessel 4,14,Evac Area 3 Dock,Safe Area 3 Marina,301.40000000000003,312.20000000000005,312.20000000000005,317.20000000000005,25.0,38,Evac Area 3
15,Vessel 4,15,Safe Area 3 Marina,Evac Area 3 Dock,317.20000000000005,328.00000000000006,328.00000000000006,333.00000000000006,25.0,0,None
16,Vessel 4,16,Evac Area 3 Dock,Safe Area 3 Marina,333.00000000000006,343.80000000000007,343.80000000000007,348.80000000000007,25.0,33,Evac Area 3
1,Vessel 5,1,Safe Area 2 Harbor,Evac Area 4 Dock,141.66666666666669,167.0,167.0,177.0,18.0,0,None
2,Vessel 5,2,Evac Area 4 Dock,Safe Area 3 Marina,177.0,202.0,202.0,212.0,18.0,120,Evac Area 4
3,Vessel 5,3,Safe Area 3 Marina,Evac Area 4 Dock,212.0,237.0,237.0,247.0,18.0,0,None
4,Vessel 5,4,Evac Area 4 Dock,Safe Area 3 Marina,247.0,272.0,272.0,282.0,18.0,120,Evac Area 4
5,Vessel 5,5,Safe Area 3 Marina,Evac Area 4 Dock,282.0,307.0,307.0,317.0,18.0,0,None
6,Vessel 5,6,Evac Area 4 Dock,Safe Area 3 Marina,317.0,342.0,342.0,352.0,18.0,120,Evac Area 4
1,Vessel 6,1,Safe Area 2 Harbor,Evac Area 2 Marina,128.64,140.64,140.64,143.64,25.0,0,None
2,Vessel 6,2,Evac Area 2 Marina,Safe Area 2 Harbor,143.64,155.64,155.64,158.64,25.0,12,Evac Area 2
3,Vessel 6,3,Safe Area 2 Harbor,Evac Area 2 Marina,158.64,170.64,170.64,173.64,25.0,0,None
4,Vessel 6,4,Evac Area 2 Marina,Safe Area 2 Harbor,173.64,185.64,185.64,188.64,25.0,12,Evac Area 2
5,Vessel 6,5,Safe Area 2 Harbor,Evac Area 2 Marina,188.64,200.64,200.64,203.64,25.0,0,None
6,Vessel 6,6,Evac Area 2 Marina,Safe Area 2 Harbor,203.64,215.64,215.64,218.64,25.0,12,Evac Area 2
7,Vessel 6,7,Safe Area 2 Harbor,Evac Area 2 Marina,218.64,230.64,230.64,233.64,25.0,0,None
8,Vessel 6,8,Evac Area 2 Marina,Safe Area 2 Harbor,233.64,245.64,245.64,248.64,25.0,12,Evac Area 2
9,Vessel 6,9,Safe Area 2 Harbor,Evac Area 2 Marina,248.64,260.64,260.64,263.64,25.0,0,None
10,Vessel 6,10,Evac Area 2 Marina,Safe Area 2 Harbor,263.64,275.64,275.64,278.64,25.0,12,Evac Area 2
11,Vessel 6,11,Safe Area 2 Harbor,Evac Area 2 Marina,278.64,290.64,290.64,293.64,25.0,0,None
12,Vessel 6,12,Evac Area 2 Marina,Safe Area 2 Harbor,293.64,305.64,305.64,308.64,25.0,1,Evac Area 2
13,Vessel 6,13,Safe Area 2 Harbor,Evac Area 2 Marina,308.64,320.64,320.64,323.64,25.0,0,None
14,Vessel 6,14,Evac Area 2 Marina,Safe Area 2 Harbor,323.64,335.64,335.64,338.64,25.0,12,Evac Area 2
