segment_id,resource_id,route_segment_id,origin,destination,route_start_time,route_end_time,load_start_time,load_end_time,resource_speed,evacuees,evacuated_location,post_run_correction
1,Vessel 1,1,Safe Area 1 Terminal,Evac Area 1 Ferry Terminal,10.0,24.0,24.0,34.0,12.0,0,None,
2,Vessel 1,2,Evac Area 1 Ferry Terminal,Safe Area 1 Terminal,34.0,48.0,48.0,58.0,12.0,160,Evac Area 1,
1,Vessel 2,1,Safe Area 2 Harbor,Evac Area 4 Beach,10.0,28.24000000000001,28.24000000000001,31.24000000000001,25.0,0,None,
2,Vessel 2,2,Evac Area 4 Beach,Safe Area 3 Marina,31.24000000000001,49.24000000000001,49.24000000000001,52.24000000000001,25.0,12,Evac Area 4,
3,Vessel 2,3,Safe Area 3 Marina,Evac Area 3 Dock,52.24000000000001,63.04000000000002,63.04000000000002,66.04000000000002,25.0,0,None,
4,Vessel 2,4,Evac Area 3 Dock,Safe Area 3 Marina,66.04000000000002,76.83999999999997,76.83999999999997,79.83999999999997,25.0,0,Evac Area 3,
5,Vessel 2,5,Safe Area 3 Marina,Evac Area 3 Dock,79.83999999999997,90.63999999999999,90.63999999999999,93.63999999999999,25.0,0,None,
6,Vessel 2,6,Evac Area 3 Dock,Safe Area 3 Marina,93.63999999999999,104.44,104.44,107.44,25.0,5,Evac Area 3,
7,Vessel 2,7,Safe Area 3 Marina,Evac Area 4 Dock,107.44,125.44,125.44,128.44,25.0,0,None,
8,Vessel 2,8,Evac Area 4 Dock,Safe Area 3 Marina,128.44,146.44,146.44,149.44,25.0,12,Evac Area 4,
9,Vessel 2,9,Safe Area 3 Marina,Evac Area 4 Beach,149.44,167.44,167.44,170.44,25.0,0,None,
10,Vessel 2,10,Evac Area 4 Beach,Safe Area 3 Marina,170.44,188.44,188.44,191.44,25.0,12,Evac Area 4,
11,Vessel 2,11,Safe Area 3 Marina,Evac Area 1 Marina,191.44,198.64,198.64,201.64,25.0,0,None,
12,Vessel 2,12,Evac Area 1 Marina,Safe Area 1 Terminal,201.64,208.36,208.36,211.36,25.0,0,Evac Area 1,
13,Vessel 2,13,Safe Area 1 Terminal,Evac Area 1 Marina,211.36,218.07999999999998,218.07999999999998,221.07999999999998,25.0,0,None,
14,Vessel 2,14,Evac Area 1 Marina,Safe Area 3 Marina,221.07999999999998,228.28,228.28,231.28,25.0,0,Evac Area 1,
15,Vessel 2,15,Safe Area 3 Marina,Evac Area 4 Beach,231.28,249.28,249.28,252.28,25.0,0,None,
16,Vessel 2,16,Evac Area 4 Beach,Safe Area 3 Marina,252.28,270.28,270.28,273.28,25.0,12,Evac Area 4,
17,Vessel 2,17,Safe Area 3 Marina,Evac Area 4 Beach,273.28,291.28,291.28,294.28,25.0,0,None,
18,Vessel 2,18,Evac Area 4 Beach,Safe Area 3 Marina,294.28,312.28,312.28,315.28,25.0,12,Evac Area 4,
19,Vessel 2,19,Safe Area 3 Marina,Evac Area 3 Dock,315.28,326.08,326.08,329.08,25.0,0,None,
20,Vessel 2,20,Evac Area 3 Dock,Safe Area 3 Marina,329.08,339.88,339.88,342.88,25.0,12,Evac Area 3,
21,Vessel 2,21,Safe Area 3 Marina,Evac Area 3 Dock,342.88,353.68,353.68,356.68,25.0,0,None,
22,Vessel 2,22,Evac Area 3 Dock,Safe Area 3 Marina,356.68,367.48,367.48,370.48,25.0,0,Evac Area 3,
23,Vessel 2,23,Safe Area 3 Marina,Evac Area 4 Beach,370.48,388.48,388.48,391.48,25.0,0,None,
24,Vessel 2,24,Evac Area 4 Beach,Safe Area 3 Marina,391.48,409.48,409.48,412.48,25.0,12,Evac Area 4,
25,Vessel 2,25,Safe Area 3 Marina,Evac Area 4 Dock,412.48,430.48,430.48,433.48,25.0,0,None,
26,Vessel 2,26,Evac Area 4 Dock,Safe Area 3 Marina,433.48,451.48,451.48,454.48,25.0,12,Evac Area 4,
27,Vessel 2,27,Safe Area 3 Marina,Evac Area 3 Dock,454.48,465.28,465.28,468.28,25.0,0,None,
28,Vessel 2,28,Evac Area 3 Dock,Safe Area 3 Marina,468.28,479.08,479.08,482.08,25.0,12,Evac Area 3,
1,Vessel 3,1,Safe Area 3 Marina,Evac Area 4 Beach,60.0,78.0,78.0,81.0,25.0,0,None,
2,Vessel 3,2,Evac Area 4 Beach,Safe Area 3 Marina,81.0,99.0,99.0,102.0,25.0,12,Evac Area 4,
3,Vessel 3,3,Safe Area 3 Marina,Evac Area 4 Beach,102.0,120.0,120.0,123.0,25.0,0,None,
4,Vessel 3,4,Evac Area 4 Beach,Safe Area 2 Harbor,123.0,141.24,141.24,144.24,25.0,12,Evac Area 4,
5,Vessel 3,5,Safe Area 2 Harbor,Evac Area 4 Dock,144.24,162.48000000000002,162.48000000000002,165.48000000000002,25.0,0,None,
6,Vessel 3,6,Evac Area 4 Dock,Safe Area 3 Marina,165.48000000000002,183.47999999999996,183.47999999999996,186.47999999999996,25.0,12,Evac Area 4,
7,Vessel 3,7,Safe Area 3 Marina,Evac Area 4 Dock,186.47999999999996,204.47999999999996,204.47999999999996,207.47999999999996,25.0,0,None,
8,Vessel 3,8,Evac Area 4 Dock,Safe Area 3 Marina,207.47999999999996,225.47999999999996,225.47999999999996,228.48,25.0,12,Evac Area 4,
9,Vessel 3,9,Safe Area 3 Marina,Evac Area 4 Beach,228.48,246.48,246.48,249.48,25.0,0,None,
10,Vessel 3,10,Evac Area 4 Beach,Safe Area 3 Marina,249.48,267.48,267.48,270.48,25.0,12,Evac Area 4,
11,Vessel 3,11,Safe Area 3 Marina,Evac Area 4 Dock,270.48,288.48,288.48,291.48,25.0,0,None,
12,Vessel 3,12,Evac Area 4 Dock,Safe Area 2 Harbor,291.48,309.72,309.72,312.72,25.0,12,Evac Area 4,
13,Vessel 3,13,Safe Area 2 Harbor,Evac Area 4 Dock,312.72,330.96000000000004,330.96000000000004,333.96000000000004,25.0,0,None,
14,Vessel 3,14,Evac Area 4 Dock,Safe Area 3 Marina,333.96000000000004,351.96000000000004,351.96000000000004,354.96000000000004,25.0,12,Evac Area 4,
15,Vessel 3,15,Safe Area 3 Marina,Evac Area 4 Beach,354.96000000000004,372.96,372.96,375.96,25.0,0,None,
16,Vessel 3,16,Evac Area 4 Beach,Safe Area 3 Marina,375.96,393.96,393.96,396.96,25.0,12,Evac Area 4,
17,Vessel 3,17,Safe Area 3 Marina,Evac Area 4 Dock,396.96,414.96,414.96,417.96,25.0,0,None,
18,Vessel 3,18,Evac Area 4 Dock,Safe Area 3 Marina,417.96,435.96,435.96,438.96,25.0,12,Evac Area 4,
19,Vessel 3,19,Safe Area 3 Marina,Evac Area 4 Dock,438.96,456.96,456.96,459.96,25.0,0,None,
20,Vessel 3,20,Evac Area 4 Dock,Safe Area 2 Harbor,459.96,478.2000000000001,478.2000000000001,481.2000000000001,25.0,3,Evac Area 4,
1,Vessel 4,1,Safe Area 1 Terminal,Evac Area 4 Dock,10.0,31.600000000000023,31.600000000000023,36.60000000000002,25.0,0,None,
2,Vessel 4,2,Evac Area 4 Dock,Safe Area 3 Marina,36.60000000000002,54.60000000000002,54.60000000000002,59.60000000000002,25.0,38,Evac Area 4,
3,Vessel 4,3,Safe Area 3 Marina,Evac Area 4 Dock,59.60000000000002,77.59999999999997,77.59999999999997,82.59999999999997,25.0,0,None,
4,Vessel 4,4,Evac Area 4 Dock,Safe Area 2 Harbor,82.59999999999997,100.83999999999997,100.83999999999997,105.83999999999997,25.0,38,Evac Area 4,
5,Vessel 4,5,Safe Area 2 Harbor,Evac Area 4 Dock,105.83999999999997,124.07999999999998,124.07999999999998,129.07999999999998,25.0,0,None,
6,Vessel 4,6,Evac Area 4 Dock,Safe Area 3 Marina,129.07999999999998,147.07999999999998,147.07999999999998,152.07999999999998,25.0,38,Evac Area 4,
7,Vessel 4,7,Safe Area 3 Marina,Evac Area 4 Dock,152.07999999999998,170.07999999999998,170.07999999999998,175.07999999999998,25.0,0,None,
8,Vessel 4,8,Evac Area 4 Dock,Safe Area 3 Marina,175.07999999999998,193.07999999999998,193.07999999999998,198.07999999999998,25.0,38,Evac Area 4,
9,Vessel 4,9,Safe Area 3 Marina,Evac Area 4 Dock,198.07999999999998,216.07999999999998,216.07999999999998,221.07999999999998,25.0,0,None,
10,Vessel 4,10,Evac Area 4 Dock,Safe Area 2 Harbor,221.07999999999998,239.32,239.32,244.32,25.0,38,Evac Area 4,
11,Vessel 4,11,Safe Area 2 Harbor,Evac Area 4 Dock,244.32,262.56,262.56,267.56,25.0,0,None,
12,Vessel 4,12,Evac Area 4 Dock,Safe Area 3 Marina,267.56,285.56,285.56,290.56,25.0,38,Evac Area 4,
13,Vessel 4,13,Safe Area 3 Marina,Evac Area 4 Dock,290.56,308.56,308.56,313.56,25.0,0,None,
14,Vessel 4,14,Evac Area 4 Dock,Safe Area 2 Harbor,313.56,331.8,331.8,336.8,25.0,38,Evac Area 4,
15,Vessel 4,15,Safe Area 2 Harbor,Evac Area 4 Dock,336.8,355.04,355.04,360.04,25.0,0,None,
16,Vessel 4,16,Evac Area 4 Dock,Safe Area 3 Marina,360.04,378.04,378.04,383.04,25.0,38,Evac Area 4,
17,Vessel 4,17,Safe Area 3 Marina,Evac Area 4 Dock,383.04,401.04,401.04,406.04,25.0,0,None,
18,Vessel 4,18,Evac Area 4 Dock,Safe Area 3 Marina,406.04,424.04,424.04,429.04,25.0,38,Evac Area 4,
19,Vessel 4,19,Safe Area 3 Marina,Evac Area 4 Dock,429.04,447.04,447.04,452.04,25.0,0,None,
20,Vessel 4,20,Evac Area 4 Dock,Safe Area 2 Harbor,452.04,470.28,470.28,475.28,25.0,38,Evac Area 4,
1,Vessel 5,1,Safe Area 1 Terminal,Evac Area 3 Dock,30.0,46.666666666666686,46.666666666666686,56.666666666666686,18.0,0,None,
2,Vessel 5,2,Evac Area 3 Dock,Safe Area 3 Marina,56.666666666666686,71.66666666666669,71.66666666666669,81.66666666666669,18.0,120,Evac Area 3,
3,Vessel 5,3,Safe Area 3 Marina,Evac Area 4 Dock,81.66666666666669,106.66666666666669,106.66666666666669,116.66666666666669,18.0,0,None,
4,Vessel 5,4,Evac Area 4 Dock,Safe Area 3 Marina,116.66666666666669,141.66666666666669,141.66666666666669,151.66666666666669,18.0,120,Evac Area 4,
5,Vessel 5,5,Safe Area 3 Marina,Evac Area 4 Dock,151.66666666666669,176.66666666666669,176.66666666666669,186.66666666666669,18.0,0,None,
6,Vessel 5,6,Evac Area 4 Dock,Safe Area 3 Marina,186.66666666666669,211.66666666666669,211.66666666666669,221.66666666666669,18.0,120,Evac Area 4,
7,Vessel 5,7,Safe Area 3 Marina,Evac Area 4 Dock,221.66666666666669,246.66666666666669,246.66666666666669,256.6666666666667,18.0,0,None,
8,Vessel 5,8,Evac Area 4 Dock,Safe Area 3 Marina,256.6666666666667,281.6666666666667,281.6666666666667,291.6666666666667,18.0,120,Evac Area 4,
9,Vessel 5,9,Safe Area 3 Marina,Evac Area 3 Dock,291.6666666666667,306.6666666666667,306.6666666666667,316.6666666666667,18.0,0,None,
10,Vessel 5,10,Evac Area 3 Dock,Safe Area 3 Marina,316.6666666666667,331.6666666666667,331.6666666666667,341.6666666666667,18.0,120,Evac Area 3,
11,Vessel 5,11,Safe Area 3 Marina,Evac Area 4 Dock,341.6666666666667,366.6666666666667,366.6666666666667,376.6666666666667,18.0,0,None,
12,Vessel 5,12,Evac Area 4 Dock,Safe Area 3 Marina,376.6666666666667,401.6666666666667,401.6666666666667,411.6666666666667,18.0,120,Evac Area 4,
13,Vessel 5,13,Safe Area 3 Marina,Evac Area 4 Dock,411.6666666666667,436.6666666666667,436.6666666666667,446.6666666666667,18.0,0,None,
14,Vessel 5,14,Evac Area 4 Dock,Safe Area 3 Marina,446.6666666666667,471.6666666666667,471.6666666666667,481.6666666666667,18.0,120,Evac Area 4,
1,Vessel 6,1,Safe Area 1 Terminal,Evac Area 4 Beach,30.0,51.60000000000002,51.60000000000002,54.60000000000002,25.0,0,None,
2,Vessel 6,2,Evac Area 4 Beach,Safe Area 3 Marina,54.60000000000002,72.59999999999997,72.59999999999997,75.59999999999997,25.0,12,Evac Area 4,
3,Vessel 6,3,Safe Area 3 Marina,Evac Area 4 Dock,75.59999999999997,93.59999999999997,93.59999999999997,96.59999999999997,25.0,0,None,
4,Vessel 6,4,Evac Area 4 Dock,Safe Area 1 Terminal,96.59999999999997,118.19999999999999,118.19999999999999,121.19999999999999,25.0,12,Evac Area 4,
5,Vessel 6,5,Safe Area 1 Terminal,Evac Area 4 Dock,121.19999999999999,142.8,142.8,145.8,25.0,0,None,
6,Vessel 6,6,Evac Area 4 Dock,Safe Area 3 Marina,145.8,163.8,163.8,166.8,25.0,12,Evac Area 4,
7,Vessel 6,7,Safe Area 3 Marina,Evac Area 4 Beach,166.8,184.8,184.8,187.8,25.0,0,None,
8,Vessel 6,8,Evac Area 4 Beach,Safe Area 1 Terminal,187.8,209.40000000000003,209.40000000000003,212.40000000000003,25.0,12,Evac Area 4,
9,Vessel 6,9,Safe Area 1 Terminal,Evac Area 4 Beach,212.40000000000003,234.0,234.0,237.0,25.0,0,None,
10,Vessel 6,10,Evac Area 4 Beach,Safe Area 2 Harbor,237.0,255.24,255.24,258.24,25.0,12,Evac Area 4,
11,Vessel 6,11,Safe Area 2 Harbor,Evac Area 4 Beach,258.24,276.48,276.48,279.48,25.0,0,None,
12,Vessel 6,12,Evac Area 4 Beach,Safe Area 1 Terminal,279.48,301.08000000000004,301.08000000000004,304.08000000000004,25.0,12,Evac Area 4,
13,Vessel 6,13,Safe Area 1 Terminal,Evac Area 4 Dock,304.08000000000004,325.68000000000006,325.68000000000006,328.68000000000006,25.0,0,None,
14,Vessel 6,14,Evac Area 4 Dock,Safe Area 3 Marina,328.68000000000006,346.68000000000006,346.68000000000006,349.68000000000006,25.0,12,Evac Area 4,
15,Vessel 6,15,Safe Area 3 Marina,Evac Area 4 Dock,349.68000000000006,367.68000000000006,367.68000000000006,370.68000000000006,25.0,0,None,
16,Vessel 6,16,Evac Area 4 Dock,Safe Area 3 Marina,370.68000000000006,388.68000000000006,388.68000000000006,391.68000000000006,25.0,12,Evac Area 4,
17,Vessel 6,17,Safe Area 3 Marina,Evac Area 4 Beach,391.68000000000006,409.68000000000006,409.68000000000006,412.68000000000006,25.0,0,None,
18,Vessel 6,18,Evac Area 4 Beach,Safe Area 3 Marina,412.68000000000006,430.68000000000006,430.68000000000006,433.68000000000006,25.0,12,Evac Area 4,
19,Vessel 6,19,Safe Area 3 Marina,Evac Area 4 Dock,433.68000000000006,451.68000000000006,451.68000000000006,454.68000000000006,25.0,0,None,
20,Vessel 6,20,Evac Area 4 Dock,Safe Area 3 Marina,454.68000000000006,472.68000000000006,472.68000000000006,475.68000000000006,25.0,12,Evac Area 4,
1,Vessel 1,1,Safe Area 1 Terminal,Evac Area 1 Ferry Terminal,482.08,496.08,496.08,506.08,12.0,0,None,yes
2,Vessel 1,2,Evac Area 1 Ferry Terminal,Safe Area 1 Terminal,506.08,520.0799999999999,520.0799999999999,530.0799999999999,12.0,47,Evac Area 1,yes
1,Vessel 2,1,Safe Area 3 Marina,Evac Area 4 Dock,482.08,500.08,500.08,503.08,25.0,0,None,yes
2,Vessel 2,2,Evac Area 4 Dock,Safe Area 3 Marina,503.08,521.0799999999999,521.0799999999999,524.0799999999999,25.0,12,Evac Area 4,yes
1,Vessel 3,1,Safe Area 2 Harbor,Evac Area 4 Dock,482.08,500.32,500.32,503.32,25.0,0,None,yes
2,Vessel 3,2,Evac Area 4 Dock,Safe Area 3 Marina,503.32,521.3199999999999,521.3199999999999,524.3199999999999,25.0,1,Evac Area 4,yes
1,Vessel 4,1,Safe Area 2 Harbor,Evac Area 4 Dock,482.08,500.32,500.32,505.32,25.0,0,None,yes
2,Vessel 4,2,Evac Area 4 Dock,Safe Area 3 Marina,505.32,523.3199999999999,523.3199999999999,528.3199999999999,25.0,38,Evac Area 4,yes
1,Vessel 5,1,Safe Area 3 Marina,Evac Area 3 Dock,482.08,497.08,497.08,507.08,18.0,0,None,yes
2,Vessel 5,2,Evac Area 3 Dock,Safe Area 3 Marina,507.08,522.0799999999999,522.0799999999999,532.0799999999999,18.0,119,Evac Area 3,yes
1,Vessel 6,1,Safe Area 3 Marina,Evac Area 4 Dock,482.08,500.08,500.08,503.08,25.0,0,None,yes
2,Vessel 6,2,Evac Area 4 Dock,Safe Area 3 Marina,503.08,521.0799999999999,521.0799999999999,524.0799999999999,25.0,12,Evac Area 4,yes
