segment_id,resource_id,route_segment_id,origin,destination,route_start_time,route_end_time,load_start_time,load_end_time,resource_speed,evacuees,evacuated_location
1,Vessel 1,1,Safe Area 1 Terminal,Evac Area 1 Ferry Terminal,10.0,24.0,24.0,34.0,12.0,0,None
2,Vessel 1,2,Evac Area 1 Ferry Terminal,Safe Area 1 Terminal,34.0,48.0,48.0,58.0,12.0,1,Evac Area 1
1,Vessel 2,1,Safe Area 2 Harbor,Evac Area 4 Beach,10.0,28.24,28.24,31.24,25.0,0,None
2,Vessel 2,2,Evac Area 4 Beach,Safe Area 3 Marina,31.24,49.24,49.24,52.24,25.0,12,Evac Area 4
1,Vessel 4,1,Safe Area 1 Terminal,Evac Area 2 Marina,10.0,34.0,34.0,39.0,25.0,0,None
2,Vessel 4,2,Evac Area 2 Marina,Safe Area 3 Marina,39.0,55.8,55.8,60.8,25.0,38,Evac Area 2
1,Vessel 5,1,Safe Area 1 Terminal,Evac Area 4 Dock,30.0,60.0,60.0,70.0,18.0,0,None
2,Vessel 5,2,Evac Area 4 Dock,Safe Area 3 Marina,70.0,95.0,95.0,105.0,18.0,120,Evac Area 4
1,Vessel 6,1,Safe Area 1 Terminal,Evac Area 3 Dock,30.0,42.0,42.0,45.0,25.0,0,None
2,Vessel 6,2,Evac Area 3 Dock,Safe Area 3 Marina,45.0,55.8,55.8,58.8,25.0,12,Evac Area 3
1,Vessel 2,1,Safe Area 3 Marina,Evac Area 4 Dock,52.24,70.24000000000001,70.24000000000001,73.24000000000001,25.0,0,None
2,Vessel 2,2,Evac Area 4 Dock,Safe Area 3 Marina,73.24000000000001,91.24000000000001,91.24000000000001,94.24000000000001,25.0,12,Evac Area 4
3,Vessel 2,3,Safe Area 3 Marina,Evac Area 3 Dock,94.24000000000001,105.04,105.04,108.04,25.0,0,None
4,Vessel 2,4,Evac Area 3 Dock,Safe Area 3 Marina,108.04,118.84,118.84,121.84,25.0,9,Evac Area 3
5,Vessel 2,5,Safe Area 3 Marina,Evac Area 4 Beach,121.84,139.84,139.84,142.84,25.0,0,None
6,Vessel 2,6,Evac Area 4 Beach,Safe Area 3 Marina,142.84,160.84,160.84,163.84,25.0,12,Evac Area 4
7,Vessel 2,7,Safe Area 3 Marina,Evac Area 4 Dock,163.84,181.84,181.84,184.84,25.0,0,None
8,Vessel 2,8,Evac Area 4 Dock,Safe Area 3 Marina,184.84,202.84,202.84,205.84,25.0,12,Evac Area 4
9,Vessel 2,9,Safe Area 3 Marina,Evac Area 4 Dock,205.84,223.84,223.84,226.84,25.0,0,None
10,Vessel 2,10,Evac Area 4 Dock,Safe Area 3 Marina,226.84,244.84,244.84,247.84,25.0,12,Evac Area 4
11,Vessel 2,11,Safe Area 3 Marina,Evac Area 4 Dock,247.84,265.84000000000003,265.84000000000003,268.84000000000003,25.0,0,None
12,Vessel 2,12,Evac Area 4 Dock,Safe Area 3 Marina,268.84000000000003,286.84000000000003,286.84000000000003,289.84000000000003,25.0,12,Evac Area 4
13,Vessel 2,13,Safe Area 3 Marina,Evac Area 4 Dock,289.84000000000003,307.84000000000003,307.84000000000003,310.84000000000003,25.0,0,None
14,Vessel 2,14,Evac Area 4 Dock,Safe Area 3 Marina,310.84000000000003,328.84000000000003,328.84000000000003,331.84000000000003,25.0,12,Evac Area 4
15,Vessel 2,15,Safe Area 3 Marina,Evac Area 4 Dock,331.84000000000003,349.84000000000003,349.84000000000003,352.84000000000003,25.0,0,None
16,Vessel 2,16,Evac Area 4 Dock,Safe Area 3 Marina,352.84000000000003,370.84000000000003,370.84000000000003,373.84000000000003,25.0,12,Evac Area 4
17,Vessel 2,17,Safe Area 3 Marina,Evac Area 4 Dock,373.84000000000003,391.84000000000003,391.84000000000003,394.84000000000003,25.0,0,None
18,Vessel 2,18,Evac Area 4 Dock,Safe Area 3 Marina,394.84000000000003,412.84000000000003,412.84000000000003,415.84000000000003,25.0,12,Evac Area 4
19,Vessel 2,19,Safe Area 3 Marina,Evac Area 4 Beach,415.84000000000003,433.84000000000003,433.84000000000003,436.84000000000003,25.0,0,None
20,Vessel 2,20,Evac Area 4 Beach,Safe Area 3 Marina,436.84000000000003,454.84000000000003,454.84000000000003,457.84000000000003,25.0,12,Evac Area 4
21,Vessel 2,21,Safe Area 3 Marina,Evac Area 4 Beach,457.84000000000003,475.84000000000003,475.84000000000003,478.84000000000003,25.0,0,None
22,Vessel 2,22,Evac Area 4 Beach,Safe Area 3 Marina,478.84000000000003,496.84000000000003,496.84000000000003,499.84000000000003,25.0,12,Evac Area 4
23,Vessel 2,23,Safe Area 3 Marina,Evac Area 4 Dock,499.84000000000003,517.84,517.84,520.84,25.0,0,None
24,Vessel 2,24,Evac Area 4 Dock,Safe Area 3 Marina,520.84,538.84,538.84,541.84,25.0,12,Evac Area 4
25,Vessel 2,25,Safe Area 3 Marina,Evac Area 4 Beach,541.84,559.84,559.84,562.84,25.0,0,None
26,Vessel 2,26,Evac Area 4 Beach,Safe Area 3 Marina,562.84,580.84,580.84,583.84,25.0,12,Evac Area 4
27,Vessel 2,27,Safe Area 3 Marina,Evac Area 3 Dock,583.84,594.64,594.64,597.64,25.0,0,None
28,Vessel 2,28,Evac Area 3 Dock,Safe Area 3 Marina,597.64,608.4399999999999,608.4399999999999,611.4399999999999,25.0,12,Evac Area 3
1,Vessel 3,1,Safe Area 3 Marina,Evac Area 4 Dock,60.0,78.0,78.0,81.0,25.0,0,None
2,Vessel 3,2,Evac Area 4 Dock,Safe Area 3 Marina,81.0,99.0,99.0,102.0,25.0,12,Evac Area 4
3,Vessel 3,3,Safe Area 3 Marina,Evac Area 4 Beach,102.0,120.0,120.0,123.0,25.0,0,None
4,Vessel 3,4,Evac Area 4 Beach,Safe Area 3 Marina,123.0,141.0,141.0,144.0,25.0,12,Evac Area 4
5,Vessel 3,5,Safe Area 3 Marina,Evac Area 4 Dock,144.0,162.0,162.0,165.0,25.0,0,None
6,Vessel 3,6,Evac Area 4 Dock,Safe Area 3 Marina,165.0,183.0,183.0,186.0,25.0,12,Evac Area 4
7,Vessel 3,7,Safe Area 3 Marina,Evac Area 4 Beach,186.0,204.0,204.0,207.0,25.0,0,None
8,Vessel 3,8,Evac Area 4 Beach,Safe Area 3 Marina,207.0,225.0,225.0,228.0,25.0,12,Evac Area 4
9,Vessel 3,9,Safe Area 3 Marina,Evac Area 4 Beach,228.0,246.0,246.0,249.0,25.0,0,None
10,Vessel 3,10,Evac Area 4 Beach,Safe Area 3 Marina,249.0,267.0,267.0,270.0,25.0,12,Evac Area 4
11,Vessel 3,11,Safe Area 3 Marina,Evac Area 4 Beach,270.0,288.0,288.0,291.0,25.0,0,None
12,Vessel 3,12,Evac Area 4 Beach,Safe Area 3 Marina,291.0,309.0,309.0,312.0,25.0,12,Evac Area 4
13,Vessel 3,13,Safe Area 3 Marina,Evac Area 4 Beach,312.0,330.0,330.0,333.0,25.0,0,None
14,Vessel 3,14,Evac Area 4 Beach,Safe Area 3 Marina,333.0,351.0,351.0,354.0,25.0,12,Evac Area 4
15,Vessel 3,15,Safe Area 3 Marina,Evac Area 4 Dock,354.0,372.0,372.0,375.0,25.0,0,None
16,Vessel 3,16,Evac Area 4 Dock,Safe Area 3 Marina,375.0,393.0,393.0,396.0,25.0,12,Evac Area 4
17,Vessel 3,17,Safe Area 3 Marina,Evac Area 4 Beach,396.0,414.0,414.0,417.0,25.0,0,None
18,Vessel 3,18,Evac Area 4 Beach,Safe Area 3 Marina,417.0,435.0,435.0,438.0,25.0,12,Evac Area 4
19,Vessel 3,19,Safe Area 3 Marina,Evac Area 4 Beach,438.0,456.0,456.0,459.0,25.0,0,None
20,Vessel 3,20,Evac Area 4 Beach,Safe Area 3 Marina,459.0,477.0,477.0,480.0,25.0,12,Evac Area 4
21,Vessel 3,21,Safe Area 3 Marina,Evac Area 4 Beach,480.0,498.0,498.0,501.0,25.0,0,None
22,Vessel 3,22,Evac Area 4 Beach,Safe Area 3 Marina,501.0,519.0,519.0,522.0,25.0,12,Evac Area 4
23,Vessel 3,23,Safe Area 3 Marina,Evac Area 3 Dock,522.0,532.8,532.8,535.8,25.0,0,None
24,Vessel 3,24,Evac Area 3 Dock,Safe Area 3 Marina,535.8,546.6,546.6,549.6,25.0,12,Evac Area 3
25,Vessel 3,25,Safe Area 3 Marina,Evac Area 4 Beach,549.6,567.6,567.6,570.6,25.0,0,None
26,Vessel 3,26,Evac Area 4 Beach,Safe Area 3 Marina,570.6,588.6,588.6,591.6,25.0,12,Evac Area 4
27,Vessel 3,27,Safe Area 3 Marina,Evac Area 4 Dock,591.6,609.6,609.6,612.6,25.0,0,None
28,Vessel 3,28,Evac Area 4 Dock,Safe Area 3 Marina,612.6,630.6,630.6,633.6,25.0,12,Evac Area 4
1,Vessel 4,1,Safe Area 3 Marina,Evac Area 4 Dock,60.8,78.8,78.8,83.8,25.0,0,None
2,Vessel 4,2,Evac Area 4 Dock,Safe Area 3 Marina,83.8,101.8,101.8,106.8,25.0,38,Evac Area 4
3,Vessel 4,3,Safe Area 3 Marina,Evac Area 4 Dock,106.8,124.8,124.8,129.8,25.0,0,None
4,Vessel 4,4,Evac Area 4 Dock,Safe Area 3 Marina,129.8,147.8,147.8,152.8,25.0,38,Evac Area 4
5,Vessel 4,5,Safe Area 3 Marina,Evac Area 4 Dock,152.8,170.8,170.8,175.8,25.0,0,None
6,Vessel 4,6,Evac Area 4 Dock,Safe Area 3 Marina,175.8,193.8,193.8,198.8,25.0,38,Evac Area 4
7,Vessel 4,7,Safe Area 3 Marina,Evac Area 4 Dock,198.8,216.8,216.8,221.8,25.0,0,None
8,Vessel 4,8,Evac Area 4 Dock,Safe Area 3 Marina,221.8,239.8,239.8,244.8,25.0,31,Evac Area 4
9,Vessel 4,9,Safe Area 3 Marina,Evac Area 4 Dock,244.8,262.8,262.8,267.8,25.0,0,None
10,Vessel 4,10,Evac Area 4 Dock,Safe Area 3 Marina,267.8,285.8,285.8,290.8,25.0,38,Evac Area 4
11,Vessel 4,11,Safe Area 3 Marina,Evac Area 4 Dock,290.8,308.8,308.8,313.8,25.0,0,None
12,Vessel 4,12,Evac Area 4 Dock,Safe Area 3 Marina,313.8,331.8,331.8,336.8,25.0,38,Evac Area 4
13,Vessel 4,13,Safe Area 3 Marina,Evac Area 4 Dock,336.8,354.8,354.8,359.8,25.0,0,None
14,Vessel 4,14,Evac Area 4 Dock,Safe Area 3 Marina,359.8,377.8,377.8,382.8,25.0,38,Evac Area 4
15,Vessel 4,15,Safe Area 3 Marina,Evac Area 4 Dock,382.8,400.8,400.8,405.8,25.0,0,None
16,Vessel 4,16,Evac Area 4 Dock,Safe Area 3 Marina,405.8,423.8,423.8,428.8,25.0,38,Evac Area 4
17,Vessel 4,17,Safe Area 3 Marina,Evac Area 4 Dock,428.8,446.8,446.8,451.8,25.0,0,None
18,Vessel 4,18,Evac Area 4 Dock,Safe Area 3 Marina,451.8,469.8,469.8,474.8,25.0,38,Evac Area 4
19,Vessel 4,19,Safe Area 3 Marina,Evac Area 4 Dock,474.8,492.8,492.8,497.8,25.0,0,None
20,Vessel 4,20,Evac Area 4 Dock,Safe Area 3 Marina,497.8,515.8,515.8,520.8,25.0,38,Evac Area 4
21,Vessel 4,21,Safe Area 3 Marina,Evac Area 4 Dock,520.8,538.8,538.8,543.8,25.0,0,None
22,Vessel 4,22,Evac Area 4 Dock,Safe Area 2 Harbor,543.8,562.04,562.04,567.04,25.0,38,Evac Area 4
23,Vessel 4,23,Safe Area 2 Harbor,Evac Area 2 Marina,567.04,579.04,579.04,584.04,25.0,0,None
24,Vessel 4,24,Evac Area 2 Marina,Safe Area 2 Harbor,584.04,596.04,596.04,601.04,25.0,28,Evac Area 2
25,Vessel 4,25,Safe Area 2 Harbor,Evac Area 2 Marina,601.04,613.04,613.04,618.04,25.0,0,None
26,Vessel 4,26,Evac Area 2 Marina,Safe Area 2 Harbor,618.04,630.04,630.04,635.04,25.0,38,Evac Area 2
1,Vessel 5,1,Safe Area 3 Marina,Evac Area 4 Dock,105.0,130.0,130.0,140.0,18.0,0,None
2,Vessel 5,2,Evac Area 4 Dock,Safe Area 3 Marina,140.0,165.0,165.0,175.0,18.0,120,Evac Area 4
3,Vessel 5,3,Safe Area 3 Marina,Evac Area 4 Dock,175.0,200.0,200.0,210.0,18.0,0,None
4,Vessel 5,4,Evac Area 4 Dock,Safe Area 3 Marina,210.0,235.0,235.0,245.0,18.0,120,Evac Area 4
5,Vessel 5,5,Safe Area 3 Marina,Evac Area 4 Dock,245.0,270.0,270.0,280.0,18.0,0,None
6,Vessel 5,6,Evac Area 4 Dock,Safe Area 3 Marina,280.0,305.0,305.0,315.0,18.0,120,Evac Area 4
7,Vessel 5,7,Safe Area 3 Marina,Evac Area 4 Dock,315.0,340.0,340.0,350.0,18.0,0,None
8,Vessel 5,8,Evac Area 4 Dock,Safe Area 3 Marina,350.0,375.0,375.0,385.0,18.0,120,Evac Area 4
9,Vessel 5,9,Safe Area 3 Marina,Evac Area 4 Dock,385.0,410.0,410.0,420.0,18.0,0,None
10,Vessel 5,10,Evac Area 4 Dock,Safe Area 3 Marina,420.0,445.0,445.0,455.0,18.0,120,Evac Area 4
11,Vessel 5,11,Safe Area 3 Marina,Evac Area 4 Dock,455.0,480.0,480.0,490.0,18.0,0,None
12,Vessel 5,12,Evac Area 4 Dock,Safe Area 3 Marina,490.0,515.0,515.0,525.0,18.0,120,Evac Area 4
13,Vessel 5,13,Safe Area 3 Marina,Evac Area 4 Dock,525.0,550.0,550.0,560.0,18.0,0,None
14,Vessel 5,14,Evac Area 4 Dock,Safe Area 3 Marina,560.0,585.0,585.0,595.0,18.0,120,Evac Area 4
1,Vessel 6,1,Safe Area 3 Marina,Evac Area 4 Beach,58.8,76.8,76.8,79.8,25.0,0,None
2,Vessel 6,2,Evac Area 4 Beach,Safe Area 3 Marina,79.8,97.8,97.8,100.8,25.0,12,Evac Area 4
3,Vessel 6,3,Safe Area 3 Marina,Evac Area 3 Dock,100.8,111.6,111.6,114.6,25.0,0,None
4,Vessel 6,4,Evac Area 3 Dock,Safe Area 3 Marina,114.6,125.39999999999999,125.39999999999999,128.39999999999998,25.0,12,Evac Area 3
5,Vessel 6,5,Safe Area 3 Marina,Evac Area 4 Beach,128.39999999999998,146.39999999999998,146.39999999999998,149.39999999999998,25.0,0,None
6,Vessel 6,6,Evac Area 4 Beach,Safe Area 3 Marina,149.39999999999998,167.39999999999998,167.39999999999998,170.39999999999998,25.0,12,Evac Area 4
7,Vessel 6,7,Safe Area 3 Marina,Evac Area 4 Dock,170.39999999999998,188.39999999999998,188.39999999999998,191.39999999999998,25.0,0,None
8,Vessel 6,8,Evac Area 4 Dock,Safe Area 3 Marina,191.39999999999998,209.39999999999998,209.39999999999998,212.39999999999998,25.0,12,Evac Area 4
9,Vessel 6,9,Safe Area 3 Marina,Evac Area 4 Beach,212.39999999999998,230.39999999999998,230.39999999999998,233.39999999999998,25.0,0,None
10,Vessel 6,10,Evac Area 4 Beach,Safe Area 3 Marina,233.39999999999998,251.39999999999998,251.39999999999998,254.39999999999998,25.0,12,Evac Area 4
11,Vessel 6,11,Safe Area 3 Marina,Evac Area 4 Beach,254.39999999999998,272.4,272.4,275.4,25.0,0,None
12,Vessel 6,12,Evac Area 4 Beach,Safe Area 3 Marina,275.4,293.4,293.4,296.4,25.0,12,Evac Area 4
13,Vessel 6,13,Safe Area 3 Marina,Evac Area 4 Dock,296.4,314.4,314.4,317.4,25.0,0,None
14,Vessel 6,14,Evac Area 4 Dock,Safe Area 3 Marina,317.4,335.4,335.4,338.4,25.0,12,Evac Area 4
15,Vessel 6,15,Safe Area 3 Marina,Evac Area 4 Dock,338.4,356.4,356.4,359.4,25.0,0,None
16,Vessel 6,16,Evac Area 4 Dock,Safe Area 3 Marina,359.4,377.4,377.4,380.4,25.0,12,Evac Area 4
17,Vessel 6,17,Safe Area 3 Marina,Evac Area 4 Beach,380.4,398.4,398.4,401.4,25.0,0,None
18,Vessel 6,18,Evac Area 4 Beach,Safe Area 3 Marina,401.4,419.4,419.4,422.4,25.0,12,Evac Area 4
19,Vessel 6,19,Safe Area 3 Marina,Evac Area 4 Dock,422.4,440.4,440.4,443.4,25.0,0,None
20,Vessel 6,20,Evac Area 4 Dock,Safe Area 3 Marina,443.4,461.4,461.4,464.4,25.0,12,Evac Area 4
21,Vessel 6,21,Safe Area 3 Marina,Evac Area 4 Beach,464.4,482.4,482.4,485.4,25.0,0,None
22,Vessel 6,22,Evac Area 4 Beach,Safe Area 3 Marina,485.4,503.4,503.4,506.4,25.0,12,Evac Area 4
23,Vessel 6,23,Safe Area 3 Marina,Evac Area 4 Beach,506.4,524.4,524.4,527.4,25.0,0,None
24,Vessel 6,24,Evac Area 4 Beach,Safe Area 3 Marina,527.4,545.4,545.4,548.4,25.0,12,Evac Area 4
25,Vessel 6,25,Safe Area 3 Marina,Evac Area 4 Beach,548.4,566.4,566.4,569.4,25.0,0,None
26,Vessel 6,26,Evac Area 4 Beach,Safe Area 3 Marina,569.4,587.4,587.4,590.4,25.0,12,Evac Area 4
27,Vessel 6,27,Safe Area 3 Marina,Evac Area 4 Dock,590.4,608.4,608.4,611.4,25.0,0,None
28,Vessel 6,28,Evac Area 4 Dock,Safe Area 3 Marina,611.4,629.4,629.4,632.4,25.0,12,Evac Area 4
