segment_id,resource_id,route_segment_id,origin,destination,route_start_time,route_end_time,load_start_time,load_end_time,resource_speed,evacuees,evacuated_location
1,Vessel 1,1,Safe Area 1 Terminal,Evac Area 1 Ferry Terminal,10.0,24.0,24.0,34.0,12.0,0,None
2,Vessel 1,2,Evac Area 1 Ferry Terminal,Safe Area 1 Terminal,34.0,48.0,48.0,58.0,12.0,102,Evac Area 1
1,Vessel 1,1,Safe Area 1 Terminal,Evac Area 1 Ferry Terminal,60.0,74.0,74.0,84.0,12.0,0,None
2,Vessel 1,2,Evac Area 1 Ferry Terminal,Safe Area 1 Terminal,84.0,98.0,98.0,108.0,12.0,55,Evac Area 1
1,Vessel 2,1,Safe Area 2 Harbor,Evac Area 4 Dock,10.0,28.239999999999995,28.239999999999995,31.239999999999995,25.0,0,None
2,Vessel 2,2,Evac Area 4 Dock,Safe Area 3 Marina,31.239999999999995,49.24000000000001,49.24000000000001,52.24000000000001,25.0,5,Evac Area 4
1,Vessel 2,1,Safe Area 3 Marina,Evac Area 4 Dock,52.24000000000001,70.24000000000001,70.24000000000001,73.24000000000001,25.0,0,None
2,Vessel 2,2,Evac Area 4 Dock,Safe Area 3 Marina,73.24000000000001,91.24,91.24,94.24,25.0,2,Evac Area 4
1,Vessel 2,1,Safe Area 3 Marina,Evac Area 2 Marina,94.24,111.04,111.04,114.04,25.0,0,None
2,Vessel 2,2,Evac Area 2 Marina,Safe Area 2 Harbor,114.04,126.04,126.04,129.04,25.0,12,Evac Area 2
1,Vessel 3,1,Safe Area 3 Marina,Evac Area 4 Beach,60.0,78.0,78.0,81.0,25.0,0,None
2,Vessel 3,2,Evac Area 4 Beach,Safe Area 1 Terminal,81.0,102.6,102.6,105.6,25.0,12,Evac Area 4
1,Vessel 3,1,Safe Area 1 Terminal,Evac Area 3 Dock,105.6,117.6,117.6,120.6,25.0,0,None
2,Vessel 3,2,Evac Area 3 Dock,Safe Area 3 Marina,120.6,131.39999999999998,131.39999999999998,134.39999999999998,25.0,1,Evac Area 3
1,Vessel 4,1,Safe Area 1 Terminal,Evac Area 3 Dock,10.0,22.0,22.0,27.0,25.0,0,None
2,Vessel 4,2,Evac Area 3 Dock,Safe Area 3 Marina,27.0,37.8,37.8,42.8,25.0,38,Evac Area 3
1,Vessel 4,1,Safe Area 3 Marina,Evac Area 4 Dock,42.8,60.8,60.8,65.8,25.0,0,None
2,Vessel 4,2,Evac Area 4 Dock,Safe Area 3 Marina,65.8,83.8,83.8,88.8,25.0,38,Evac Area 4
1,Vessel 4,1,Safe Area 3 Marina,Evac Area 4 Dock,88.8,106.8,106.8,111.8,25.0,0,None
2,Vessel 4,2,Evac Area 4 Dock,Safe Area 3 Marina,111.8,129.8,129.8,134.8,25.0,38,Evac Area 4
1,Vessel 5,1,Safe Area 1 Terminal,Evac Area 3 Dock,30.0,46.66666666666667,46.66666666666667,56.66666666666667,18.0,0,None
2,Vessel 5,2,Evac Area 3 Dock,Safe Area 3 Marina,56.66666666666667,71.66666666666667,71.66666666666667,81.66666666666667,18.0,117,Evac Area 3
1,Vessel 5,1,Safe Area 3 Marina,Evac Area 4 Dock,81.66666666666667,106.66666666666669,106.66666666666669,116.66666666666669,18.0,0,None
2,Vessel 5,2,Evac Area 4 Dock,Safe Area 3 Marina,116.66666666666669,141.66666666666669,141.66666666666669,151.66666666666669,18.0,112,Evac Area 4
1,Vessel 6,1,Safe Area 1 Terminal,Evac Area 4 Dock,30.0,51.599999999999994,51.599999999999994,54.599999999999994,25.0,0,None
2,Vessel 6,2,Evac Area 4 Dock,Safe Area 3 Marina,54.599999999999994,72.6,72.6,75.6,25.0,12,Evac Area 4
1,Vessel 6,1,Safe Area 3 Marina,Evac Area 4 Beach,75.6,93.6,93.6,96.6,25.0,0,None
2,Vessel 6,2,Evac Area 4 Beach,Safe Area 3 Marina,96.6,114.6,114.6,117.6,25.0,12,Evac Area 4
1,Vessel 6,1,Safe Area 3 Marina,Evac Area 3 Dock,117.6,128.39999999999998,128.39999999999998,131.39999999999998,25.0,0,None
2,Vessel 6,2,Evac Area 3 Dock,Safe Area 3 Marina,131.39999999999998,142.2,142.2,145.2,25.0,12,Evac Area 3
1,Vessel 1,1,Safe Area 1 Terminal,Evac Area 1 Ferry Terminal,120.0,134.0,134.0,144.0,12.0,0,None
2,Vessel 1,2,Evac Area 1 Ferry Terminal,Safe Area 1 Terminal,144.0,158.0,158.0,168.0,12.0,19,Evac Area 1
1,Vessel 2,1,Safe Area 2 Harbor,Evac Area 2 Marina,129.04,141.04,141.04,144.04,25.0,0,None
2,Vessel 2,2,Evac Area 2 Marina,Safe Area 2 Harbor,144.04,156.04,156.04,159.04,25.0,12,Evac Area 2
3,Vessel 2,3,Safe Area 2 Harbor,Evac Area 2 Marina,159.04,171.04,171.04,174.04,25.0,0,None
4,Vessel 2,4,Evac Area 2 Marina,Safe Area 2 Harbor,174.04,186.04,186.04,189.04,25.0,12,Evac Area 2
5,Vessel 2,5,Safe Area 2 Harbor,Evac Area 2 Marina,189.04,201.04,201.04,204.04,25.0,0,None
6,Vessel 2,6,Evac Area 2 Marina,Safe Area 2 Harbor,204.04,216.04,216.04,219.04,25.0,12,Evac Area 2
7,Vessel 2,7,Safe Area 2 Harbor,Evac Area 2 Marina,219.04,231.04,231.04,234.04,25.0,0,None
8,Vessel 2,8,Evac Area 2 Marina,Safe Area 2 Harbor,234.04,246.04,246.04,249.04,25.0,12,Evac Area 2
9,Vessel 2,9,Safe Area 2 Harbor,Evac Area 4 Beach,249.04,267.28,267.28,270.28,25.0,0,None
10,Vessel 2,10,Evac Area 4 Beach,Safe Area 2 Harbor,270.28,288.52,288.52,291.52,25.0,12,Evac Area 4
11,Vessel 2,11,Safe Area 2 Harbor,Evac Area 2 Marina,291.52,303.52,303.52,306.52,25.0,0,None
12,Vessel 2,12,Evac Area 2 Marina,Safe Area 2 Harbor,306.52,318.52,318.52,321.52,25.0,12,Evac Area 2
13,Vessel 2,13,Safe Area 2 Harbor,Evac Area 2 Marina,321.52,333.52,333.52,336.52,25.0,0,None
14,Vessel 2,14,Evac Area 2 Marina,Safe Area 2 Harbor,336.52,348.52,348.52,351.52,25.0,12,Evac Area 2
15,Vessel 2,15,Safe Area 2 Harbor,Evac Area 2 Marina,351.52,363.52,363.52,366.52,25.0,0,None
16,Vessel 2,16,Evac Area 2 Marina,Safe Area 2 Harbor,366.52,378.52,378.52,381.52,25.0,9,Evac Area 2
1,Vessel 3,1,Safe Area 3 Marina,Evac Area 4 Dock,134.39999999999998,152.39999999999998,152.39999999999998,155.39999999999998,25.0,0,None
2,Vessel 3,2,Evac Area 4 Dock,Safe Area 3 Marina,155.39999999999998,173.39999999999998,173.39999999999998,176.39999999999998,25.0,12,Evac Area 4
3,Vessel 3,3,Safe Area 3 Marina,Evac Area 4 Beach,176.39999999999998,194.39999999999998,194.39999999999998,197.39999999999998,25.0,0,None
4,Vessel 3,4,Evac Area 4 Beach,Safe Area 3 Marina,197.39999999999998,215.39999999999998,215.39999999999998,218.39999999999998,25.0,12,Evac Area 4
5,Vessel 3,5,Safe Area 3 Marina,Evac Area 4 Beach,218.39999999999998,236.39999999999998,236.39999999999998,239.39999999999998,25.0,0,None
6,Vessel 3,6,Evac Area 4 Beach,Safe Area 3 Marina,239.39999999999998,257.4,257.4,260.4,25.0,12,Evac Area 4
7,Vessel 3,7,Safe Area 3 Marina,Evac Area 4 Dock,260.4,278.4,278.4,281.4,25.0,0,None
8,Vessel 3,8,Evac Area 4 Dock,Safe Area 3 Marina,281.4,299.4,299.4,302.4,25.0,12,Evac Area 4
9,Vessel 3,9,Safe Area 3 Marina,Evac Area 4 Beach,302.4,320.4,320.4,323.4,25.0,0,None
10,Vessel 3,10,Evac Area 4 Beach,Safe Area 2 Harbor,323.4,341.64,341.64,344.64,25.0,1,Evac Area 4
11,Vessel 3,11,Safe Area 2 Harbor,Evac Area 2 Marina,344.64,356.64,356.64,359.64,25.0,0,None
12,Vessel 3,12,Evac Area 2 Marina,Safe Area 2 Harbor,359.64,371.64,371.64,374.64,25.0,12,Evac Area 2
1,Vessel 4,1,Safe Area 3 Marina,Evac Area 4 Dock,134.8,152.8,152.8,157.8,25.0,0,None
2,Vessel 4,2,Evac Area 4 Dock,Safe Area 2 Harbor,157.8,176.04000000000002,176.04000000000002,181.04000000000002,25.0,38,Evac Area 4
3,Vessel 4,3,Safe Area 2 Harbor,Evac Area 2 Marina,181.04000000000002,193.04000000000002,193.04000000000002,198.04000000000002,25.0,0,None
4,Vessel 4,4,Evac Area 2 Marina,Safe Area 2 Harbor,198.04000000000002,210.04000000000002,210.04000000000002,215.04000000000002,25.0,38,Evac Area 2
5,Vessel 4,5,Safe Area 2 Harbor,Evac Area 2 Marina,215.04000000000002,227.04000000000002,227.04000000000002,232.04000000000002,25.0,0,None
6,Vessel 4,6,Evac Area 2 Marina,Safe Area 2 Harbor,232.04000000000002,244.04000000000002,244.04000000000002,249.04000000000002,25.0,38,Evac Area 2
7,Vessel 4,7,Safe Area 2 Harbor,Evac Area 2 Marina,249.04000000000002,261.04,261.04,266.04,25.0,0,None
8,Vessel 4,8,Evac Area 2 Marina,Safe Area 2 Harbor,266.04,278.04,278.04,283.04,25.0,38,Evac Area 2
9,Vessel 4,9,Safe Area 2 Harbor,Evac Area 2 Marina,283.04,295.04,295.04,300.04,25.0,0,None
10,Vessel 4,10,Evac Area 2 Marina,Safe Area 2 Harbor,300.04,312.04,312.04,317.04,25.0,38,Evac Area 2
11,Vessel 4,11,Safe Area 2 Harbor,Evac Area 2 Marina,317.04,329.04,329.04,334.04,25.0,0,None
12,Vessel 4,12,Evac Area 2 Marina,Safe Area 2 Harbor,334.04,346.04,346.04,351.04,25.0,38,Evac Area 2
13,Vessel 4,13,Safe Area 2 Harbor,Evac Area 2 Marina,351.04,363.04,363.04,368.04,25.0,0,None
14,Vessel 4,14,Evac Area 2 Marina,Safe Area 2 Harbor,368.04,380.04,380.04,385.04,25.0,38,Evac Area 2
1,Vessel 5,1,Safe Area 3 Marina,Evac Area 4 Dock,151.66666666666669,176.66666666666669,176.66666666666669,186.66666666666669,18.0,0,None
2,Vessel 5,2,Evac Area 4 Dock,Safe Area 2 Harbor,186.66666666666669,212.0,212.0,222.0,18.0,120,Evac Area 4
3,Vessel 5,3,Safe Area 2 Harbor,Evac Area 2 Marina,222.0,238.66666666666669,238.66666666666669,248.66666666666669,18.0,0,None
4,Vessel 5,4,Evac Area 2 Marina,Safe Area 2 Harbor,248.66666666666669,265.33333333333337,265.33333333333337,275.33333333333337,18.0,120,Evac Area 2
5,Vessel 5,5,Safe Area 2 Harbor,Evac Area 2 Marina,275.33333333333337,292.0,292.0,302.0,18.0,0,None
6,Vessel 5,6,Evac Area 2 Marina,Safe Area 2 Harbor,302.0,318.66666666666663,318.66666666666663,328.66666666666663,18.0,120,Evac Area 2
7,Vessel 5,7,Safe Area 2 Harbor,Evac Area 2 Marina,328.66666666666663,345.3333333333333,345.3333333333333,355.3333333333333,18.0,0,None
8,Vessel 5,8,Evac Area 2 Marina,Safe Area 2 Harbor,355.3333333333333,372.0,372.0,382.0,18.0,120,Evac Area 2
1,Vessel 6,1,Safe Area 3 Marina,Evac Area 4 Beach,145.2,163.2,163.2,166.2,25.0,0,None
2,Vessel 6,2,Evac Area 4 Beach,Safe Area 3 Marina,166.2,184.2,184.2,187.2,25.0,12,Evac Area 4
3,Vessel 6,3,Safe Area 3 Marina,Evac Area 4 Beach,187.2,205.2,205.2,208.2,25.0,0,None
4,Vessel 6,4,Evac Area 4 Beach,Safe Area 3 Marina,208.2,226.2,226.2,229.2,25.0,12,Evac Area 4
5,Vessel 6,5,Safe Area 3 Marina,Evac Area 4 Beach,229.2,247.2,247.2,250.2,25.0,0,None
6,Vessel 6,6,Evac Area 4 Beach,Safe Area 3 Marina,250.2,268.2,268.2,271.2,25.0,12,Evac Area 4
7,Vessel 6,7,Safe Area 3 Marina,Evac Area 4 Beach,271.2,289.2,289.2,292.2,25.0,0,None
8,Vessel 6,8,Evac Area 4 Beach,Safe Area 3 Marina,292.2,310.2,310.2,313.2,25.0,12,Evac Area 4
9,Vessel 6,9,Safe Area 3 Marina,Evac Area 4 Beach,313.2,331.2,331.2,334.2,25.0,0,None
10,Vessel 6,10,Evac Area 4 Beach,Safe Area 2 Harbor,334.2,352.44,352.44,355.44,25.0,12,Evac Area 4
11,Vessel 6,11,Safe Area 2 Harbor,Evac Area 2 Marina,355.44,367.44,367.44,370.44,25.0,0,None
12,Vessel 6,12,Evac Area 2 Marina,Safe Area 2 Harbor,370.44,382.44,382.44,385.44,25.0,12,Evac Area 2
