segment_id,resource_id,route_segment_id,origin,destination,route_start_time,route_end_time,load_start_time,load_end_time,resource_speed,evacuees,evacuated_location
1,Vessel 1,1,Safe Area 1 Terminal,Evac Area 1 Ferry Terminal,10.0,24.0,24.0,34.0,12.0,0,None
2,Vessel 1,2,Evac Area 1 Ferry Terminal,Safe Area 1 Terminal,34.0,48.0,48.0,58.0,12.0,102,Evac Area 1
1,Vessel 1,1,Safe Area 1 Terminal,Evac Area 1 Ferry Terminal,60.0,74.0,74.0,84.0,12.0,0,None
2,Vessel 1,2,Evac Area 1 Ferry Terminal,Safe Area 1 Terminal,84.0,98.0,98.0,108.0,12.0,55,Evac Area 1
1,Vessel 1,1,Safe Area 1 Terminal,Evac Area 1 Ferry Terminal,120.0,134.0,134.0,144.0,12.0,0,None
2,Vessel 1,2,Evac Area 1 Ferry Terminal,Safe Area 1 Terminal,144.0,158.0,158.0,168.0,12.0,19,Evac Area 1
1,Vessel 2,1,Safe Area 2 Harbor,Evac Area 4 Dock,10.0,28.239999999999995,28.239999999999995,31.239999999999995,25.0,0,None
2,Vessel 2,2,Evac Area 4 Dock,Safe Area 3 Marina,31.239999999999995,49.24000000000001,49.24000000000001,52.24000000000001,25.0,5,Evac Area 4
1,Vessel 2,1,Safe Area 3 Marina,Evac Area 4 Dock,52.24000000000001,70.24000000000001,70.24000000000001,73.24000000000001,25.0,0,None
2,Vessel 2,2,Evac Area 4 Dock,Safe Area 3 Marina,73.24000000000001,91.24,91.24,94.24,25.0,2,Evac Area 4
1,Vessel 2,1,Safe Area 3 Marina,Evac Area 2 Marina,94.24,111.04,111.04,114.04,25.0,0,None
2,Vessel 2,2,Evac Area 2 Marina,Safe Area 2 Harbor,114.04,126.04,126.04,129.04,25.0,12,Evac Area 2
1,Vessel 2,1,Safe Area 2 Harbor,Evac Area 2 Marina,129.04,141.04,141.04,144.04,25.0,0,None
2,Vessel 2,2,Evac Area 2 Marina,Safe Area 2 Harbor,144.04,156.04,156.04,159.04,25.0,12,Evac Area 2
1,Vessel 3,1,Safe Area 3 Marina,Evac Area 4 Beach,60.0,78.0,78.0,81.0,25.0,0,None
2,Vessel 3,2,Evac Area 4 Beach,Safe Area 1 Terminal,81.0,102.6,102.6,105.6,25.0,12,Evac Area 4
1,Vessel 3,1,Safe Area 1 Terminal,Evac Area 3 Dock,105.6,117.6,117.6,120.6,25.0,0,None
2,Vessel 3,2,Evac Area 3 Dock,Safe Area 3 Marina,120.6,131.39999999999998,131.39999999999998,134.39999999999998,25.0,1,Evac Area 3
1,Vessel 3,1,Safe Area 3 Marina,Evac Area 4 Dock,134.39999999999998,152.39999999999998,152.39999999999998,155.39999999999998,25.0,0,None
2,Vessel 3,2,Evac Area 4 Dock,Safe Area 3 Marina,155.39999999999998,173.39999999999998,173.39999999999998,176.39999999999998,25.0,12,Evac Area 4
1,Vessel 4,1,Safe Area 1 Terminal,Evac Area 3 Dock,10.0,22.0,22.0,27.0,25.0,0,None
2,Vessel 4,2,Evac Area 3 Dock,Safe Area 3 Marina,27.0,37.8,37.8,42.8,25.0,38,Evac Area 3
1,Vessel 4,1,Safe Area 3 Marina,Evac Area 4 Dock,42.8,60.8,60.8,65.8,25.0,0,None
2,Vessel 4,2,Evac Area 4 Dock,Safe Area 3 Marina,65.8,83.8,83.8,88.8,25.0,38,Evac Area 4
1,Vessel 4,1,Safe Area 3 Marina,Evac Area 4 Dock,88.8,106.8,106.8,111.8,25.0,0,None
2,Vessel 4,2,Evac Area 4 Dock,Safe Area 3 Marina,111.8,129.8,129.8,134.8,25.0,38,Evac Area 4
1,Vessel 4,1,Safe Area 3 Marina,Evac Area 4 Dock,134.8,152.8,152.8,157.8,25.0,0,None
2,Vessel 4,2,Evac Area 4 Dock,Safe Area 2 Harbor,157.8,176.04000000000002,176.04000000000002,181.04,25.0,38,Evac Area 4
1,Vessel 5,1,Safe Area 1 Terminal,Evac Area 3 Dock,30.0,46.66666666666667,46.66666666666667,56.66666666666667,18.0,0,None
2,Vessel 5,2,Evac Area 3 Dock,Safe Area 3 Marina,56.66666666666667,71.66666666666667,71.66666666666667,81.66666666666667,18.0,117,Evac Area 3
1,Vessel 5,1,Safe Area 3 Marina,Evac Area 4 Dock,81.66666666666667,106.66666666666669,106.66666666666669,116.66666666666669,18.0,0,None
2,Vessel 5,2,Evac Area 4 Dock,Safe Area 3 Marina,116.66666666666669,141.66666666666669,141.66666666666669,151.66666666666669,18.0,112,Evac Area 4
1,Vessel 6,1,Safe Area 1 Terminal,Evac Area 4 Dock,30.0,51.599999999999994,51.599999999999994,54.599999999999994,25.0,0,None
2,Vessel 6,2,Evac Area 4 Dock,Safe Area 3 Marina,54.599999999999994,72.6,72.6,75.6,25.0,12,Evac Area 4
1,Vessel 6,1,Safe Area 3 Marina,Evac Area 4 Beach,75.6,93.6,93.6,96.6,25.0,0,None
2,Vessel 6,2,Evac Area 4 Beach,Safe Area 3 Marina,96.6,114.6,114.6,117.6,25.0,12,Evac Area 4
1,Vessel 6,1,Safe Area 3 Marina,Evac Area 3 Dock,117.6,128.39999999999998,128.39999999999998,131.39999999999998,25.0,0,None
2,Vessel 6,2,Evac Area 3 Dock,Safe Area 3 Marina,131.39999999999998,142.2,142.2,145.2,25.0,12,Evac Area 3
1,Vessel 6,1,Safe Area 3 Marina,Evac Area 4 Beach,145.2,163.2,163.2,166.2,25.0,0,None
2,Vessel 6,2,Evac Area 4 Beach,Safe Area 3 Marina,166.2,184.2,184.2,187.2,25.0,12,Evac Area 4
1,Vessel 2,1,Safe Area 2 Harbor,Evac Area 2 Marina,159.04,171.04,171.04,174.04,25.0,0,None
2,Vessel 2,2,Evac Area 2 Marina,Safe Area 2 Harbor,174.04,186.04,186.04,189.04,25.0,12,Evac Area 2
3,Vessel 2,3,Safe Area 2 Harbor,Evac Area 2 Marina,189.04,201.04,201.04,204.04,25.0,0,None
4,Vessel 2,4,Evac Area 2 Marina,Safe Area 2 Harbor,204.04,216.04,216.04,219.04,25.0,12,Evac Area 2
5,Vessel 2,5,Safe Area 2 Harbor,Evac Area 2 Marina,219.04,231.04,231.04,234.04,25.0,0,None
6,Vessel 2,6,Evac Area 2 Marina,Safe Area 2 Harbor,234.04,246.04,246.04,249.04,25.0,12,Evac Area 2
7,Vessel 2,7,Safe Area 2 Harbor,Evac Area 2 Marina,249.04,261.03999999999996,261.03999999999996,264.03999999999996,25.0,0,None
8,Vessel 2,8,Evac Area 2 Marina,Safe Area 2 Harbor,264.03999999999996,276.03999999999996,276.03999999999996,279.03999999999996,25.0,12,Evac Area 2
9,Vessel 2,9,Safe Area 2 Harbor,Evac Area 2 Marina,279.03999999999996,291.03999999999996,291.03999999999996,294.03999999999996,25.0,0,None
10,Vessel 2,10,Evac Area 2 Marina,Safe Area 2 Harbor,294.03999999999996,306.03999999999996,306.03999999999996,309.03999999999996,25.0,12,Evac Area 2
11,Vessel 2,11,Safe Area 2 Harbor,Evac Area 2 Marina,309.03999999999996,321.03999999999996,321.03999999999996,324.03999999999996,25.0,0,None
12,Vessel 2,12,Evac Area 2 Marina,Safe Area 2 Harbor,324.03999999999996,336.03999999999996,336.03999999999996,339.03999999999996,25.0,12,Evac Area 2
13,Vessel 2,13,Safe Area 2 Harbor,Evac Area 2 Marina,339.03999999999996,351.03999999999996,351.03999999999996,354.03999999999996,25.0,0,None
14,Vessel 2,14,Evac Area 2 Marina,Safe Area 2 Harbor,354.03999999999996,366.03999999999996,366.03999999999996,369.03999999999996,25.0,12,Evac Area 2
15,Vessel 2,15,Safe Area 2 Harbor,Evac Area 2 Marina,369.03999999999996,381.03999999999996,381.03999999999996,384.03999999999996,25.0,0,None
16,Vessel 2,16,Evac Area 2 Marina,Safe Area 2 Harbor,384.03999999999996,396.03999999999996,396.03999999999996,399.03999999999996,25.0,12,Evac Area 2
17,Vessel 2,17,Safe Area 2 Harbor,Evac Area 2 Marina,399.03999999999996,411.03999999999996,411.03999999999996,414.03999999999996,25.0,0,None
18,Vessel 2,18,Evac Area 2 Marina,Safe Area 2 Harbor,414.03999999999996,426.03999999999996,426.03999999999996,429.03999999999996,25.0,12,Evac Area 2
19,Vessel 2,19,Safe Area 2 Harbor,Evac Area 2 Marina,429.03999999999996,441.03999999999996,441.03999999999996,444.03999999999996,25.0,0,None
20,Vessel 2,20,Evac Area 2 Marina,Safe Area 2 Harbor,444.03999999999996,456.03999999999996,456.03999999999996,459.03999999999996,25.0,12,Evac Area 2
1,Vessel 3,1,Safe Area 3 Marina,Evac Area 4 Dock,176.39999999999998,194.39999999999998,194.39999999999998,197.39999999999998,25.0,0,None
2,Vessel 3,2,Evac Area 4 Dock,Safe Area 2 Harbor,197.39999999999998,215.64,215.64,218.64,25.0,12,Evac Area 4
3,Vessel 3,3,Safe Area 2 Harbor,Evac Area 2 Marina,218.64,230.64,230.64,233.64,25.0,0,None
4,Vessel 3,4,Evac Area 2 Marina,Safe Area 2 Harbor,233.64,245.64,245.64,248.64,25.0,12,Evac Area 2
5,Vessel 3,5,Safe Area 2 Harbor,Evac Area 2 Marina,248.64,260.64,260.64,263.64,25.0,0,None
6,Vessel 3,6,Evac Area 2 Marina,Safe Area 2 Harbor,263.64,275.64,275.64,278.64,25.0,12,Evac Area 2
7,Vessel 3,7,Safe Area 2 Harbor,Evac Area 2 Marina,278.64,290.64,290.64,293.64,25.0,0,None
8,Vessel 3,8,Evac Area 2 Marina,Safe Area 2 Harbor,293.64,305.64,305.64,308.64,25.0,12,Evac Area 2
9,Vessel 3,9,Safe Area 2 Harbor,Evac Area 2 Marina,308.64,320.64,320.64,323.64,25.0,0,None
10,Vessel 3,10,Evac Area 2 Marina,Safe Area 2 Harbor,323.64,335.64,335.64,338.64,25.0,12,Evac Area 2
11,Vessel 3,11,Safe Area 2 Harbor,Evac Area 2 Marina,338.64,350.64,350.64,353.64,25.0,0,None
12,Vessel 3,12,Evac Area 2 Marina,Safe Area 2 Harbor,353.64,365.64,365.64,368.64,25.0,12,Evac Area 2
13,Vessel 3,13,Safe Area 2 Harbor,Evac Area 2 Marina,368.64,380.64,380.64,383.64,25.0,0,None
14,Vessel 3,14,Evac Area 2 Marina,Safe Area 2 Harbor,383.64,395.64,395.64,398.64,25.0,12,Evac Area 2
15,Vessel 3,15,Safe Area 2 Harbor,Evac Area 2 Marina,398.64,410.64,410.64,413.64,25.0,0,None
16,Vessel 3,16,Evac Area 2 Marina,Safe Area 2 Harbor,413.64,425.64,425.64,428.64,25.0,12,Evac Area 2
17,Vessel 3,17,Safe Area 2 Harbor,Evac Area 2 Marina,428.64,440.64,440.64,443.64,25.0,0,None
18,Vessel 3,18,Evac Area 2 Marina,Safe Area 2 Harbor,443.64,455.64,455.64,458.64,25.0,12,Evac Area 2
1,Vessel 4,1,Safe Area 2 Harbor,Evac Area 2 Marina,181.04,193.04,193.04,198.04,25.0,0,None
2,Vessel 4,2,Evac Area 2 Marina,Safe Area 2 Harbor,198.04,210.04,210.04,215.04,25.0,31,Evac Area 2
3,Vessel 4,3,Safe Area 2 Harbor,Evac Area 2 Marina,215.04,227.04,227.04,232.04,25.0,0,None
4,Vessel 4,4,Evac Area 2 Marina,Safe Area 2 Harbor,232.04,244.04,244.04,249.04,25.0,38,Evac Area 2
5,Vessel 4,5,Safe Area 2 Harbor,Evac Area 2 Marina,249.04,261.03999999999996,261.03999999999996,266.03999999999996,25.0,0,None
6,Vessel 4,6,Evac Area 2 Marina,Safe Area 2 Harbor,266.03999999999996,278.03999999999996,278.03999999999996,283.03999999999996,25.0,38,Evac Area 2
7,Vessel 4,7,Safe Area 2 Harbor,Evac Area 2 Marina,283.03999999999996,295.03999999999996,295.03999999999996,300.03999999999996,25.0,0,None
8,Vessel 4,8,Evac Area 2 Marina,Safe Area 2 Harbor,300.03999999999996,312.03999999999996,312.03999999999996,317.03999999999996,25.0,38,Evac Area 2
9,Vessel 4,9,Safe Area 2 Harbor,Evac Area 2 Marina,317.03999999999996,329.03999999999996,329.03999999999996,334.03999999999996,25.0,0,None
10,Vessel 4,10,Evac Area 2 Marina,Safe Area 2 Harbor,334.03999999999996,346.03999999999996,346.03999999999996,351.03999999999996,25.0,38,Evac Area 2
11,Vessel 4,11,Safe Area 2 Harbor,Evac Area 2 Marina,351.03999999999996,363.03999999999996,363.03999999999996,368.03999999999996,25.0,0,None
12,Vessel 4,12,Evac Area 2 Marina,Safe Area 2 Harbor,368.03999999999996,380.03999999999996,380.03999999999996,385.03999999999996,25.0,38,Evac Area 2
13,Vessel 4,13,Safe Area 2 Harbor,Evac Area 2 Marina,385.03999999999996,397.03999999999996,397.03999999999996,402.03999999999996,25.0,0,None
14,Vessel 4,14,Evac Area 2 Marina,Safe Area 2 Harbor,402.03999999999996,414.03999999999996,414.03999999999996,419.03999999999996,25.0,38,Evac Area 2
15,Vessel 4,15,Safe Area 2 Harbor,Evac Area 2 Marina,419.03999999999996,431.03999999999996,431.03999999999996,436.03999999999996,25.0,0,None
16,Vessel 4,16,Evac Area 2 Marina,Safe Area 2 Harbor,436.03999999999996,448.03999999999996,448.03999999999996,453.03999999999996,25.0,38,Evac Area 2
1,Vessel 5,1,Safe Area 3 Marina,Evac Area 4 Dock,151.66666666666669,176.66666666666669,176.66666666666669,186.66666666666669,18.0,0,None
2,Vessel 5,2,Evac Area 4 Dock,Safe Area 3 Marina,186.66666666666669,211.66666666666669,211.66666666666669,221.66666666666669,18.0,120,Evac Area 4
3,Vessel 5,3,Safe Area 3 Marina,Evac Area 4 Dock,221.66666666666669,246.66666666666669,246.66666666666669,256.6666666666667,18.0,0,None
4,Vessel 5,4,Evac Area 4 Dock,Safe Area 2 Harbor,256.6666666666667,282.0,282.0,292.0,18.0,110,Evac Area 4
5,Vessel 5,5,Safe Area 2 Harbor,Evac Area 2 Marina,292.0,308.6666666666667,308.6666666666667,318.6666666666667,18.0,0,None
6,Vessel 5,6,Evac Area 2 Marina,Safe Area 2 Harbor,318.6666666666667,335.33333333333337,335.33333333333337,345.33333333333337,18.0,120,Evac Area 2
7,Vessel 5,7,Safe Area 2 Harbor,Evac Area 2 Marina,345.33333333333337,362.0,362.0,372.0,18.0,0,None
8,Vessel 5,8,Evac Area 2 Marina,Safe Area 2 Harbor,372.0,388.66666666666663,388.66666666666663,398.66666666666663,18.0,120,Evac Area 2
9,Vessel 5,9,Safe Area 2 Harbor,Evac Area 2 Marina,398.66666666666663,415.3333333333333,415.3333333333333,425.3333333333333,18.0,0,None
10,Vessel 5,10,Evac Area 2 Marina,Safe Area 2 Harbor,425.3333333333333,442.0,442.0,452.0,18.0,120,Evac Area 2
1,Vessel 6,1,Safe Area 3 Marina,Evac Area 4 Beach,187.2,205.2,205.2,208.2,25.0,0,None
2,Vessel 6,2,Evac Area 4 Beach,Safe Area 3 Marina,208.2,226.2,226.2,229.2,25.0,12,Evac Area 4
3,Vessel 6,3,Safe Area 3 Marina,Evac Area 4 Beach,229.2,247.2,247.2,250.2,25.0,0,None
4,Vessel 6,4,Evac Area 4 Beach,Safe Area 3 Marina,250.2,268.2,268.2,271.2,25.0,12,Evac Area 4
5,Vessel 6,5,Safe Area 3 Marina,Evac Area 4 Dock,271.2,289.2,289.2,292.2,25.0,0,None
6,Vessel 6,6,Evac Area 4 Dock,Safe Area 3 Marina,292.2,310.2,310.2,313.2,25.0,12,Evac Area 4
7,Vessel 6,7,Safe Area 3 Marina,Evac Area 4 Beach,313.2,331.2,331.2,334.2,25.0,0,None
8,Vessel 6,8,Evac Area 4 Beach,Safe Area 3 Marina,334.2,352.2,352.2,355.2,25.0,12,Evac Area 4
9,Vessel 6,9,Safe Area 3 Marina,Evac Area 4 Beach,355.2,373.2,373.2,376.2,25.0,0,None
10,Vessel 6,10,Evac Area 4 Beach,Safe Area 2 Harbor,376.2,394.44,394.44,397.44,25.0,12,Evac Area 4
11,Vessel 6,11,Safe Area 2 Harbor,Evac Area 2 Marina,397.44,409.44,409.44,412.44,25.0,0,None
12,Vessel 6,12,Evac Area 2 Marina,Safe Area 2 Harbor,412.44,424.44,424.44,427.44,25.0,12,Evac Area 2
13,Vessel 6,13,Safe Area 2 Harbor,Evac Area 2 Marina,427.44,439.44,439.44,442.44,25.0,0,None
14,Vessel 6,14,Evac Area 2 Marina,Safe Area 2 Harbor,442.44,454.44,454.44,457.44,25.0,12,Evac Area 2
