segment_id,resource_id,route_segment_id,origin,destination,route_start_time,route_end_time,load_start_time,load_end_time,resource_speed,evacuees,evacuated_location,post_run_correction
1,Vessel 1,1,Safe Area 1 Terminal,Evac Area 1 Ferry Terminal,10.0,24.0,24.0,34.0,12.0,0,None,
2,Vessel 1,2,Evac Area 1 Ferry Terminal,Safe Area 1 Terminal,34.0,48.0,48.0,58.0,12.0,1,Evac Area 1,
1,Vessel 2,1,Safe Area 2 Harbor,Evac Area 4 Beach,10.0,28.24000000000001,28.24000000000001,31.24000000000001,25.0,0,None,
2,Vessel 2,2,Evac Area 4 Beach,Safe Area 1 Terminal,31.24000000000001,52.84000000000003,52.84000000000003,55.84000000000003,25.0,12,Evac Area 4,
3,Vessel 2,3,Safe Area 1 Terminal,Evac Area 4 Dock,55.84000000000003,77.44,77.44,80.44,25.0,0,None,
4,Vessel 2,4,Evac Area 4 Dock,Safe Area 2 Harbor,80.44,98.68,98.68,101.68,25.0,12,Evac Area 4,
5,Vessel 2,5,Safe Area 2 Harbor,Evac Area 4 Beach,101.68,119.92000000000002,119.92000000000002,122.92000000000002,25.0,0,None,
6,Vessel 2,6,Evac Area 4 Beach,Safe Area 3 Marina,122.92000000000002,140.91999999999996,140.91999999999996,143.91999999999996,25.0,12,Evac Area 4,
7,Vessel 2,7,Safe Area 3 Marina,Evac Area 4 Beach,143.91999999999996,161.91999999999996,161.91999999999996,164.91999999999996,25.0,0,None,
8,Vessel 2,8,Evac Area 4 Beach,Safe Area 3 Marina,164.91999999999996,182.91999999999996,182.91999999999996,185.91999999999996,25.0,12,Evac Area 4,
9,Vessel 2,9,Safe Area 3 Marina,Evac Area 4 Dock,185.91999999999996,203.91999999999996,203.91999999999996,206.91999999999996,25.0,0,None,
10,Vessel 2,10,Evac Area 4 Dock,Safe Area 2 Harbor,206.91999999999996,225.15999999999997,225.15999999999997,228.15999999999997,25.0,12,Evac Area 4,
11,Vessel 2,11,Safe Area 2 Harbor,Evac Area 4 Beach,228.15999999999997,246.39999999999998,246.39999999999998,249.39999999999998,25.0,0,None,
12,Vessel 2,12,Evac Area 4 Beach,Safe Area 3 Marina,249.39999999999998,267.4,267.4,270.4,25.0,12,Evac Area 4,
13,Vessel 2,13,Safe Area 3 Marina,Evac Area 3 Dock,270.4,281.2,281.2,284.2,25.0,0,None,
14,Vessel 2,14,Evac Area 3 Dock,Safe Area 3 Marina,284.2,295.0,295.0,298.0,25.0,12,Evac Area 3,
15,Vessel 2,15,Safe Area 3 Marina,Evac Area 3 Dock,298.0,308.8,308.8,311.8,25.0,0,None,
16,Vessel 2,16,Evac Area 3 Dock,Safe Area 3 Marina,311.8,322.6,322.6,325.6,25.0,12,Evac Area 3,
17,Vessel 2,17,Safe Area 3 Marina,Evac Area 4 Beach,325.6,343.6,343.6,346.6,25.0,0,None,
18,Vessel 2,18,Evac Area 4 Beach,Safe Area 2 Harbor,346.6,364.84,364.84,367.84,25.0,12,Evac Area 4,
19,Vessel 2,19,Safe Area 2 Harbor,Evac Area 4 Dock,367.84,386.08,386.08,389.08,25.0,0,None,
20,Vessel 2,20,Evac Area 4 Dock,Safe Area 3 Marina,389.08,407.08,407.08,410.08,25.0,12,Evac Area 4,
21,Vessel 2,21,Safe Area 3 Marina,Evac Area 4 Beach,410.08,428.08,428.08,431.08,25.0,0,None,
22,Vessel 2,22,Evac Area 4 Beach,Safe Area 2 Harbor,431.08,449.3200000000001,449.3200000000001,452.3200000000001,25.0,12,Evac Area 4,
23,Vessel 2,23,Safe Area 2 Harbor,Evac Area 4 Dock,452.3200000000001,470.56000000000006,470.56000000000006,473.56000000000006,25.0,0,None,
24,Vessel 2,24,Evac Area 4 Dock,Safe Area 3 Marina,473.56000000000006,491.56000000000006,491.56000000000006,494.56000000000006,25.0,12,Evac Area 4,
1,Vessel 3,1,Safe Area 3 Marina,Evac Area 3 Dock,60.0,70.80000000000001,70.80000000000001,73.80000000000001,25.0,0,None,
2,Vessel 3,2,Evac Area 3 Dock,Safe Area 3 Marina,73.80000000000001,84.60000000000002,84.60000000000002,87.60000000000002,25.0,12,Evac Area 3,
3,Vessel 3,3,Safe Area 3 Marina,Evac Area 4 Dock,87.60000000000002,105.60000000000002,105.60000000000002,108.60000000000002,25.0,0,None,
4,Vessel 3,4,Evac Area 4 Dock,Safe Area 2 Harbor,108.60000000000002,126.84000000000003,126.84000000000003,129.83999999999992,25.0,12,Evac Area 4,
5,Vessel 3,5,Safe Area 2 Harbor,Evac Area 4 Dock,129.83999999999992,148.07999999999998,148.07999999999998,151.07999999999998,25.0,0,None,
6,Vessel 3,6,Evac Area 4 Dock,Safe Area 2 Harbor,151.07999999999998,169.32,169.32,172.32,25.0,12,Evac Area 4,
7,Vessel 3,7,Safe Area 2 Harbor,Evac Area 2 Marina,172.32,184.32,184.32,187.32,25.0,0,None,
8,Vessel 3,8,Evac Area 2 Marina,Safe Area 2 Harbor,187.32,199.32,199.32,202.32,25.0,12,Evac Area 2,
9,Vessel 3,9,Safe Area 2 Harbor,Evac Area 2 Marina,202.32,214.32,214.32,217.32,25.0,0,None,
10,Vessel 3,10,Evac Area 2 Marina,Safe Area 2 Harbor,217.32,229.32,229.32,232.32,25.0,12,Evac Area 2,
11,Vessel 3,11,Safe Area 2 Harbor,Evac Area 2 Marina,232.32,244.32,244.32,247.32,25.0,0,None,
12,Vessel 3,12,Evac Area 2 Marina,Safe Area 2 Harbor,247.32,259.32,259.32,262.32,25.0,12,Evac Area 2,
13,Vessel 3,13,Safe Area 2 Harbor,Evac Area 2 Marina,262.32,274.32,274.32,277.32,25.0,0,None,
14,Vessel 3,14,Evac Area 2 Marina,Safe Area 2 Harbor,277.32,289.32,289.32,292.32,25.0,12,Evac Area 2,
15,Vessel 3,15,Safe Area 2 Harbor,Evac Area 2 Marina,292.32,304.32,304.32,307.32,25.0,0,None,
16,Vessel 3,16,Evac Area 2 Marina,Safe Area 2 Harbor,307.32,319.32,319.32,322.32,25.0,12,Evac Area 2,
17,Vessel 3,17,Safe Area 2 Harbor,Evac Area 2 Marina,322.32,334.32,334.32,337.32,25.0,0,None,
18,Vessel 3,18,Evac Area 2 Marina,Safe Area 2 Harbor,337.32,349.32,349.32,352.32,25.0,12,Evac Area 2,
19,Vessel 3,19,Safe Area 2 Harbor,Evac Area 2 Marina,352.32,364.32,364.32,367.32,25.0,0,None,
20,Vessel 3,20,Evac Area 2 Marina,Safe Area 2 Harbor,367.32,379.32,379.32,382.32,25.0,12,Evac Area 2,
21,Vessel 3,21,Safe Area 2 Harbor,Evac Area 2 Marina,382.32,394.32,394.32,397.32,25.0,0,None,
22,Vessel 3,22,Evac Area 2 Marina,Safe Area 2 Harbor,397.32,409.32,409.32,412.32,25.0,12,Evac Area 2,
23,Vessel 3,23,Safe Area 2 Harbor,Evac Area 4 Dock,412.32,430.56,430.56,433.56,25.0,0,None,
24,Vessel 3,24,Evac Area 4 Dock,Safe Area 2 Harbor,433.56,451.8,451.8,454.8,25.0,12,Evac Area 4,
25,Vessel 3,25,Safe Area 2 Harbor,Evac Area 2 Marina,454.8,466.8,466.8,469.8,25.0,0,None,
26,Vessel 3,26,Evac Area 2 Marina,Safe Area 2 Harbor,469.8,481.8,481.8,484.8,25.0,12,Evac Area 2,
1,Vessel 4,1,Safe Area 1 Terminal,Evac Area 4 Dock,10.0,31.600000000000023,31.600000000000023,36.60000000000002,25.0,0,None,
2,Vessel 4,2,Evac Area 4 Dock,Safe Area 3 Marina,36.60000000000002,54.60000000000002,54.60000000000002,59.60000000000002,25.0,38,Evac Area 4,
3,Vessel 4,3,Safe Area 3 Marina,Evac Area 4 Dock,59.60000000000002,77.60000000000002,77.60000000000002,82.60000000000002,25.0,0,None,
4,Vessel 4,4,Evac Area 4 Dock,Safe Area 2 Harbor,82.60000000000002,100.84000000000003,100.84000000000003,105.84000000000003,25.0,38,Evac Area 4,
5,Vessel 4,5,Safe Area 2 Harbor,Evac Area 4 Dock,105.84000000000003,124.07999999999998,124.07999999999998,129.07999999999998,25.0,0,None,
6,Vessel 4,6,Evac Area 4 Dock,Safe Area 3 Marina,129.07999999999998,147.07999999999998,147.07999999999998,152.07999999999998,25.0,38,Evac Area 4,
7,Vessel 4,7,Safe Area 3 Marina,Evac Area 4 Dock,152.07999999999998,170.07999999999998,170.07999999999998,175.07999999999998,25.0,0,None,
8,Vessel 4,8,Evac Area 4 Dock,Safe Area 3 Marina,175.07999999999998,193.08000000000004,193.08000000000004,198.08000000000004,25.0,38,Evac Area 4,
9,Vessel 4,9,Safe Area 3 Marina,Evac Area 4 Dock,198.08000000000004,216.08000000000004,216.08000000000004,221.08000000000004,25.0,0,None,
10,Vessel 4,10,Evac Area 4 Dock,Safe Area 3 Marina,221.08000000000004,239.08000000000004,239.08000000000004,244.08000000000004,25.0,38,Evac Area 4,
11,Vessel 4,11,Safe Area 3 Marina,Evac Area 4 Dock,244.08000000000004,262.08,262.08,267.08,25.0,0,None,
12,Vessel 4,12,Evac Area 4 Dock,Safe Area 3 Marina,267.08,285.08,285.08,290.08,25.0,38,Evac Area 4,
13,Vessel 4,13,Safe Area 3 Marina,Evac Area 4 Dock,290.08,308.08,308.08,313.08,25.0,0,None,
14,Vessel 4,14,Evac Area 4 Dock,Safe Area 3 Marina,313.08,331.08,331.08,336.08,25.0,38,Evac Area 4,
15,Vessel 4,15,Safe Area 3 Marina,Evac Area 4 Dock,336.08,354.08,354.08,359.08,25.0,0,None,
16,Vessel 4,16,Evac Area 4 Dock,Safe Area 3 Marina,359.08,377.08,377.08,382.08,25.0,38,Evac Area 4,
17,Vessel 4,17,Safe Area 3 Marina,Evac Area 4 Dock,382.08,400.08,400.08,405.08,25.0,0,None,
18,Vessel 4,18,Evac Area 4 Dock,Safe Area 3 Marina,405.08,423.08,423.08,428.08,25.0,38,Evac Area 4,
19,Vessel 4,19,Safe Area 3 Marina,Evac Area 4 Dock,428.08,446.08,446.08,451.08,25.0,0,None,
20,Vessel 4,20,Evac Area 4 Dock,Safe Area 2 Harbor,451.08,469.32,469.32,474.32,25.0,38,Evac Area 4,
21,Vessel 4,21,Safe Area 2 Harbor,Evac Area 4 Dock,474.32,492.56,492.56,497.56,25.0,0,None,
22,Vessel 4,22,Evac Area 4 Dock,Safe Area 3 Marina,497.56,515.56,515.56,520.56,25.0,38,Evac Area 4,
1,Vessel 5,1,Safe Area 1 Terminal,Evac Area 4 Dock,30.0,60.0,60.0,70.0,18.0,0,None,
2,Vessel 5,2,Evac Area 4 Dock,Safe Area 3 Marina,70.0,95.0,95.0,105.0,18.0,120,Evac Area 4,
3,Vessel 5,3,Safe Area 3 Marina,Evac Area 4 Dock,105.0,130.0,130.0,140.0,18.0,0,None,
4,Vessel 5,4,Evac Area 4 Dock,Safe Area 3 Marina,140.0,165.0,165.0,175.0,18.0,120,Evac Area 4,
5,Vessel 5,5,Safe Area 3 Marina,Evac Area 4 Dock,175.0,200.0,200.0,210.0,18.0,0,None,
6,Vessel 5,6,Evac Area 4 Dock,Safe Area 3 Marina,210.0,235.0,235.0,245.0,18.0,120,Evac Area 4,
7,Vessel 5,7,Safe Area 3 Marina,Evac Area 4 Dock,245.0,270.0,270.0,280.0,18.0,0,None,
8,Vessel 5,8,Evac Area 4 Dock,Safe Area 3 Marina,280.0,305.0,305.0,315.0,18.0,120,Evac Area 4,
9,Vessel 5,9,Safe Area 3 Marina,Evac Area 4 Dock,315.0,340.0,340.0,350.0,18.0,0,None,
10,Vessel 5,10,Evac Area 4 Dock,Safe Area 3 Marina,350.0,375.0,375.0,385.0,18.0,120,Evac Area 4,
11,Vessel 5,11,Safe Area 3 Marina,Evac Area 4 Dock,385.0,410.0,410.0,420.0,18.0,0,None,
12,Vessel 5,12,Evac Area 4 Dock,Safe Area 3 Marina,420.0,445.0,445.0,455.0,18.0,120,Evac Area 4,
13,Vessel 5,13,Safe Area 3 Marina,Evac Area 4 Dock,455.0,480.0,480.0,490.0,18.0,0,None,
14,Vessel 5,14,Evac Area 4 Dock,Safe Area 3 Marina,490.0,515.0,515.0,525.0,18.0,120,Evac Area 4,
1,Vessel 6,1,Safe Area 1 Terminal,Evac Area 4 Dock,30.0,51.60000000000002,51.60000000000002,54.60000000000002,25.0,0,None,
2,Vessel 6,2,Evac Area 4 Dock,Safe Area 3 Marina,54.60000000000002,72.60000000000002,72.60000000000002,75.60000000000002,25.0,12,Evac Area 4,
3,Vessel 6,3,Safe Area 3 Marina,Evac Area 3 Dock,75.60000000000002,86.39999999999998,86.39999999999998,89.39999999999998,25.0,0,None,
4,Vessel 6,4,Evac Area 3 Dock,Safe Area 3 Marina,89.39999999999998,100.19999999999999,100.19999999999999,103.19999999999999,25.0,12,Evac Area 3,
5,Vessel 6,5,Safe Area 3 Marina,Evac Area 4 Dock,103.19999999999999,121.19999999999999,121.19999999999999,124.19999999999999,25.0,0,None,
6,Vessel 6,6,Evac Area 4 Dock,Safe Area 3 Marina,124.19999999999999,142.2,142.2,145.2,25.0,12,Evac Area 4,
7,Vessel 6,7,Safe Area 3 Marina,Evac Area 4 Beach,145.2,163.2,163.2,166.2,25.0,0,None,
8,Vessel 6,8,Evac Area 4 Beach,Safe Area 3 Marina,166.2,184.2,184.2,187.2,25.0,12,Evac Area 4,
9,Vessel 6,9,Safe Area 3 Marina,Evac Area 4 Beach,187.2,205.2,205.2,208.2,25.0,0,None,
10,Vessel 6,10,Evac Area 4 Beach,Safe Area 3 Marina,208.2,226.2,226.2,229.2,25.0,12,Evac Area 4,
11,Vessel 6,11,Safe Area 3 Marina,Evac Area 4 Beach,229.2,247.2,247.2,250.2,25.0,0,None,
12,Vessel 6,12,Evac Area 4 Beach,Safe Area 3 Marina,250.2,268.2,268.2,271.2,25.0,12,Evac Area 4,
13,Vessel 6,13,Safe Area 3 Marina,Evac Area 3 Dock,271.2,282.0,282.0,285.0,25.0,0,None,
14,Vessel 6,14,Evac Area 3 Dock,Safe Area 3 Marina,285.0,295.8,295.8,298.8,25.0,3,Evac Area 3,
15,Vessel 6,15,Safe Area 3 Marina,Evac Area 4 Dock,298.8,316.8,316.8,319.8,25.0,0,None,
16,Vessel 6,16,Evac Area 4 Dock,Safe Area 2 Harbor,319.8,338.04,338.04,341.04,25.0,4,Evac Area 4,
17,Vessel 6,17,Safe Area 2 Harbor,Evac Area 4 Dock,341.04,359.28000000000003,359.28000000000003,362.28,25.0,0,None,
18,Vessel 6,18,Evac Area 4 Dock,Safe Area 3 Marina,362.28,380.28,380.28,383.28,25.0,12,Evac Area 4,
19,Vessel 6,19,Safe Area 3 Marina,Evac Area 3 Dock,383.28,394.08,394.08,397.08,25.0,0,None,
20,Vessel 6,20,Evac Area 3 Dock,Safe Area 3 Marina,397.08,407.88000000000005,407.88000000000005,410.88000000000005,25.0,12,Evac Area 3,
21,Vessel 6,21,Safe Area 3 Marina,Evac Area 4 Beach,410.88000000000005,428.88000000000005,428.88000000000005,431.88000000000005,25.0,0,None,
22,Vessel 6,22,Evac Area 4 Beach,Safe Area 2 Harbor,431.88000000000005,450.12000000000006,450.12000000000006,453.12000000000006,25.0,12,Evac Area 4,
23,Vessel 6,23,Safe Area 2 Harbor,Evac Area 4 Dock,453.12000000000006,471.36000000000007,471.36000000000007,474.36000000000007,25.0,0,None,
24,Vessel 6,24,Evac Area 4 Dock,Safe Area 3 Marina,474.36000000000007,492.36000000000007,492.36000000000007,495.36000000000007,25.0,12,Evac Area 4,
1,Vessel 2,1,Safe Area 3 Marina,Evac Area 3 Dock,525.0,535.8,535.8,538.8,25.0,0,None,yes
2,Vessel 2,2,Evac Area 3 Dock,Safe Area 3 Marina,538.8,549.6,549.6,552.6,25.0,9,Evac Area 3,yes
3,Vessel 2,3,Safe Area 3 Marina,Evac Area 4 Dock,552.6,570.6,570.6,573.6,25.0,0,None,yes
4,Vessel 2,4,Evac Area 4 Dock,Safe Area 2 Harbor,573.6,591.84,591.84,594.84,25.0,6,Evac Area 4,yes
5,Vessel 2,5,Safe Area 2 Harbor,Evac Area 2 Marina,594.84,606.84,606.84,609.84,25.0,0,None,yes
6,Vessel 2,6,Evac Area 2 Marina,Safe Area 2 Harbor,609.84,621.84,621.84,624.84,25.0,7,Evac Area 2,yes
1,Vessel 3,1,Safe Area 2 Harbor,Evac Area 4 Dock,525.0,543.24,543.24,546.24,25.0,0,None,yes
2,Vessel 3,2,Evac Area 4 Dock,Safe Area 3 Marina,546.24,564.24,564.24,567.24,25.0,12,Evac Area 4,yes
3,Vessel 3,3,Safe Area 3 Marina,Evac Area 4 Beach,567.24,585.24,585.24,588.24,25.0,0,None,yes
4,Vessel 3,4,Evac Area 4 Beach,Safe Area 3 Marina,588.24,606.24,606.24,609.24,25.0,12,Evac Area 4,yes
1,Vessel 4,1,Safe Area 3 Marina,Evac Area 4 Dock,525.0,543.0,543.0,548.0,25.0,0,None,yes
2,Vessel 4,2,Evac Area 4 Dock,Safe Area 3 Marina,548.0,566.0,566.0,571.0,25.0,38,Evac Area 4,yes
3,Vessel 4,3,Safe Area 3 Marina,Evac Area 4 Dock,571.0,589.0,589.0,594.0,25.0,0,None,yes
4,Vessel 4,4,Evac Area 4 Dock,Safe Area 3 Marina,594.0,612.0,612.0,617.0,25.0,38,Evac Area 4,yes
1,Vessel 5,1,Safe Area 3 Marina,Evac Area 4 Dock,525.0,550.0,550.0,560.0,18.0,0,None,yes
2,Vessel 5,2,Evac Area 4 Dock,Safe Area 3 Marina,560.0,585.0,585.0,595.0,18.0,120,Evac Area 4,yes
1,Vessel 6,1,Safe Area 3 Marina,Evac Area 4 Dock,525.0,543.0,543.0,546.0,25.0,0,None,yes
2,Vessel 6,2,Evac Area 4 Dock,Safe Area 3 Marina,546.0,564.0,564.0,567.0,25.0,12,Evac Area 4,yes
3,Vessel 6,3,Safe Area 3 Marina,Evac Area 4 Dock,567.0,585.0,585.0,588.0,25.0,0,None,yes
4,Vessel 6,4,Evac Area 4 Dock,Safe Area 3 Marina,588.0,606.0,606.0,609.0,25.0,12,Evac Area 4,yes
