segment_id,resource_id,route_segment_id,origin,destination,route_start_time,route_end_time,load_start_time,load_end_time,resource_speed,evacuees,evacuated_location,post_run_correction
1,Vessel 1,1,Safe Area 1 Terminal,Evac Area 1 Ferry Terminal,10.0,24.0,24.0,34.0,12.0,0,None,
2,Vessel 1,2,Evac Area 1 Ferry Terminal,Safe Area 1 Terminal,34.0,48.0,48.0,58.0,12.0,194,Evac Area 1,
1,Vessel 2,1,Safe Area 2 Harbor,Evac Area 2 Marina,10.0,22.0,22.0,25.0,25.0,0,None,
2,Vessel 2,2,Evac Area 2 Marina,Safe Area 3 Marina,25.0,41.80000000000001,41.80000000000001,44.80000000000001,25.0,12,Evac Area 2,
3,Vessel 2,3,Safe Area 3 Marina,Evac Area 4 Beach,44.80000000000001,62.80000000000001,62.80000000000001,65.80000000000001,25.0,0,None,
4,Vessel 2,4,Evac Area 4 Beach,Safe Area 3 Marina,65.80000000000001,83.80000000000001,83.80000000000001,86.80000000000001,25.0,12,Evac Area 4,
5,Vessel 2,5,Safe Area 3 Marina,Evac Area 4 Beach,86.80000000000001,104.80000000000001,104.80000000000001,107.80000000000001,25.0,0,None,
6,Vessel 2,6,Evac Area 4 Beach,Safe Area 3 Marina,107.80000000000001,125.80000000000001,125.80000000000001,128.8,25.0,12,Evac Area 4,
7,Vessel 2,7,Safe Area 3 Marina,Evac Area 4 Beach,128.8,146.8,146.8,149.8,25.0,0,None,
8,Vessel 2,8,Evac Area 4 Beach,Safe Area 3 Marina,149.8,167.8,167.8,170.8,25.0,12,Evac Area 4,
9,Vessel 2,9,Safe Area 3 Marina,Evac Area 4 Beach,170.8,188.8,188.8,191.8,25.0,0,None,
10,Vessel 2,10,Evac Area 4 Beach,Safe Area 3 Marina,191.8,209.8,209.8,212.8,25.0,12,Evac Area 4,
11,Vessel 2,11,Safe Area 3 Marina,Evac Area 4 Beach,212.8,230.8,230.8,233.8,25.0,0,None,
12,Vessel 2,12,Evac Area 4 Beach,Safe Area 3 Marina,233.8,251.8,251.8,254.8,25.0,12,Evac Area 4,
13,Vessel 2,13,Safe Area 3 Marina,Evac Area 4 Beach,254.8,272.8,272.8,275.8,25.0,0,None,
14,Vessel 2,14,Evac Area 4 Beach,Safe Area 3 Marina,275.8,293.8,293.8,296.8,25.0,12,Evac Area 4,
15,Vessel 2,15,Safe Area 3 Marina,Evac Area 4 Beach,296.8,314.8,314.8,317.8,25.0,0,None,
16,Vessel 2,16,Evac Area 4 Beach,Safe Area 3 Marina,317.8,335.8,335.8,338.8,25.0,12,Evac Area 4,
17,Vessel 2,17,Safe Area 3 Marina,Evac Area 4 Beach,338.8,356.8,356.8,359.8,25.0,0,None,
18,Vessel 2,18,Evac Area 4 Beach,Safe Area 3 Marina,359.8,377.8,377.8,380.8,25.0,12,Evac Area 4,
19,Vessel 2,19,Safe Area 3 Marina,Evac Area 4 Dock,380.8,398.8,398.8,401.8,25.0,0,None,
20,Vessel 2,20,Evac Area 4 Dock,Safe Area 3 Marina,401.8,419.8,419.8,422.8,25.0,12,Evac Area 4,
1,Vessel 3,1,Safe Area 3 Marina,Evac Area 4 Dock,60.0,78.0,78.0,81.0,25.0,0,None,
2,Vessel 3,2,Evac Area 4 Dock,Safe Area 2 Harbor,81.0,99.24000000000001,99.24000000000001,102.24000000000001,25.0,12,Evac Area 4,
3,Vessel 3,3,Safe Area 2 Harbor,Evac Area 2 Marina,102.24000000000001,114.24000000000001,114.24000000000001,117.24000000000001,25.0,0,None,
4,Vessel 3,4,Evac Area 2 Marina,Safe Area 2 Harbor,117.24000000000001,129.24,129.24,132.24,25.0,12,Evac Area 2,
5,Vessel 3,5,Safe Area 2 Harbor,Evac Area 4 Dock,132.24,150.48000000000002,150.48000000000002,153.48000000000002,25.0,0,None,
6,Vessel 3,6,Evac Area 4 Dock,Safe Area 2 Harbor,153.48000000000002,171.72000000000003,171.72000000000003,174.72000000000003,25.0,12,Evac Area 4,
7,Vessel 3,7,Safe Area 2 Harbor,Evac Area 2 Marina,174.72000000000003,186.72000000000003,186.72000000000003,189.72000000000003,25.0,0,None,
8,Vessel 3,8,Evac Area 2 Marina,Safe Area 2 Harbor,189.72000000000003,201.72000000000003,201.72000000000003,204.72000000000003,25.0,12,Evac Area 2,
9,Vessel 3,9,Safe Area 2 Harbor,Evac Area 4 Beach,204.72000000000003,222.96000000000004,222.96000000000004,225.96000000000004,25.0,0,None,
10,Vessel 3,10,Evac Area 4 Beach,Safe Area 2 Harbor,225.96000000000004,244.20000000000005,244.20000000000005,247.20000000000005,25.0,12,Evac Area 4,
11,Vessel 3,11,Safe Area 2 Harbor,Evac Area 2 Marina,247.20000000000005,259.20000000000005,259.20000000000005,262.20000000000005,25.0,0,None,
12,Vessel 3,12,Evac Area 2 Marina,Safe Area 2 Harbor,262.20000000000005,274.20000000000005,274.20000000000005,277.20000000000005,25.0,12,Evac Area 2,
13,Vessel 3,13,Safe Area 2 Harbor,Evac Area 2 Marina,277.20000000000005,289.20000000000005,289.20000000000005,292.20000000000005,25.0,0,None,
14,Vessel 3,14,Evac Area 2 Marina,Safe Area 2 Harbor,292.20000000000005,304.20000000000005,304.20000000000005,307.20000000000005,25.0,12,Evac Area 2,
15,Vessel 3,15,Safe Area 2 Harbor,Evac Area 4 Dock,307.20000000000005,325.44000000000005,325.44000000000005,328.44000000000005,25.0,0,None,
16,Vessel 3,16,Evac Area 4 Dock,Safe Area 2 Harbor,328.44000000000005,346.68000000000006,346.68000000000006,349.68000000000006,25.0,12,Evac Area 4,
17,Vessel 3,17,Safe Area 2 Harbor,Evac Area 2 Marina,349.68000000000006,361.68000000000006,361.68000000000006,364.68000000000006,25.0,0,None,
18,Vessel 3,18,Evac Area 2 Marina,Safe Area 2 Harbor,364.68000000000006,376.68000000000006,376.68000000000006,379.68000000000006,25.0,12,Evac Area 2,
19,Vessel 3,19,Safe Area 2 Harbor,Evac Area 4 Dock,379.68000000000006,397.9200000000001,397.9200000000001,400.9200000000001,25.0,0,None,
20,Vessel 3,20,Evac Area 4 Dock,Safe Area 2 Harbor,400.9200000000001,419.1600000000001,419.1600000000001,422.1600000000001,25.0,7,Evac Area 4,
1,Vessel 4,1,Safe Area 1 Terminal,Evac Area 3 Dock,10.0,22.0,22.0,27.0,25.0,0,None,
2,Vessel 4,2,Evac Area 3 Dock,Safe Area 3 Marina,27.0,37.80000000000001,37.80000000000001,42.80000000000001,25.0,25,Evac Area 3,
3,Vessel 4,3,Safe Area 3 Marina,Evac Area 3 Dock,42.80000000000001,53.60000000000002,53.60000000000002,58.60000000000002,25.0,0,None,
4,Vessel 4,4,Evac Area 3 Dock,Safe Area 3 Marina,58.60000000000002,69.39999999999998,69.39999999999998,74.39999999999998,25.0,38,Evac Area 3,
5,Vessel 4,5,Safe Area 3 Marina,Evac Area 4 Dock,74.39999999999998,92.39999999999998,92.39999999999998,97.39999999999998,25.0,0,None,
6,Vessel 4,6,Evac Area 4 Dock,Safe Area 2 Harbor,97.39999999999998,115.63999999999999,115.63999999999999,120.63999999999999,25.0,38,Evac Area 4,
7,Vessel 4,7,Safe Area 2 Harbor,Evac Area 2 Marina,120.63999999999999,132.64,132.64,137.64,25.0,0,None,
8,Vessel 4,8,Evac Area 2 Marina,Safe Area 2 Harbor,137.64,149.64,149.64,154.64,25.0,38,Evac Area 2,
9,Vessel 4,9,Safe Area 2 Harbor,Evac Area 2 Marina,154.64,166.64,166.64,171.64,25.0,0,None,
10,Vessel 4,10,Evac Area 2 Marina,Safe Area 2 Harbor,171.64,183.64,183.64,188.64,25.0,38,Evac Area 2,
11,Vessel 4,11,Safe Area 2 Harbor,Evac Area 2 Marina,188.64,200.64,200.64,205.64,25.0,0,None,
12,Vessel 4,12,Evac Area 2 Marina,Safe Area 2 Harbor,205.64,217.64,217.64,222.64,25.0,38,Evac Area 2,
13,Vessel 4,13,Safe Area 2 Harbor,Evac Area 2 Marina,222.64,234.64,234.64,239.64,25.0,0,None,
14,Vessel 4,14,Evac Area 2 Marina,Safe Area 2 Harbor,239.64,251.64,251.64,256.64,25.0,38,Evac Area 2,
15,Vessel 4,15,Safe Area 2 Harbor,Evac Area 2 Marina,256.64,268.64,268.64,273.64,25.0,0,None,
16,Vessel 4,16,Evac Area 2 Marina,Safe Area 2 Harbor,273.64,285.64,285.64,290.64,25.0,38,Evac Area 2,
17,Vessel 4,17,Safe Area 2 Harbor,Evac Area 2 Marina,290.64,302.64,302.64,307.64,25.0,0,None,
18,Vessel 4,18,Evac Area 2 Marina,Safe Area 2 Harbor,307.64,319.64,319.64,324.64,25.0,38,Evac Area 2,
19,Vessel 4,19,Safe Area 2 Harbor,Evac Area 2 Marina,324.64,336.64,336.64,341.64,25.0,0,None,
20,Vessel 4,20,Evac Area 2 Marina,Safe Area 2 Harbor,341.64,353.64,353.64,358.64,25.0,38,Evac Area 2,
21,Vessel 4,21,Safe Area 2 Harbor,Evac Area 2 Marina,358.64,370.64,370.64,375.64,25.0,0,None,
22,Vessel 4,22,Evac Area 2 Marina,Safe Area 2 Harbor,375.64,387.64,387.64,392.64,25.0,38,Evac Area 2,
23,Vessel 4,23,Safe Area 2 Harbor,Evac Area 2 Marina,392.64,404.64,404.64,409.64,25.0,0,None,
24,Vessel 4,24,Evac Area 2 Marina,Safe Area 2 Harbor,409.64,421.64,421.64,426.64,25.0,38,Evac Area 2,
1,Vessel 5,1,Safe Area 1 Terminal,Evac Area 3 Dock,30.0,46.666666666666686,46.666666666666686,56.666666666666686,18.0,0,None,
2,Vessel 5,2,Evac Area 3 Dock,Safe Area 3 Marina,56.666666666666686,71.66666666666669,71.66666666666669,81.66666666666669,18.0,120,Evac Area 3,
3,Vessel 5,3,Safe Area 3 Marina,Evac Area 4 Dock,81.66666666666669,106.66666666666669,106.66666666666669,116.66666666666669,18.0,0,None,
4,Vessel 5,4,Evac Area 4 Dock,Safe Area 2 Harbor,116.66666666666669,142.0,142.0,152.0,18.0,120,Evac Area 4,
5,Vessel 5,5,Safe Area 2 Harbor,Evac Area 2 Marina,152.0,168.66666666666663,168.66666666666663,178.66666666666666,18.0,0,None,
6,Vessel 5,6,Evac Area 2 Marina,Safe Area 2 Harbor,178.66666666666666,195.3333333333333,195.3333333333333,205.3333333333333,18.0,120,Evac Area 2,
7,Vessel 5,7,Safe Area 2 Harbor,Evac Area 2 Marina,205.3333333333333,222.0,222.0,232.0,18.0,0,None,
8,Vessel 5,8,Evac Area 2 Marina,Safe Area 2 Harbor,232.0,248.66666666666663,248.66666666666663,258.66666666666663,18.0,120,Evac Area 2,
9,Vessel 5,9,Safe Area 2 Harbor,Evac Area 2 Marina,258.66666666666663,275.3333333333333,275.3333333333333,285.3333333333333,18.0,0,None,
10,Vessel 5,10,Evac Area 2 Marina,Safe Area 2 Harbor,285.3333333333333,302.0,302.0,312.0,18.0,120,Evac Area 2,
11,Vessel 5,11,Safe Area 2 Harbor,Evac Area 2 Marina,312.0,328.6666666666667,328.6666666666667,338.6666666666667,18.0,0,None,
12,Vessel 5,12,Evac Area 2 Marina,Safe Area 2 Harbor,338.6666666666667,355.33333333333337,355.33333333333337,365.33333333333337,18.0,120,Evac Area 2,
13,Vessel 5,13,Safe Area 2 Harbor,Evac Area 2 Marina,365.33333333333337,382.00000000000006,382.00000000000006,392.00000000000006,18.0,0,None,
14,Vessel 5,14,Evac Area 2 Marina,Safe Area 2 Harbor,392.00000000000006,408.66666666666674,408.66666666666674,418.66666666666674,18.0,120,Evac Area 2,
1,Vessel 6,1,Safe Area 1 Terminal,Evac Area 3 Dock,30.0,42.0,42.0,45.0,25.0,0,None,
2,Vessel 6,2,Evac Area 3 Dock,Safe Area 3 Marina,45.0,55.80000000000001,55.80000000000001,58.80000000000001,25.0,12,Evac Area 3,
3,Vessel 6,3,Safe Area 3 Marina,Evac Area 4 Dock,58.80000000000001,76.80000000000001,76.80000000000001,79.80000000000001,25.0,0,None,
4,Vessel 6,4,Evac Area 4 Dock,Safe Area 2 Harbor,79.80000000000001,98.04000000000002,98.04000000000002,101.04000000000002,25.0,12,Evac Area 4,
5,Vessel 6,5,Safe Area 2 Harbor,Evac Area 4 Dock,101.04000000000002,119.27999999999997,119.27999999999997,122.27999999999997,25.0,0,None,
6,Vessel 6,6,Evac Area 4 Dock,Safe Area 2 Harbor,122.27999999999997,140.51999999999998,140.51999999999998,143.51999999999998,25.0,12,Evac Area 4,
7,Vessel 6,7,Safe Area 2 Harbor,Evac Area 4 Dock,143.51999999999998,161.76,161.76,164.76,25.0,0,None,
8,Vessel 6,8,Evac Area 4 Dock,Safe Area 2 Harbor,164.76,183.0,183.0,186.0,25.0,12,Evac Area 4,
9,Vessel 6,9,Safe Area 2 Harbor,Evac Area 2 Marina,186.0,198.0,198.0,201.0,25.0,0,None,
10,Vessel 6,10,Evac Area 2 Marina,Safe Area 2 Harbor,201.0,213.0,213.0,216.0,25.0,12,Evac Area 2,
11,Vessel 6,11,Safe Area 2 Harbor,Evac Area 2 Marina,216.0,228.0,228.0,231.0,25.0,0,None,
12,Vessel 6,12,Evac Area 2 Marina,Safe Area 2 Harbor,231.0,243.0,243.0,246.0,25.0,12,Evac Area 2,
13,Vessel 6,13,Safe Area 2 Harbor,Evac Area 4 Beach,246.0,264.24,264.24,267.24,25.0,0,None,
14,Vessel 6,14,Evac Area 4 Beach,Safe Area 2 Harbor,267.24,285.48,285.48,288.48,25.0,12,Evac Area 4,
15,Vessel 6,15,Safe Area 2 Harbor,Evac Area 2 Marina,288.48,300.48,300.48,303.48,25.0,0,None,
16,Vessel 6,16,Evac Area 2 Marina,Safe Area 2 Harbor,303.48,315.48,315.48,318.48,25.0,12,Evac Area 2,
17,Vessel 6,17,Safe Area 2 Harbor,Evac Area 2 Marina,318.48,330.48,330.48,333.48,25.0,0,None,
18,Vessel 6,18,Evac Area 2 Marina,Safe Area 2 Harbor,333.48,345.48,345.48,348.48,25.0,12,Evac Area 2,
19,Vessel 6,19,Safe Area 2 Harbor,Evac Area 4 Dock,348.48,366.72,366.72,369.72,25.0,0,None,
20,Vessel 6,20,Evac Area 4 Dock,Safe Area 2 Harbor,369.72,387.96,387.96,390.96,25.0,8,Evac Area 4,
21,Vessel 6,21,Safe Area 2 Harbor,Evac Area 2 Marina,390.96,402.96,402.96,405.96,25.0,0,None,
22,Vessel 6,22,Evac Area 2 Marina,Safe Area 2 Harbor,405.96,417.96,417.96,420.96,25.0,8,Evac Area 2,
1,Vessel 2,1,Safe Area 3 Marina,Evac Area 3 Dock,426.64,437.44,437.44,440.44,25.0,0,None,yes
2,Vessel 2,2,Evac Area 3 Dock,Safe Area 3 Marina,440.44,451.24,451.24,454.24,25.0,12,Evac Area 3,yes
3,Vessel 2,3,Safe Area 3 Marina,Evac Area 4 Dock,454.24,472.24,472.24,475.24,25.0,0,None,yes
4,Vessel 2,4,Evac Area 4 Dock,Safe Area 3 Marina,475.24,493.24,493.24,496.24,25.0,12,Evac Area 4,yes
1,Vessel 3,1,Safe Area 2 Harbor,Evac Area 4 Beach,426.64,444.88,444.88,447.88,25.0,0,None,yes
2,Vessel 3,2,Evac Area 4 Beach,Safe Area 3 Marina,447.88,465.88,465.88,468.88,25.0,12,Evac Area 4,yes
3,Vessel 3,3,Safe Area 3 Marina,Evac Area 3 Dock,468.88,479.67999999999995,479.67999999999995,482.67999999999995,25.0,0,None,yes
4,Vessel 3,4,Evac Area 3 Dock,Safe Area 3 Marina,482.67999999999995,493.47999999999996,493.47999999999996,496.47999999999996,25.0,6,Evac Area 3,yes
1,Vessel 4,1,Safe Area 2 Harbor,Evac Area 4 Dock,426.64,444.88,444.88,449.88,25.0,0,None,yes
2,Vessel 4,2,Evac Area 4 Dock,Safe Area 3 Marina,449.88,467.88,467.88,472.88,25.0,38,Evac Area 4,yes
3,Vessel 4,3,Safe Area 3 Marina,Evac Area 4 Dock,472.88,490.88,490.88,495.88,25.0,0,None,yes
4,Vessel 4,4,Evac Area 4 Dock,Safe Area 3 Marina,495.88,513.88,513.88,518.88,25.0,38,Evac Area 4,yes
1,Vessel 5,1,Safe Area 2 Harbor,Evac Area 4 Dock,426.64,451.9733333333333,451.9733333333333,461.9733333333333,18.0,0,None,yes
2,Vessel 5,2,Evac Area 4 Dock,Safe Area 3 Marina,461.9733333333333,486.9733333333333,486.9733333333333,496.9733333333333,18.0,120,Evac Area 4,yes
1,Vessel 6,1,Safe Area 2 Harbor,Evac Area 4 Dock,426.64,444.88,444.88,447.88,25.0,0,None,yes
2,Vessel 6,2,Evac Area 4 Dock,Safe Area 3 Marina,447.88,465.88,465.88,468.88,25.0,12,Evac Area 4,yes
3,Vessel 6,3,Safe Area 3 Marina,Evac Area 4 Beach,468.88,486.88,486.88,489.88,25.0,0,None,yes
4,Vessel 6,4,Evac Area 4 Beach,Safe Area 3 Marina,489.88,507.88,507.88,510.88,25.0,7,Evac Area 4,yes
