segment_id,resource_id,route_segment_id,origin,destination,route_start_time,route_end_time,load_start_time,load_end_time,resource_speed,evacuees,evacuated_location,post_run_correction
1,Vessel 1,1,Safe Area 1 Terminal,Evac Area 1 Ferry Terminal,10.0,24.0,24.0,34.0,12.0,0,None,
2,Vessel 1,2,Evac Area 1 Ferry Terminal,Safe Area 1 Terminal,34.0,48.0,48.0,58.0,12.0,148,Evac Area 1,
1,Vessel 2,1,Safe Area 2 Harbor,Evac Area 4 Dock,10.0,28.24000000000001,28.24000000000001,31.24000000000001,25.0,0,None,
2,Vessel 2,2,Evac Area 4 Dock,Safe Area 3 Marina,31.24000000000001,49.24000000000001,49.24000000000001,52.24000000000001,25.0,12,Evac Area 4,
3,Vessel 2,3,Safe Area 3 Marina,Evac Area 4 Dock,52.24000000000001,70.24000000000001,70.24000000000001,73.24000000000001,25.0,0,None,
4,Vessel 2,4,Evac Area 4 Dock,Safe Area 2 Harbor,73.24000000000001,91.48000000000002,91.48000000000002,94.48000000000002,25.0,12,Evac Area 4,
5,Vessel 2,5,Safe Area 2 Harbor,Evac Area 4 Beach,94.48000000000002,112.71999999999997,112.71999999999997,115.71999999999997,25.0,0,None,
6,Vessel 2,6,Evac Area 4 Beach,Safe Area 3 Marina,115.71999999999997,133.71999999999997,133.71999999999997,136.71999999999997,25.0,12,Evac Area 4,
7,Vessel 2,7,Safe Area 3 Marina,Evac Area 4 Dock,136.71999999999997,154.71999999999997,154.71999999999997,157.71999999999997,25.0,0,None,
8,Vessel 2,8,Evac Area 4 Dock,Safe Area 2 Harbor,157.71999999999997,175.95999999999998,175.95999999999998,178.95999999999998,25.0,12,Evac Area 4,
9,Vessel 2,9,Safe Area 2 Harbor,Evac Area 2 Marina,178.95999999999998,190.96,190.96,193.96,25.0,0,None,
10,Vessel 2,10,Evac Area 2 Marina,Safe Area 2 Harbor,193.96,205.96,205.96,208.96,25.0,12,Evac Area 2,
11,Vessel 2,11,Safe Area 2 Harbor,Evac Area 2 Marina,208.96,220.96,220.96,223.96,25.0,0,None,
12,Vessel 2,12,Evac Area 2 Marina,Safe Area 2 Harbor,223.96,235.96,235.96,238.96,25.0,12,Evac Area 2,
13,Vessel 2,13,Safe Area 2 Harbor,Evac Area 4 Beach,238.96,257.2,257.2,260.2,25.0,0,None,
14,Vessel 2,14,Evac Area 4 Beach,Safe Area 3 Marina,260.2,278.2,278.2,281.2,25.0,12,Evac Area 4,
15,Vessel 2,15,Safe Area 3 Marina,Evac Area 4 Beach,281.2,299.2,299.2,302.2,25.0,0,None,
16,Vessel 2,16,Evac Area 4 Beach,Safe Area 3 Marina,302.2,320.2,320.2,323.2,25.0,12,Evac Area 4,
1,Vessel 3,1,Safe Area 3 Marina,Evac Area 4 Dock,60.0,78.0,78.0,81.0,25.0,0,None,
2,Vessel 3,2,Evac Area 4 Dock,Safe Area 2 Harbor,81.0,99.24000000000001,99.24000000000001,102.24000000000001,25.0,12,Evac Area 4,
3,Vessel 3,3,Safe Area 2 Harbor,Evac Area 2 Marina,102.24000000000001,114.24000000000001,114.24000000000001,117.24000000000001,25.0,0,None,
4,Vessel 3,4,Evac Area 2 Marina,Safe Area 2 Harbor,117.24000000000001,129.24,129.24,132.24,25.0,12,Evac Area 2,
5,Vessel 3,5,Safe Area 2 Harbor,Evac Area 2 Marina,132.24,144.24,144.24,147.24,25.0,0,None,
6,Vessel 3,6,Evac Area 2 Marina,Safe Area 2 Harbor,147.24,159.24,159.24,162.24,25.0,12,Evac Area 2,
7,Vessel 3,7,Safe Area 2 Harbor,Evac Area 4 Dock,162.24,180.48,180.48,183.48,25.0,0,None,
8,Vessel 3,8,Evac Area 4 Dock,Safe Area 2 Harbor,183.48,201.72000000000003,201.72000000000003,204.72000000000003,25.0,12,Evac Area 4,
9,Vessel 3,9,Safe Area 2 Harbor,Evac Area 2 Marina,204.72000000000003,216.72000000000003,216.72000000000003,219.72000000000003,25.0,0,None,
10,Vessel 3,10,Evac Area 2 Marina,Safe Area 2 Harbor,219.72000000000003,231.72000000000003,231.72000000000003,234.72000000000003,25.0,12,Evac Area 2,
11,Vessel 3,11,Safe Area 2 Harbor,Evac Area 4 Dock,234.72000000000003,252.96000000000004,252.96000000000004,255.96000000000004,25.0,0,None,
12,Vessel 3,12,Evac Area 4 Dock,Safe Area 3 Marina,255.96000000000004,273.96000000000004,273.96000000000004,276.96000000000004,25.0,12,Evac Area 4,
13,Vessel 3,13,Safe Area 3 Marina,Evac Area 4 Beach,276.96000000000004,294.96000000000004,294.96000000000004,297.96000000000004,25.0,0,None,
14,Vessel 3,14,Evac Area 4 Beach,Safe Area 3 Marina,297.96000000000004,315.96000000000004,315.96000000000004,318.96000000000004,25.0,12,Evac Area 4,
15,Vessel 3,15,Safe Area 3 Marina,Evac Area 4 Beach,318.96000000000004,336.96000000000004,336.96000000000004,339.96000000000004,25.0,0,None,
16,Vessel 3,16,Evac Area 4 Beach,Safe Area 2 Harbor,339.96000000000004,358.20000000000005,358.20000000000005,361.2000000000001,25.0,12,Evac Area 4,
1,Vessel 4,1,Safe Area 1 Terminal,Evac Area 3 Dock,10.0,22.0,22.0,27.0,25.0,0,None,
2,Vessel 4,2,Evac Area 3 Dock,Safe Area 3 Marina,27.0,37.80000000000001,37.80000000000001,42.80000000000001,25.0,38,Evac Area 3,
3,Vessel 4,3,Safe Area 3 Marina,Evac Area 4 Dock,42.80000000000001,60.80000000000001,60.80000000000001,65.80000000000001,25.0,0,None,
4,Vessel 4,4,Evac Area 4 Dock,Safe Area 3 Marina,65.80000000000001,83.80000000000001,83.80000000000001,88.80000000000001,25.0,38,Evac Area 4,
5,Vessel 4,5,Safe Area 3 Marina,Evac Area 4 Dock,88.80000000000001,106.80000000000001,106.80000000000001,111.80000000000001,25.0,0,None,
6,Vessel 4,6,Evac Area 4 Dock,Safe Area 2 Harbor,111.80000000000001,130.04,130.04,135.04,25.0,38,Evac Area 4,
7,Vessel 4,7,Safe Area 2 Harbor,Evac Area 2 Marina,135.04,147.04,147.04,152.04,25.0,0,None,
8,Vessel 4,8,Evac Area 2 Marina,Safe Area 2 Harbor,152.04,164.04,164.04,169.04,25.0,38,Evac Area 2,
9,Vessel 4,9,Safe Area 2 Harbor,Evac Area 2 Marina,169.04,181.04,181.04,186.04,25.0,0,None,
10,Vessel 4,10,Evac Area 2 Marina,Safe Area 2 Harbor,186.04,198.04,198.04,203.04,25.0,38,Evac Area 2,
11,Vessel 4,11,Safe Area 2 Harbor,Evac Area 2 Marina,203.04,215.04,215.04,220.04,25.0,0,None,
12,Vessel 4,12,Evac Area 2 Marina,Safe Area 2 Harbor,220.04,232.04,232.04,237.04,25.0,38,Evac Area 2,
13,Vessel 4,13,Safe Area 2 Harbor,Evac Area 2 Marina,237.04,249.04,249.04,254.04,25.0,0,None,
14,Vessel 4,14,Evac Area 2 Marina,Safe Area 2 Harbor,254.04,266.04,266.04,271.04,25.0,38,Evac Area 2,
15,Vessel 4,15,Safe Area 2 Harbor,Evac Area 2 Marina,271.04,283.04,283.04,288.04,25.0,0,None,
16,Vessel 4,16,Evac Area 2 Marina,Safe Area 2 Harbor,288.04,300.04,300.04,305.04,25.0,38,Evac Area 2,
17,Vessel 4,17,Safe Area 2 Harbor,Evac Area 2 Marina,305.04,317.04,317.04,322.04,25.0,0,None,
18,Vessel 4,18,Evac Area 2 Marina,Safe Area 2 Harbor,322.04,334.04,334.04,339.04,25.0,38,Evac Area 2,
19,Vessel 4,19,Safe Area 2 Harbor,Evac Area 2 Marina,339.04,351.04,351.04,356.04,25.0,0,None,
20,Vessel 4,20,Evac Area 2 Marina,Safe Area 2 Harbor,356.04,368.04,368.04,373.04,25.0,38,Evac Area 2,
1,Vessel 5,1,Safe Area 1 Terminal,Evac Area 3 Dock,30.0,46.666666666666686,46.666666666666686,56.666666666666686,18.0,0,None,
2,Vessel 5,2,Evac Area 3 Dock,Safe Area 3 Marina,56.666666666666686,71.66666666666669,71.66666666666669,81.66666666666669,18.0,120,Evac Area 3,
3,Vessel 5,3,Safe Area 3 Marina,Evac Area 4 Dock,81.66666666666669,106.66666666666669,106.66666666666669,116.66666666666669,18.0,0,None,
4,Vessel 5,4,Evac Area 4 Dock,Safe Area 3 Marina,116.66666666666669,141.66666666666669,141.66666666666669,151.66666666666669,18.0,120,Evac Area 4,
5,Vessel 5,5,Safe Area 3 Marina,Evac Area 2 Marina,151.66666666666669,175.00000000000003,175.00000000000003,185.00000000000003,18.0,0,None,
6,Vessel 5,6,Evac Area 2 Marina,Safe Area 2 Harbor,185.00000000000003,201.66666666666669,201.66666666666669,211.66666666666669,18.0,112,Evac Area 2,
7,Vessel 5,7,Safe Area 2 Harbor,Evac Area 2 Marina,211.66666666666669,228.33333333333331,228.33333333333331,238.33333333333331,18.0,0,None,
8,Vessel 5,8,Evac Area 2 Marina,Safe Area 2 Harbor,238.33333333333331,255.0,255.0,265.0,18.0,120,Evac Area 2,
9,Vessel 5,9,Safe Area 2 Harbor,Evac Area 2 Marina,265.0,281.6666666666667,281.6666666666667,291.6666666666667,18.0,0,None,
10,Vessel 5,10,Evac Area 2 Marina,Safe Area 2 Harbor,291.6666666666667,308.33333333333337,308.33333333333337,318.33333333333337,18.0,120,Evac Area 2,
11,Vessel 5,11,Safe Area 2 Harbor,Evac Area 2 Marina,318.33333333333337,335.00000000000006,335.00000000000006,345.00000000000006,18.0,0,None,
12,Vessel 5,12,Evac Area 2 Marina,Safe Area 2 Harbor,345.00000000000006,361.66666666666674,361.66666666666674,371.66666666666674,18.0,120,Evac Area 2,
1,Vessel 6,1,Safe Area 1 Terminal,Evac Area 4 Beach,30.0,51.60000000000002,51.60000000000002,54.60000000000002,25.0,0,None,
2,Vessel 6,2,Evac Area 4 Beach,Safe Area 3 Marina,54.60000000000002,72.59999999999997,72.59999999999997,75.59999999999997,25.0,11,Evac Area 4,
3,Vessel 6,3,Safe Area 3 Marina,Evac Area 4 Dock,75.59999999999997,93.59999999999997,93.59999999999997,96.59999999999997,25.0,0,None,
4,Vessel 6,4,Evac Area 4 Dock,Safe Area 3 Marina,96.59999999999997,114.59999999999997,114.59999999999997,117.6,25.0,12,Evac Area 4,
5,Vessel 6,5,Safe Area 3 Marina,Evac Area 4 Dock,117.6,135.6,135.6,138.6,25.0,0,None,
6,Vessel 6,6,Evac Area 4 Dock,Safe Area 3 Marina,138.6,156.6,156.6,159.6,25.0,12,Evac Area 4,
7,Vessel 6,7,Safe Area 3 Marina,Evac Area 4 Beach,159.6,177.6,177.6,180.6,25.0,0,None,
8,Vessel 6,8,Evac Area 4 Beach,Safe Area 2 Harbor,180.6,198.84,198.84,201.84,25.0,12,Evac Area 4,
9,Vessel 6,9,Safe Area 2 Harbor,Evac Area 4 Dock,201.84,220.08,220.08,223.08,25.0,0,None,
10,Vessel 6,10,Evac Area 4 Dock,Safe Area 2 Harbor,223.08,241.32,241.32,244.32,25.0,12,Evac Area 4,
11,Vessel 6,11,Safe Area 2 Harbor,Evac Area 2 Marina,244.32,256.32000000000005,256.32000000000005,259.32000000000005,25.0,0,None,
12,Vessel 6,12,Evac Area 2 Marina,Safe Area 2 Harbor,259.32000000000005,271.32000000000005,271.32000000000005,274.32000000000005,25.0,12,Evac Area 2,
13,Vessel 6,13,Safe Area 2 Harbor,Evac Area 2 Marina,274.32000000000005,286.32000000000005,286.32000000000005,289.32000000000005,25.0,0,None,
14,Vessel 6,14,Evac Area 2 Marina,Safe Area 2 Harbor,289.32000000000005,301.32000000000005,301.32000000000005,304.32000000000005,25.0,12,Evac Area 2,
15,Vessel 6,15,Safe Area 2 Harbor,Evac Area 2 Marina,304.32000000000005,316.32000000000005,316.32000000000005,319.32000000000005,25.0,0,None,
16,Vessel 6,16,Evac Area 2 Marina,Safe Area 2 Harbor,319.32000000000005,331.32000000000005,331.32000000000005,334.32000000000005,25.0,12,Evac Area 2,
1,Vessel 1,1,Safe Area 1 Terminal,Evac Area 1 Ferry Terminal,373.04,387.04,387.04,397.04,12.0,0,None,yes
2,Vessel 1,2,Evac Area 1 Ferry Terminal,Safe Area 1 Terminal,397.04,411.04,411.04,421.04,12.0,45,Evac Area 1,yes
1,Vessel 2,1,Safe Area 3 Marina,Evac Area 4 Beach,373.04,391.04,391.04,394.04,25.0,0,None,yes
2,Vessel 2,2,Evac Area 4 Beach,Safe Area 3 Marina,394.04,412.04,412.04,415.04,25.0,12,Evac Area 4,yes
3,Vessel 2,3,Safe Area 3 Marina,Evac Area 4 Beach,415.04,433.04,433.04,436.04,25.0,0,None,yes
4,Vessel 2,4,Evac Area 4 Beach,Safe Area 3 Marina,436.04,454.04,454.04,457.04,25.0,11,Evac Area 4,yes
1,Vessel 3,1,Safe Area 2 Harbor,Evac Area 4 Beach,373.04,391.28000000000003,391.28000000000003,394.28000000000003,25.0,0,None,yes
2,Vessel 3,2,Evac Area 4 Beach,Safe Area 2 Harbor,394.28000000000003,412.52000000000004,412.52000000000004,415.52000000000004,25.0,12,Evac Area 4,yes
3,Vessel 3,3,Safe Area 2 Harbor,Evac Area 4 Beach,415.52000000000004,433.76,433.76,436.76,25.0,0,None,yes
4,Vessel 3,4,Evac Area 4 Beach,Safe Area 3 Marina,436.76,454.76,454.76,457.76,25.0,12,Evac Area 4,yes
5,Vessel 3,5,Safe Area 3 Marina,Evac Area 2 Marina,457.76,474.56,474.56,477.56,25.0,0,None,yes
6,Vessel 3,6,Evac Area 2 Marina,Safe Area 2 Harbor,477.56,489.56,489.56,492.56,25.0,12,Evac Area 2,yes
1,Vessel 4,1,Safe Area 2 Harbor,Evac Area 2 Marina,373.04,385.04,385.04,390.04,25.0,0,None,yes
2,Vessel 4,2,Evac Area 2 Marina,Safe Area 2 Harbor,390.04,402.04,402.04,407.04,25.0,36,Evac Area 2,yes
3,Vessel 4,3,Safe Area 2 Harbor,Evac Area 2 Marina,407.04,419.04,419.04,424.04,25.0,0,None,yes
4,Vessel 4,4,Evac Area 2 Marina,Safe Area 3 Marina,424.04,440.84000000000003,440.84000000000003,445.84000000000003,25.0,38,Evac Area 2,yes
5,Vessel 4,5,Safe Area 3 Marina,Evac Area 4 Dock,445.84000000000003,463.84000000000003,463.84000000000003,468.84000000000003,25.0,0,None,yes
6,Vessel 4,6,Evac Area 4 Dock,Safe Area 2 Harbor,468.84000000000003,487.08000000000004,487.08000000000004,492.08000000000004,25.0,38,Evac Area 4,yes
1,Vessel 5,1,Safe Area 2 Harbor,Evac Area 4 Dock,373.04,398.37333333333333,398.37333333333333,408.37333333333333,18.0,0,None,yes
2,Vessel 5,2,Evac Area 4 Dock,Safe Area 3 Marina,408.37333333333333,433.37333333333333,433.37333333333333,443.37333333333333,18.0,120,Evac Area 4,yes
3,Vessel 5,3,Safe Area 3 Marina,Evac Area 3 Dock,443.37333333333333,458.37333333333333,458.37333333333333,468.37333333333333,18.0,0,None,yes
4,Vessel 5,4,Evac Area 3 Dock,Safe Area 3 Marina,468.37333333333333,483.37333333333333,483.37333333333333,493.37333333333333,18.0,55,Evac Area 3,yes
1,Vessel 6,1,Safe Area 2 Harbor,Evac Area 4 Beach,373.04,391.28000000000003,391.28000000000003,394.28000000000003,25.0,0,None,yes
2,Vessel 6,2,Evac Area 4 Beach,Safe Area 3 Marina,394.28000000000003,412.28000000000003,412.28000000000003,415.28000000000003,25.0,12,Evac Area 4,yes
3,Vessel 6,3,Safe Area 3 Marina,Evac Area 4 Dock,415.28000000000003,433.28000000000003,433.28000000000003,436.28000000000003,25.0,0,None,yes
4,Vessel 6,4,Evac Area 4 Dock,Safe Area 2 Harbor,436.28000000000003,454.52,454.52,457.52,25.0,12,Evac Area 4,yes
5,Vessel 6,5,Safe Area 2 Harbor,Evac Area 2 Marina,457.52,469.52,469.52,472.52,25.0,0,None,yes
6,Vessel 6,6,Evac Area 2 Marina,Safe Area 3 Marina,472.52,489.32,489.32,492.32,25.0,12,Evac Area 2,yes
