segment_id,resource_id,route_segment_id,origin,destination,route_start_time,route_end_time,load_start_time,load_end_time,resource_speed,evacuees,evacuated_location
1,Vessel 1,1,Safe Area 1 Terminal,Evac Area 1 Ferry Terminal,10.0,24.0,24.0,34.0,12.0,0,None
2,Vessel 1,2,Evac Area 1 Ferry Terminal,Safe Area 1 Terminal,34.0,48.0,48.0,58.0,12.0,39,Evac Area 1
1,Vessel 2,1,Safe Area 2 Harbor,Evac Area 2 Marina,10.0,22.0,22.0,25.0,25.0,0,None
2,Vessel 2,2,Evac Area 2 Marina,Safe Area 3 Marina,25.0,41.8,41.8,44.8,25.0,12,Evac Area 2
1,Vessel 4,1,Safe Area 1 Terminal,Evac Area 3 Dock,10.0,22.0,22.0,27.0,25.0,0,None
2,Vessel 4,2,Evac Area 3 Dock,Safe Area 3 Marina,27.0,37.8,37.8,42.8,25.0,37,Evac Area 3
1,Vessel 1,1,Safe Area 1 Terminal,Evac Area 1 Ferry Terminal,58.0,72.0,72.0,82.0,12.0,0,None
2,Vessel 1,2,Evac Area 1 Ferry Terminal,Safe Area 1 Terminal,82.0,96.0,96.0,106.0,12.0,31,Evac Area 1
1,Vessel 2,1,Safe Area 3 Marina,Evac Area 3 Dock,44.8,55.599999999999994,55.599999999999994,58.599999999999994,25.0,0,None
2,Vessel 2,2,Evac Area 3 Dock,Safe Area 3 Marina,58.599999999999994,69.39999999999999,69.39999999999999,72.39999999999999,25.0,12,Evac Area 3
3,Vessel 2,3,Safe Area 3 Marina,Evac Area 3 Dock,72.39999999999999,83.19999999999999,83.19999999999999,86.19999999999999,25.0,0,None
4,Vessel 2,4,Evac Area 3 Dock,Safe Area 3 Marina,86.19999999999999,96.99999999999999,96.99999999999999,99.99999999999999,25.0,12,Evac Area 3
5,Vessel 2,5,Safe Area 3 Marina,Evac Area 3 Dock,99.99999999999999,110.79999999999998,110.79999999999998,113.79999999999998,25.0,0,None
6,Vessel 2,6,Evac Area 3 Dock,Safe Area 3 Marina,113.79999999999998,124.59999999999998,124.59999999999998,127.59999999999998,25.0,12,Evac Area 3
7,Vessel 2,7,Safe Area 3 Marina,Evac Area 4 Dock,127.59999999999998,145.59999999999997,145.59999999999997,148.59999999999997,25.0,0,None
8,Vessel 2,8,Evac Area 4 Dock,Safe Area 2 Harbor,148.59999999999997,166.83999999999997,166.83999999999997,169.83999999999997,25.0,12,Evac Area 4
9,Vessel 2,9,Safe Area 2 Harbor,Evac Area 4 Dock,169.83999999999997,188.07999999999998,188.07999999999998,191.07999999999998,25.0,0,None
10,Vessel 2,10,Evac Area 4 Dock,Safe Area 2 Harbor,191.07999999999998,209.32,209.32,212.32,25.0,12,Evac Area 4
11,Vessel 2,11,Safe Area 2 Harbor,Evac Area 2 Marina,212.32,224.32,224.32,227.32,25.0,0,None
12,Vessel 2,12,Evac Area 2 Marina,Safe Area 2 Harbor,227.32,239.32,239.32,242.32,25.0,12,Evac Area 2
13,Vessel 2,13,Safe Area 2 Harbor,Evac Area 2 Marina,242.32,254.32,254.32,257.32,25.0,0,None
14,Vessel 2,14,Evac Area 2 Marina,Safe Area 2 Harbor,257.32,269.32,269.32,272.32,25.0,12,Evac Area 2
15,Vessel 2,15,Safe Area 2 Harbor,Evac Area 2 Marina,272.32,284.32,284.32,287.32,25.0,0,None
16,Vessel 2,16,Evac Area 2 Marina,Safe Area 2 Harbor,287.32,299.32,299.32,302.32,25.0,12,Evac Area 2
1,Vessel 3,1,Safe Area 3 Marina,Evac Area 3 Dock,60.0,70.8,70.8,73.8,25.0,0,None
2,Vessel 3,2,Evac Area 3 Dock,Safe Area 3 Marina,73.8,84.6,84.6,87.6,25.0,12,Evac Area 3
3,Vessel 3,3,Safe Area 3 Marina,Evac Area 3 Dock,87.6,98.39999999999999,98.39999999999999,101.39999999999999,25.0,0,None
4,Vessel 3,4,Evac Area 3 Dock,Safe Area 3 Marina,101.39999999999999,112.19999999999999,112.19999999999999,115.19999999999999,25.0,12,Evac Area 3
5,Vessel 3,5,Safe Area 3 Marina,Evac Area 4 Dock,115.19999999999999,133.2,133.2,136.2,25.0,0,None
6,Vessel 3,6,Evac Area 4 Dock,Safe Area 2 Harbor,136.2,154.44,154.44,157.44,25.0,12,Evac Area 4
7,Vessel 3,7,Safe Area 2 Harbor,Evac Area 4 Dock,157.44,175.68,175.68,178.68,25.0,0,None
8,Vessel 3,8,Evac Area 4 Dock,Safe Area 3 Marina,178.68,196.68,196.68,199.68,25.0,12,Evac Area 4
9,Vessel 3,9,Safe Area 3 Marina,Evac Area 4 Beach,199.68,217.68,217.68,220.68,25.0,0,None
10,Vessel 3,10,Evac Area 4 Beach,Safe Area 3 Marina,220.68,238.68,238.68,241.68,25.0,12,Evac Area 4
11,Vessel 3,11,Safe Area 3 Marina,Evac Area 4 Dock,241.68,259.68,259.68,262.68,25.0,0,None
12,Vessel 3,12,Evac Area 4 Dock,Safe Area 3 Marina,262.68,280.68,280.68,283.68,25.0,12,Evac Area 4
1,Vessel 4,1,Safe Area 3 Marina,Evac Area 3 Dock,42.8,53.599999999999994,53.599999999999994,58.599999999999994,25.0,0,None
2,Vessel 4,2,Evac Area 3 Dock,Safe Area 3 Marina,58.599999999999994,69.39999999999999,69.39999999999999,74.39999999999999,25.0,38,Evac Area 3
3,Vessel 4,3,Safe Area 3 Marina,Evac Area 3 Dock,74.39999999999999,85.19999999999999,85.19999999999999,90.19999999999999,25.0,0,None
4,Vessel 4,4,Evac Area 3 Dock,Safe Area 3 Marina,90.19999999999999,100.99999999999999,100.99999999999999,105.99999999999999,25.0,38,Evac Area 3
5,Vessel 4,5,Safe Area 3 Marina,Evac Area 3 Dock,105.99999999999999,116.79999999999998,116.79999999999998,121.79999999999998,25.0,0,None
6,Vessel 4,6,Evac Area 3 Dock,Safe Area 3 Marina,121.79999999999998,132.59999999999997,132.59999999999997,137.59999999999997,25.0,38,Evac Area 3
7,Vessel 4,7,Safe Area 3 Marina,Evac Area 3 Dock,137.59999999999997,148.39999999999998,148.39999999999998,153.39999999999998,25.0,0,None
8,Vessel 4,8,Evac Area 3 Dock,Safe Area 3 Marina,153.39999999999998,164.2,164.2,169.2,25.0,38,Evac Area 3
9,Vessel 4,9,Safe Area 3 Marina,Evac Area 3 Dock,169.2,180.0,180.0,185.0,25.0,0,None
10,Vessel 4,10,Evac Area 3 Dock,Safe Area 3 Marina,185.0,195.8,195.8,200.8,25.0,38,Evac Area 3
11,Vessel 4,11,Safe Area 3 Marina,Evac Area 3 Dock,200.8,211.60000000000002,211.60000000000002,216.60000000000002,25.0,0,None
12,Vessel 4,12,Evac Area 3 Dock,Safe Area 3 Marina,216.60000000000002,227.40000000000003,227.40000000000003,232.40000000000003,25.0,38,Evac Area 3
13,Vessel 4,13,Safe Area 3 Marina,Evac Area 4 Dock,232.40000000000003,250.40000000000003,250.40000000000003,255.40000000000003,25.0,0,None
14,Vessel 4,14,Evac Area 4 Dock,Safe Area 3 Marina,255.40000000000003,273.40000000000003,273.40000000000003,278.40000000000003,25.0,38,Evac Area 4
15,Vessel 4,15,Safe Area 3 Marina,Evac Area 3 Dock,278.40000000000003,289.20000000000005,289.20000000000005,294.20000000000005,25.0,0,None
16,Vessel 4,16,Evac Area 3 Dock,Safe Area 3 Marina,294.20000000000005,305.00000000000006,305.00000000000006,310.00000000000006,25.0,38,Evac Area 3
1,Vessel 5,1,Safe Area 1 Terminal,Evac Area 3 Dock,30.0,46.66666666666667,46.66666666666667,56.66666666666667,18.0,0,None
2,Vessel 5,2,Evac Area 3 Dock,Safe Area 3 Marina,56.66666666666667,71.66666666666667,71.66666666666667,81.66666666666667,18.0,120,Evac Area 3
3,Vessel 5,3,Safe Area 3 Marina,Evac Area 3 Dock,81.66666666666667,96.66666666666667,96.66666666666667,106.66666666666667,18.0,0,None
4,Vessel 5,4,Evac Area 3 Dock,Safe Area 3 Marina,106.66666666666667,121.66666666666667,121.66666666666667,131.66666666666669,18.0,120,Evac Area 3
5,Vessel 5,5,Safe Area 3 Marina,Evac Area 4 Dock,131.66666666666669,156.66666666666669,156.66666666666669,166.66666666666669,18.0,0,None
6,Vessel 5,6,Evac Area 4 Dock,Safe Area 2 Harbor,166.66666666666669,192.00000000000003,192.00000000000003,202.00000000000003,18.0,110,Evac Area 4
7,Vessel 5,7,Safe Area 2 Harbor,Evac Area 2 Marina,202.00000000000003,218.66666666666669,218.66666666666669,228.66666666666669,18.0,0,None
8,Vessel 5,8,Evac Area 2 Marina,Safe Area 2 Harbor,228.66666666666669,245.33333333333334,245.33333333333334,255.33333333333334,18.0,120,Evac Area 2
9,Vessel 5,9,Safe Area 2 Harbor,Evac Area 2 Marina,255.33333333333334,272.0,272.0,282.0,18.0,0,None
10,Vessel 5,10,Evac Area 2 Marina,Safe Area 2 Harbor,282.0,298.6666666666667,298.6666666666667,308.6666666666667,18.0,119,Evac Area 2
1,Vessel 6,1,Safe Area 1 Terminal,Evac Area 3 Dock,30.0,42.0,42.0,45.0,25.0,0,None
2,Vessel 6,2,Evac Area 3 Dock,Safe Area 3 Marina,45.0,55.8,55.8,58.8,25.0,12,Evac Area 3
3,Vessel 6,3,Safe Area 3 Marina,Evac Area 3 Dock,58.8,69.6,69.6,72.6,25.0,0,None
4,Vessel 6,4,Evac Area 3 Dock,Safe Area 3 Marina,72.6,83.39999999999999,83.39999999999999,86.39999999999999,25.0,12,Evac Area 3
5,Vessel 6,5,Safe Area 3 Marina,Evac Area 3 Dock,86.39999999999999,97.19999999999999,97.19999999999999,100.19999999999999,25.0,0,None
6,Vessel 6,6,Evac Area 3 Dock,Safe Area 3 Marina,100.19999999999999,110.99999999999999,110.99999999999999,113.99999999999999,25.0,12,Evac Area 3
7,Vessel 6,7,Safe Area 3 Marina,Evac Area 3 Dock,113.99999999999999,124.79999999999998,124.79999999999998,127.79999999999998,25.0,0,None
8,Vessel 6,8,Evac Area 3 Dock,Safe Area 3 Marina,127.79999999999998,138.59999999999997,138.59999999999997,141.59999999999997,25.0,5,Evac Area 3
9,Vessel 6,9,Safe Area 3 Marina,Evac Area 3 Dock,141.59999999999997,152.39999999999998,152.39999999999998,155.39999999999998,25.0,0,None
10,Vessel 6,10,Evac Area 3 Dock,Safe Area 3 Marina,155.39999999999998,166.2,166.2,169.2,25.0,12,Evac Area 3
11,Vessel 6,11,Safe Area 3 Marina,Evac Area 3 Dock,169.2,180.0,180.0,183.0,25.0,0,None
12,Vessel 6,12,Evac Area 3 Dock,Safe Area 3 Marina,183.0,193.8,193.8,196.8,25.0,12,Evac Area 3
13,Vessel 6,13,Safe Area 3 Marina,Evac Area 4 Dock,196.8,214.8,214.8,217.8,25.0,0,None
14,Vessel 6,14,Evac Area 4 Dock,Safe Area 3 Marina,217.8,235.8,235.8,238.8,25.0,12,Evac Area 4
15,Vessel 6,15,Safe Area 3 Marina,Evac Area 4 Beach,238.8,256.8,256.8,259.8,25.0,0,None
16,Vessel 6,16,Evac Area 4 Beach,Safe Area 3 Marina,259.8,277.8,277.8,280.8,25.0,12,Evac Area 4
