segment_id,resource_id,route_segment_id,origin,destination,route_start_time,route_end_time,load_start_time,load_end_time,resource_speed,evacuees,evacuated_location
1,Vessel 1,1,Safe Area 1 Terminal,Evac Area 1 Ferry Terminal,10.0,24.0,24.0,34.0,12.0,0,None
2,Vessel 1,2,Evac Area 1 Ferry Terminal,Safe Area 1 Terminal,34.0,48.0,48.0,58.0,12.0,94,Evac Area 1
1,Vessel 2,1,Safe Area 2 Harbor,Evac Area 2 Marina,10.0,22.0,22.0,25.0,25.0,0,None
2,Vessel 2,2,Evac Area 2 Marina,Safe Area 2 Harbor,25.0,37.0,37.0,40.0,25.0,12,Evac Area 2
1,Vessel 4,1,Safe Area 1 Terminal,Evac Area 2 Marina,10.0,34.0,34.0,39.0,25.0,0,None
2,Vessel 4,2,Evac Area 2 Marina,Safe Area 2 Harbor,39.0,51.0,51.0,56.0,25.0,31,Evac Area 2
1,Vessel 5,1,Safe Area 1 Terminal,Evac Area 3 Dock,30.0,46.66666666666667,46.66666666666667,56.66666666666667,18.0,0,None
2,Vessel 5,2,Evac Area 3 Dock,Safe Area 3 Marina,56.66666666666667,71.66666666666667,71.66666666666667,81.66666666666667,18.0,47,Evac Area 3
1,Vessel 6,1,Safe Area 1 Terminal,Evac Area 4 Dock,30.0,51.6,51.6,54.6,25.0,0,None
2,Vessel 6,2,Evac Area 4 Dock,Safe Area 2 Harbor,54.6,72.83999999999999,72.83999999999999,75.83999999999999,25.0,4,Evac Area 4
1,Vessel 1,1,Safe Area 1 Terminal,Evac Area 1 Ferry Terminal,58.0,72.0,72.0,82.0,12.0,0,None
2,Vessel 1,2,Evac Area 1 Ferry Terminal,Safe Area 1 Terminal,82.0,96.0,96.0,106.0,12.0,457,Evac Area 1
3,Vessel 1,3,Safe Area 1 Terminal,Evac Area 1 Ferry Terminal,106.0,120.0,120.0,130.0,12.0,0,None
4,Vessel 1,4,Evac Area 1 Ferry Terminal,Safe Area 1 Terminal,130.0,144.0,144.0,154.0,12.0,279,Evac Area 1
1,Vessel 2,1,Safe Area 2 Harbor,Evac Area 3 Dock,40.0,59.2,59.2,62.2,25.0,0,None
2,Vessel 2,2,Evac Area 3 Dock,Safe Area 2 Harbor,62.2,81.4,81.4,84.4,25.0,8,Evac Area 3
3,Vessel 2,3,Safe Area 2 Harbor,Evac Area 2 Marina,84.4,96.4,96.4,99.4,25.0,0,None
4,Vessel 2,4,Evac Area 2 Marina,Safe Area 2 Harbor,99.4,111.4,111.4,114.4,25.0,12,Evac Area 2
5,Vessel 2,5,Safe Area 2 Harbor,Evac Area 2 Marina,114.4,126.4,126.4,129.4,25.0,0,None
6,Vessel 2,6,Evac Area 2 Marina,Safe Area 2 Harbor,129.4,141.4,141.4,144.4,25.0,12,Evac Area 2
7,Vessel 2,7,Safe Area 2 Harbor,Evac Area 2 Marina,144.4,156.4,156.4,159.4,25.0,0,None
8,Vessel 2,8,Evac Area 2 Marina,Safe Area 3 Marina,159.4,176.20000000000002,176.20000000000002,179.20000000000002,25.0,12,Evac Area 2
1,Vessel 3,1,Safe Area 3 Marina,Evac Area 3 Dock,60.0,70.8,70.8,73.8,25.0,0,None
2,Vessel 3,2,Evac Area 3 Dock,Safe Area 3 Marina,73.8,84.6,84.6,87.6,25.0,12,Evac Area 3
3,Vessel 3,3,Safe Area 3 Marina,Evac Area 2 Marina,87.6,104.39999999999999,104.39999999999999,107.39999999999999,25.0,0,None
4,Vessel 3,4,Evac Area 2 Marina,Safe Area 2 Harbor,107.39999999999999,119.39999999999999,119.39999999999999,122.39999999999999,25.0,12,Evac Area 2
5,Vessel 3,5,Safe Area 2 Harbor,Evac Area 2 Marina,122.39999999999999,134.39999999999998,134.39999999999998,137.39999999999998,25.0,0,None
6,Vessel 3,6,Evac Area 2 Marina,Safe Area 2 Harbor,137.39999999999998,149.39999999999998,149.39999999999998,152.39999999999998,25.0,12,Evac Area 2
7,Vessel 3,7,Safe Area 2 Harbor,Evac Area 2 Marina,152.39999999999998,164.39999999999998,164.39999999999998,167.39999999999998,25.0,0,None
8,Vessel 3,8,Evac Area 2 Marina,Safe Area 2 Harbor,167.39999999999998,179.39999999999998,179.39999999999998,182.39999999999998,25.0,12,Evac Area 2
1,Vessel 4,1,Safe Area 2 Harbor,Evac Area 2 Marina,56.0,68.0,68.0,73.0,25.0,0,None
2,Vessel 4,2,Evac Area 2 Marina,Safe Area 2 Harbor,73.0,85.0,85.0,90.0,25.0,38,Evac Area 2
3,Vessel 4,3,Safe Area 2 Harbor,Evac Area 2 Marina,90.0,102.0,102.0,107.0,25.0,0,None
4,Vessel 4,4,Evac Area 2 Marina,Safe Area 2 Harbor,107.0,119.0,119.0,124.0,25.0,38,Evac Area 2
5,Vessel 4,5,Safe Area 2 Harbor,Evac Area 2 Marina,124.0,136.0,136.0,141.0,25.0,0,None
6,Vessel 4,6,Evac Area 2 Marina,Safe Area 2 Harbor,141.0,153.0,153.0,158.0,25.0,38,Evac Area 2
7,Vessel 4,7,Safe Area 2 Harbor,Evac Area 2 Marina,158.0,170.0,170.0,175.0,25.0,0,None
8,Vessel 4,8,Evac Area 2 Marina,Safe Area 2 Harbor,175.0,187.0,187.0,192.0,25.0,38,Evac Area 2
1,Vessel 5,1,Safe Area 3 Marina,Evac Area 2 Marina,81.66666666666667,105.0,105.0,115.0,18.0,0,None
2,Vessel 5,2,Evac Area 2 Marina,Safe Area 2 Harbor,115.0,131.66666666666669,131.66666666666669,141.66666666666669,18.0,120,Evac Area 2
3,Vessel 5,3,Safe Area 2 Harbor,Evac Area 2 Marina,141.66666666666669,158.33333333333334,158.33333333333334,168.33333333333334,18.0,0,None
4,Vessel 5,4,Evac Area 2 Marina,Safe Area 2 Harbor,168.33333333333334,185.0,185.0,195.0,18.0,120,Evac Area 2
1,Vessel 6,1,Safe Area 2 Harbor,Evac Area 2 Marina,75.83999999999999,87.83999999999999,87.83999999999999,90.83999999999999,25.0,0,None
2,Vessel 6,2,Evac Area 2 Marina,Safe Area 3 Marina,90.83999999999999,107.63999999999999,107.63999999999999,110.63999999999999,25.0,12,Evac Area 2
3,Vessel 6,3,Safe Area 3 Marina,Evac Area 2 Marina,110.63999999999999,127.43999999999998,127.43999999999998,130.44,25.0,0,None
4,Vessel 6,4,Evac Area 2 Marina,Safe Area 3 Marina,130.44,147.23999999999998,147.23999999999998,150.23999999999998,25.0,12,Evac Area 2
5,Vessel 6,5,Safe Area 3 Marina,Evac Area 2 Marina,150.23999999999998,167.04,167.04,170.04,25.0,0,None
6,Vessel 6,6,Evac Area 2 Marina,Safe Area 2 Harbor,170.04,182.04,182.04,185.04,25.0,4,Evac Area 2
