segment_id,resource_id,route_segment_id,origin,destination,route_start_time,route_end_time,load_start_time,load_end_time,resource_speed,evacuees,evacuated_location
1,Vessel 1,1,Safe Area 1 Terminal,Evac Area 1 Ferry Terminal,10.0,24.0,24.0,34.0,12.0,0,None
2,Vessel 1,2,Evac Area 1 Ferry Terminal,Safe Area 1 Terminal,34.0,48.0,48.0,58.0,12.0,34,Evac Area 1
1,Vessel 1,1,Safe Area 1 Terminal,Evac Area 1 Ferry Terminal,75.0,89.0,89.0,99.0,12.0,0,None
2,Vessel 1,2,Evac Area 1 Ferry Terminal,Safe Area 1 Terminal,99.0,113.0,113.0,123.0,12.0,5,Evac Area 1
1,Vessel 2,1,Safe Area 2 Harbor,Evac Area 2 Marina,10.0,22.0,22.0,25.0,25.0,0,None
2,Vessel 2,2,Evac Area 2 Marina,Safe Area 2 Harbor,25.0,37.0,37.0,40.0,25.0,12,Evac Area 2
1,Vessel 2,1,Safe Area 2 Harbor,Evac Area 4 Beach,40.0,58.24000000000001,58.24000000000001,61.24000000000001,25.0,0,None
2,Vessel 2,2,Evac Area 4 Beach,Safe Area 2 Harbor,61.24000000000001,79.47999999999999,79.47999999999999,82.47999999999999,25.0,12,Evac Area 4
1,Vessel 2,1,Safe Area 2 Harbor,Evac Area 4 Beach,82.47999999999999,100.71999999999998,100.71999999999998,103.71999999999998,25.0,0,None
2,Vessel 2,2,Evac Area 4 Beach,Safe Area 3 Marina,103.71999999999998,121.71999999999998,121.71999999999998,124.71999999999998,25.0,12,Evac Area 4
1,Vessel 2,1,Safe Area 3 Marina,Evac Area 2 Marina,124.71999999999998,141.51999999999998,141.51999999999998,144.51999999999998,25.0,0,None
2,Vessel 2,2,Evac Area 2 Marina,Safe Area 2 Harbor,144.51999999999998,156.51999999999998,156.51999999999998,159.51999999999998,25.0,12,Evac Area 2
1,Vessel 2,1,Safe Area 2 Harbor,Evac Area 2 Marina,159.51999999999998,171.51999999999998,171.51999999999998,174.51999999999998,25.0,0,None
2,Vessel 2,2,Evac Area 2 Marina,Safe Area 3 Marina,174.51999999999998,191.32,191.32,194.32,25.0,12,Evac Area 2
1,Vessel 3,1,Safe Area 3 Marina,Evac Area 4 Dock,60.0,78.0,78.0,81.0,25.0,0,None
2,Vessel 3,2,Evac Area 4 Dock,Safe Area 3 Marina,81.0,99.0,99.0,102.0,25.0,12,Evac Area 4
1,Vessel 3,1,Safe Area 3 Marina,Evac Area 3 Dock,102.0,112.8,112.8,115.8,25.0,0,None
2,Vessel 3,2,Evac Area 3 Dock,Safe Area 3 Marina,115.8,126.6,126.6,129.6,25.0,12,Evac Area 3
1,Vessel 3,1,Safe Area 3 Marina,Evac Area 2 Marina,129.6,146.4,146.4,149.4,25.0,0,None
2,Vessel 3,2,Evac Area 2 Marina,Safe Area 2 Harbor,149.4,161.39999999999998,161.39999999999998,164.39999999999998,25.0,12,Evac Area 2
1,Vessel 3,1,Safe Area 2 Harbor,Evac Area 2 Marina,164.39999999999998,176.39999999999998,176.39999999999998,179.39999999999998,25.0,0,None
2,Vessel 3,2,Evac Area 2 Marina,Safe Area 3 Marina,179.39999999999998,196.2,196.2,199.2,25.0,11,Evac Area 2
1,Vessel 4,1,Safe Area 1 Terminal,Evac Area 3 Dock,10.0,22.0,22.0,27.0,25.0,0,None
2,Vessel 4,2,Evac Area 3 Dock,Safe Area 3 Marina,27.0,37.8,37.8,42.8,25.0,38,Evac Area 3
1,Vessel 4,1,Safe Area 3 Marina,Evac Area 4 Dock,42.8,60.8,60.8,65.8,25.0,0,None
2,Vessel 4,2,Evac Area 4 Dock,Safe Area 2 Harbor,65.8,84.03999999999999,84.03999999999999,89.03999999999999,25.0,38,Evac Area 4
1,Vessel 4,1,Safe Area 2 Harbor,Evac Area 2 Marina,89.03999999999999,101.04,101.04,106.04,25.0,0,None
2,Vessel 4,2,Evac Area 2 Marina,Safe Area 2 Harbor,106.04,118.04,118.04,123.04,25.0,38,Evac Area 2
1,Vessel 4,1,Safe Area 2 Harbor,Evac Area 2 Marina,123.04,135.04000000000002,135.04000000000002,140.04000000000002,25.0,0,None
2,Vessel 4,2,Evac Area 2 Marina,Safe Area 2 Harbor,140.04000000000002,152.04000000000002,152.04000000000002,157.04000000000002,25.0,38,Evac Area 2
1,Vessel 4,1,Safe Area 2 Harbor,Evac Area 2 Marina,157.04000000000002,169.04000000000002,169.04000000000002,174.04000000000002,25.0,0,None
2,Vessel 4,2,Evac Area 2 Marina,Safe Area 3 Marina,174.04000000000002,190.84000000000003,190.84000000000003,195.84000000000003,25.0,38,Evac Area 2
1,Vessel 5,1,Safe Area 1 Terminal,Evac Area 3 Dock,30.0,46.66666666666667,46.66666666666667,56.66666666666667,18.0,0,None
2,Vessel 5,2,Evac Area 3 Dock,Safe Area 3 Marina,56.66666666666667,71.66666666666667,71.66666666666667,81.66666666666667,18.0,120,Evac Area 3
1,Vessel 5,1,Safe Area 3 Marina,Evac Area 4 Dock,81.66666666666667,106.66666666666669,106.66666666666669,116.66666666666669,18.0,0,None
2,Vessel 5,2,Evac Area 4 Dock,Safe Area 3 Marina,116.66666666666669,141.66666666666669,141.66666666666669,151.66666666666669,18.0,120,Evac Area 4
1,Vessel 5,1,Safe Area 3 Marina,Evac Area 2 Marina,151.66666666666669,175.00000000000003,175.00000000000003,185.0,18.0,0,None
2,Vessel 5,2,Evac Area 2 Marina,Safe Area 2 Harbor,185.0,201.66666666666669,201.66666666666669,211.66666666666669,18.0,120,Evac Area 2
1,Vessel 6,1,Safe Area 1 Terminal,Evac Area 3 Dock,30.0,42.0,42.0,45.0,25.0,0,None
2,Vessel 6,2,Evac Area 3 Dock,Safe Area 3 Marina,45.0,55.8,55.8,58.8,25.0,12,Evac Area 3
1,Vessel 6,1,Safe Area 3 Marina,Evac Area 1 Marina,58.8,66.0,66.0,69.0,25.0,0,None
2,Vessel 6,2,Evac Area 1 Marina,Safe Area 1 Terminal,69.0,75.72,75.72,78.72,25.0,5,Evac Area 1
1,Vessel 6,1,Safe Area 1 Terminal,Evac Area 3 Dock,78.72,90.72,90.72,93.72,25.0,0,None
2,Vessel 6,2,Evac Area 3 Dock,Safe Area 3 Marina,93.72,104.52,104.52,107.52,25.0,12,Evac Area 3
1,Vessel 6,1,Safe Area 3 Marina,Evac Area 4 Dock,107.52,125.52,125.52,128.51999999999998,25.0,0,None
2,Vessel 6,2,Evac Area 4 Dock,Safe Area 3 Marina,128.51999999999998,146.51999999999998,146.51999999999998,149.51999999999998,25.0,12,Evac Area 4
1,Vessel 6,1,Safe Area 3 Marina,Evac Area 3 Dock,149.51999999999998,160.32,160.32,163.32,25.0,0,None
2,Vessel 6,2,Evac Area 3 Dock,Safe Area 3 Marina,163.32,174.11999999999998,174.11999999999998,177.11999999999998,25.0,12,Evac Area 3
1,Vessel 1,1,Safe Area 1 Terminal,Evac Area 1 Ferry Terminal,165.0,179.0,179.0,189.0,12.0,0,None
2,Vessel 1,2,Evac Area 1 Ferry Terminal,Safe Area 1 Terminal,189.0,203.0,203.0,213.0,12.0,33,Evac Area 1
1,Vessel 2,1,Safe Area 3 Marina,Evac Area 4 Dock,194.32,212.32,212.32,215.32,25.0,0,None
2,Vessel 2,2,Evac Area 4 Dock,Safe Area 2 Harbor,215.32,233.56,233.56,236.56,25.0,12,Evac Area 4
3,Vessel 2,3,Safe Area 2 Harbor,Evac Area 4 Dock,236.56,254.79999999999998,254.79999999999998,257.79999999999995,25.0,0,None
4,Vessel 2,4,Evac Area 4 Dock,Safe Area 3 Marina,257.79999999999995,275.79999999999995,275.79999999999995,278.79999999999995,25.0,12,Evac Area 4
5,Vessel 2,5,Safe Area 3 Marina,Evac Area 2 Marina,278.79999999999995,295.6,295.6,298.6,25.0,0,None
6,Vessel 2,6,Evac Area 2 Marina,Safe Area 2 Harbor,298.6,310.6,310.6,313.6,25.0,12,Evac Area 2
7,Vessel 2,7,Safe Area 2 Harbor,Evac Area 2 Marina,313.6,325.6,325.6,328.6,25.0,0,None
8,Vessel 2,8,Evac Area 2 Marina,Safe Area 3 Marina,328.6,345.4,345.4,348.4,25.0,12,Evac Area 2
1,Vessel 3,1,Safe Area 3 Marina,Evac Area 2 Marina,199.2,216.0,216.0,219.0,25.0,0,None
2,Vessel 3,2,Evac Area 2 Marina,Safe Area 2 Harbor,219.0,231.0,231.0,234.0,25.0,12,Evac Area 2
3,Vessel 3,3,Safe Area 2 Harbor,Evac Area 2 Marina,234.0,246.0,246.0,249.0,25.0,0,None
4,Vessel 3,4,Evac Area 2 Marina,Safe Area 2 Harbor,249.0,261.0,261.0,264.0,25.0,12,Evac Area 2
5,Vessel 3,5,Safe Area 2 Harbor,Evac Area 4 Beach,264.0,282.24,282.24,285.24,25.0,0,None
6,Vessel 3,6,Evac Area 4 Beach,Safe Area 2 Harbor,285.24,303.48,303.48,306.48,25.0,4,Evac Area 4
7,Vessel 3,7,Safe Area 2 Harbor,Evac Area 4 Beach,306.48,324.72,324.72,327.72,25.0,0,None
8,Vessel 3,8,Evac Area 4 Beach,Safe Area 1 Terminal,327.72,349.32,349.32,352.32,25.0,12,Evac Area 4
1,Vessel 4,1,Safe Area 3 Marina,Evac Area 3 Dock,195.84000000000003,206.64000000000004,206.64000000000004,211.64000000000004,25.0,0,None
2,Vessel 4,2,Evac Area 3 Dock,Safe Area 3 Marina,211.64000000000004,222.44000000000003,222.44000000000003,227.44000000000003,25.0,38,Evac Area 3
3,Vessel 4,3,Safe Area 3 Marina,Evac Area 3 Dock,227.44000000000003,238.24,238.24,243.24,25.0,0,None
4,Vessel 4,4,Evac Area 3 Dock,Safe Area 3 Marina,243.24,254.04000000000002,254.04000000000002,259.04,25.0,38,Evac Area 3
5,Vessel 4,5,Safe Area 3 Marina,Evac Area 3 Dock,259.04,269.84000000000003,269.84000000000003,274.84000000000003,25.0,0,None
6,Vessel 4,6,Evac Area 3 Dock,Safe Area 3 Marina,274.84000000000003,285.64,285.64,290.64,25.0,38,Evac Area 3
7,Vessel 4,7,Safe Area 3 Marina,Evac Area 3 Dock,290.64,301.44000000000005,301.44000000000005,306.44000000000005,25.0,0,None
8,Vessel 4,8,Evac Area 3 Dock,Safe Area 3 Marina,306.44000000000005,317.24,317.24,322.24,25.0,38,Evac Area 3
9,Vessel 4,9,Safe Area 3 Marina,Evac Area 3 Dock,322.24,333.0400000000001,333.0400000000001,338.0400000000001,25.0,0,None
10,Vessel 4,10,Evac Area 3 Dock,Safe Area 3 Marina,338.0400000000001,348.84000000000003,348.84000000000003,353.84000000000003,25.0,38,Evac Area 3
1,Vessel 5,1,Safe Area 2 Harbor,Evac Area 2 Marina,211.66666666666669,228.33333333333337,228.33333333333337,238.33333333333337,18.0,0,None
2,Vessel 5,2,Evac Area 2 Marina,Safe Area 1 Terminal,238.33333333333337,271.6666666666667,271.6666666666667,281.6666666666667,18.0,119,Evac Area 2
3,Vessel 5,3,Safe Area 1 Terminal,Evac Area 3 Dock,281.6666666666667,298.33333333333337,298.33333333333337,308.33333333333337,18.0,0,None
4,Vessel 5,4,Evac Area 3 Dock,Safe Area 1 Terminal,308.33333333333337,325.0,325.0,335.0,18.0,120,Evac Area 3
1,Vessel 6,1,Safe Area 3 Marina,Evac Area 3 Dock,177.11999999999998,187.91999999999996,187.91999999999996,190.91999999999996,25.0,0,None
2,Vessel 6,2,Evac Area 3 Dock,Safe Area 3 Marina,190.91999999999996,201.71999999999997,201.71999999999997,204.71999999999997,25.0,12,Evac Area 3
3,Vessel 6,3,Safe Area 3 Marina,Evac Area 4 Beach,204.71999999999997,222.71999999999997,222.71999999999997,225.71999999999997,25.0,0,None
4,Vessel 6,4,Evac Area 4 Beach,Safe Area 3 Marina,225.71999999999997,243.71999999999997,243.71999999999997,246.71999999999997,25.0,12,Evac Area 4
5,Vessel 6,5,Safe Area 3 Marina,Evac Area 4 Beach,246.71999999999997,264.71999999999997,264.71999999999997,267.71999999999997,25.0,0,None
6,Vessel 6,6,Evac Area 4 Beach,Safe Area 3 Marina,267.71999999999997,285.71999999999997,285.71999999999997,288.71999999999997,25.0,12,Evac Area 4
7,Vessel 6,7,Safe Area 3 Marina,Evac Area 3 Dock,288.71999999999997,299.52,299.52,302.52,25.0,0,None
8,Vessel 6,8,Evac Area 3 Dock,Safe Area 3 Marina,302.52,313.32,313.32,316.32,25.0,12,Evac Area 3
9,Vessel 6,9,Safe Area 3 Marina,Evac Area 3 Dock,316.32,327.12,327.12,330.12,25.0,0,None
10,Vessel 6,10,Evac Area 3 Dock,Safe Area 3 Marina,330.12,340.92,340.92,343.92,25.0,12,Evac Area 3
