segment_id,resource_id,route_segment_id,origin,destination,route_start_time,route_end_time,load_start_time,load_end_time,resource_speed,evacuees,evacuated_location
1,Vessel 1,1,Safe Area 1 Terminal,Evac Area 1 Ferry Terminal,10.0,24.0,24.0,34.0,12.0,0,None
2,Vessel 1,2,Evac Area 1 Ferry Terminal,Safe Area 1 Terminal,34.0,48.0,48.0,58.0,12.0,367,Evac Area 1
1,Vessel 1,1,Safe Area 1 Terminal,Evac Area 1 Ferry Terminal,90.0,104.0,104.0,114.0,12.0,0,None
2,Vessel 1,2,Evac Area 1 Ferry Terminal,Safe Area 1 Terminal,114.0,128.0,128.0,138.0,12.0,4,Evac Area 1
1,Vessel 1,1,Safe Area 1 Terminal,Evac Area 1 Ferry Terminal,150.0,164.0,164.0,174.0,12.0,0,None
2,Vessel 1,2,Evac Area 1 Ferry Terminal,Safe Area 1 Terminal,174.0,188.0,188.0,198.0,12.0,29,Evac Area 1
1,Vessel 2,1,Safe Area 2 Harbor,Evac Area 4 Dock,10.0,28.24000000000001,28.24000000000001,31.24000000000001,25.0,0,None
2,Vessel 2,2,Evac Area 4 Dock,Safe Area 3 Marina,31.24000000000001,49.24000000000001,49.24000000000001,52.24000000000001,25.0,12,Evac Area 4
1,Vessel 2,1,Safe Area 3 Marina,Evac Area 3 Dock,52.24000000000001,63.03999999999999,63.03999999999999,66.03999999999999,25.0,0,None
2,Vessel 2,2,Evac Area 3 Dock,Safe Area 3 Marina,66.03999999999999,76.84,76.84,79.84,25.0,12,Evac Area 3
1,Vessel 2,1,Safe Area 3 Marina,Evac Area 3 Dock,79.84,90.64,90.64,93.64,25.0,0,None
2,Vessel 2,2,Evac Area 3 Dock,Safe Area 3 Marina,93.64,104.44,104.44,107.44,25.0,12,Evac Area 3
1,Vessel 2,1,Safe Area 3 Marina,Evac Area 4 Dock,107.44,125.44,125.44,128.44,25.0,0,None
2,Vessel 2,2,Evac Area 4 Dock,Safe Area 2 Harbor,128.44,146.68,146.68,149.68,25.0,12,Evac Area 4
1,Vessel 2,1,Safe Area 2 Harbor,Evac Area 2 Marina,149.68,161.68,161.68,164.68,25.0,0,None
2,Vessel 2,2,Evac Area 2 Marina,Safe Area 2 Harbor,164.68,176.68,176.68,179.68,25.0,12,Evac Area 2
1,Vessel 2,1,Safe Area 2 Harbor,Evac Area 4 Beach,179.68,197.92,197.92,200.92,25.0,0,None
2,Vessel 2,2,Evac Area 4 Beach,Safe Area 3 Marina,200.92,218.92,218.92,221.92,25.0,12,Evac Area 4
1,Vessel 3,1,Safe Area 3 Marina,Evac Area 2 Marina,60.0,76.8,76.8,79.8,25.0,0,None
2,Vessel 3,2,Evac Area 2 Marina,Safe Area 2 Harbor,79.8,91.8,91.8,94.8,25.0,12,Evac Area 2
1,Vessel 3,1,Safe Area 2 Harbor,Evac Area 4 Dock,94.8,113.04,113.04,116.04,25.0,0,None
2,Vessel 3,2,Evac Area 4 Dock,Safe Area 3 Marina,116.04,134.04,134.04,137.04,25.0,12,Evac Area 4
1,Vessel 3,1,Safe Area 3 Marina,Evac Area 3 Dock,137.04,147.84,147.84,150.84,25.0,0,None
2,Vessel 3,2,Evac Area 3 Dock,Safe Area 3 Marina,150.84,161.64,161.64,164.64,25.0,12,Evac Area 3
1,Vessel 3,1,Safe Area 3 Marina,Evac Area 3 Dock,164.64,175.44,175.44,178.44,25.0,0,None
2,Vessel 3,2,Evac Area 3 Dock,Safe Area 3 Marina,178.44,189.24,189.24,192.24,25.0,12,Evac Area 3
1,Vessel 4,1,Safe Area 1 Terminal,Evac Area 3 Dock,10.0,22.0,22.0,27.0,25.0,0,None
2,Vessel 4,2,Evac Area 3 Dock,Safe Area 3 Marina,27.0,37.80000000000001,37.80000000000001,42.80000000000001,25.0,38,Evac Area 3
1,Vessel 4,1,Safe Area 3 Marina,Evac Area 3 Dock,42.80000000000001,53.599999999999994,53.599999999999994,58.599999999999994,25.0,0,None
2,Vessel 4,2,Evac Area 3 Dock,Safe Area 3 Marina,58.599999999999994,69.39999999999999,69.39999999999999,74.39999999999999,25.0,38,Evac Area 3
1,Vessel 4,1,Safe Area 3 Marina,Evac Area 4 Dock,74.39999999999999,92.4,92.4,97.4,25.0,0,None
2,Vessel 4,2,Evac Area 4 Dock,Safe Area 2 Harbor,97.4,115.64,115.64,120.64,25.0,38,Evac Area 4
1,Vessel 4,1,Safe Area 2 Harbor,Evac Area 2 Marina,120.64,132.64,132.64,137.64,25.0,0,None
2,Vessel 4,2,Evac Area 2 Marina,Safe Area 2 Harbor,137.64,149.64,149.64,154.64,25.0,38,Evac Area 2
1,Vessel 4,1,Safe Area 2 Harbor,Evac Area 4 Dock,154.64,172.88,172.88,177.88,25.0,0,None
2,Vessel 4,2,Evac Area 4 Dock,Safe Area 3 Marina,177.88,195.88,195.88,200.88,25.0,38,Evac Area 4
1,Vessel 5,1,Safe Area 1 Terminal,Evac Area 3 Dock,30.0,46.666666666666686,46.666666666666686,56.66666666666667,18.0,0,None
2,Vessel 5,2,Evac Area 3 Dock,Safe Area 3 Marina,56.66666666666667,71.66666666666667,71.66666666666667,81.66666666666667,18.0,120,Evac Area 3
1,Vessel 5,1,Safe Area 3 Marina,Evac Area 4 Dock,81.66666666666667,106.66666666666669,106.66666666666669,116.66666666666669,18.0,0,None
2,Vessel 5,2,Evac Area 4 Dock,Safe Area 3 Marina,116.66666666666669,141.66666666666669,141.66666666666669,151.66666666666669,18.0,120,Evac Area 4
1,Vessel 5,1,Safe Area 3 Marina,Evac Area 3 Dock,151.66666666666669,166.66666666666669,166.66666666666669,176.66666666666669,18.0,0,None
2,Vessel 5,2,Evac Area 3 Dock,Safe Area 3 Marina,176.66666666666669,191.66666666666669,191.66666666666669,201.66666666666669,18.0,99,Evac Area 3
1,Vessel 6,1,Safe Area 1 Terminal,Evac Area 3 Dock,30.0,42.0,42.0,45.0,25.0,0,None
2,Vessel 6,2,Evac Area 3 Dock,Safe Area 3 Marina,45.0,55.8,55.8,58.8,25.0,12,Evac Area 3
1,Vessel 6,1,Safe Area 3 Marina,Evac Area 3 Dock,58.8,69.6,69.6,72.6,25.0,0,None
2,Vessel 6,2,Evac Area 3 Dock,Safe Area 3 Marina,72.6,83.39999999999999,83.39999999999999,86.39999999999999,25.0,12,Evac Area 3
1,Vessel 6,1,Safe Area 3 Marina,Evac Area 3 Dock,86.39999999999999,97.2,97.2,100.2,25.0,0,None
2,Vessel 6,2,Evac Area 3 Dock,Safe Area 3 Marina,100.2,111.0,111.0,114.0,25.0,12,Evac Area 3
1,Vessel 6,1,Safe Area 3 Marina,Evac Area 4 Beach,114.0,132.0,132.0,135.0,25.0,0,None
2,Vessel 6,2,Evac Area 4 Beach,Safe Area 2 Harbor,135.0,153.24,153.24,156.24,25.0,7,Evac Area 4
1,Vessel 6,1,Safe Area 2 Harbor,Evac Area 4 Beach,156.24,174.48000000000002,174.48000000000002,177.48000000000002,25.0,0,None
2,Vessel 6,2,Evac Area 4 Beach,Safe Area 3 Marina,177.48000000000002,195.48,195.48,198.48,25.0,12,Evac Area 4
1,Vessel 2,1,Safe Area 3 Marina,Evac Area 4 Beach,221.92,239.92,239.92,242.92,25.0,0,None
2,Vessel 2,2,Evac Area 4 Beach,Safe Area 3 Marina,242.92,260.91999999999996,260.91999999999996,263.91999999999996,25.0,12,Evac Area 4
3,Vessel 2,3,Safe Area 3 Marina,Evac Area 4 Dock,263.91999999999996,281.91999999999996,281.91999999999996,284.91999999999996,25.0,0,None
4,Vessel 2,4,Evac Area 4 Dock,Safe Area 3 Marina,284.91999999999996,302.91999999999996,302.91999999999996,305.91999999999996,25.0,12,Evac Area 4
5,Vessel 2,5,Safe Area 3 Marina,Evac Area 4 Beach,305.91999999999996,323.91999999999996,323.91999999999996,326.91999999999996,25.0,0,None
6,Vessel 2,6,Evac Area 4 Beach,Safe Area 3 Marina,326.91999999999996,344.91999999999996,344.91999999999996,347.91999999999996,25.0,12,Evac Area 4
7,Vessel 2,7,Safe Area 3 Marina,Evac Area 4 Dock,347.91999999999996,365.91999999999996,365.91999999999996,368.91999999999996,25.0,0,None
8,Vessel 2,8,Evac Area 4 Dock,Safe Area 3 Marina,368.91999999999996,386.91999999999996,386.91999999999996,389.91999999999996,25.0,12,Evac Area 4
9,Vessel 2,9,Safe Area 3 Marina,Evac Area 4 Dock,389.91999999999996,407.91999999999996,407.91999999999996,410.91999999999996,25.0,0,None
10,Vessel 2,10,Evac Area 4 Dock,Safe Area 3 Marina,410.91999999999996,428.91999999999996,428.91999999999996,431.91999999999996,25.0,12,Evac Area 4
11,Vessel 2,11,Safe Area 3 Marina,Evac Area 4 Dock,431.91999999999996,449.91999999999996,449.91999999999996,452.91999999999996,25.0,0,None
12,Vessel 2,12,Evac Area 4 Dock,Safe Area 2 Harbor,452.91999999999996,471.15999999999997,471.15999999999997,474.15999999999997,25.0,12,Evac Area 4
13,Vessel 2,13,Safe Area 2 Harbor,Evac Area 2 Marina,474.15999999999997,486.15999999999997,486.15999999999997,489.15999999999997,25.0,0,None
14,Vessel 2,14,Evac Area 2 Marina,Safe Area 2 Harbor,489.15999999999997,501.15999999999997,501.15999999999997,504.15999999999997,25.0,12,Evac Area 2
15,Vessel 2,15,Safe Area 2 Harbor,Evac Area 2 Marina,504.15999999999997,516.16,516.16,519.16,25.0,0,None
16,Vessel 2,16,Evac Area 2 Marina,Safe Area 2 Harbor,519.16,531.16,531.16,534.16,25.0,12,Evac Area 2
17,Vessel 2,17,Safe Area 2 Harbor,Evac Area 2 Marina,534.16,546.16,546.16,549.16,25.0,0,None
18,Vessel 2,18,Evac Area 2 Marina,Safe Area 2 Harbor,549.16,561.16,561.16,564.16,25.0,12,Evac Area 2
19,Vessel 2,19,Safe Area 2 Harbor,Evac Area 2 Marina,564.16,576.16,576.16,579.16,25.0,0,None
20,Vessel 2,20,Evac Area 2 Marina,Safe Area 2 Harbor,579.16,591.16,591.16,594.16,25.0,12,Evac Area 2
1,Vessel 3,1,Safe Area 3 Marina,Evac Area 3 Dock,192.24,203.04000000000002,203.04000000000002,206.04000000000002,25.0,0,None
2,Vessel 3,2,Evac Area 3 Dock,Safe Area 3 Marina,206.04000000000002,216.84,216.84,219.84,25.0,12,Evac Area 3
3,Vessel 3,3,Safe Area 3 Marina,Evac Area 3 Dock,219.84,230.64,230.64,233.64,25.0,0,None
4,Vessel 3,4,Evac Area 3 Dock,Safe Area 3 Marina,233.64,244.44,244.44,247.44,25.0,12,Evac Area 3
5,Vessel 3,5,Safe Area 3 Marina,Evac Area 3 Dock,247.44,258.24,258.24,261.24,25.0,0,None
6,Vessel 3,6,Evac Area 3 Dock,Safe Area 3 Marina,261.24,272.03999999999996,272.03999999999996,275.03999999999996,25.0,12,Evac Area 3
7,Vessel 3,7,Safe Area 3 Marina,Evac Area 4 Beach,275.03999999999996,293.03999999999996,293.03999999999996,296.03999999999996,25.0,0,None
8,Vessel 3,8,Evac Area 4 Beach,Safe Area 3 Marina,296.03999999999996,314.03999999999996,314.03999999999996,317.03999999999996,25.0,3,Evac Area 4
9,Vessel 3,9,Safe Area 3 Marina,Evac Area 4 Beach,317.03999999999996,335.03999999999996,335.03999999999996,338.03999999999996,25.0,0,None
10,Vessel 3,10,Evac Area 4 Beach,Safe Area 3 Marina,338.03999999999996,356.03999999999996,356.03999999999996,359.03999999999996,25.0,12,Evac Area 4
11,Vessel 3,11,Safe Area 3 Marina,Evac Area 4 Beach,359.03999999999996,377.03999999999996,377.03999999999996,380.03999999999996,25.0,0,None
12,Vessel 3,12,Evac Area 4 Beach,Safe Area 2 Harbor,380.03999999999996,398.28,398.28,401.28,25.0,12,Evac Area 4
13,Vessel 3,13,Safe Area 2 Harbor,Evac Area 4 Beach,401.28,419.52,419.52,422.52,25.0,0,None
14,Vessel 3,14,Evac Area 4 Beach,Safe Area 3 Marina,422.52,440.52,440.52,443.52,25.0,12,Evac Area 4
15,Vessel 3,15,Safe Area 3 Marina,Evac Area 4 Beach,443.52,461.52,461.52,464.52,25.0,0,None
16,Vessel 3,16,Evac Area 4 Beach,Safe Area 3 Marina,464.52,482.52,482.52,485.52,25.0,12,Evac Area 4
17,Vessel 3,17,Safe Area 3 Marina,Evac Area 4 Beach,485.52,503.52,503.52,506.52,25.0,0,None
18,Vessel 3,18,Evac Area 4 Beach,Safe Area 2 Harbor,506.52,524.76,524.76,527.76,25.0,12,Evac Area 4
19,Vessel 3,19,Safe Area 2 Harbor,Evac Area 2 Marina,527.76,539.76,539.76,542.76,25.0,0,None
20,Vessel 3,20,Evac Area 2 Marina,Safe Area 2 Harbor,542.76,554.76,554.76,557.76,25.0,12,Evac Area 2
21,Vessel 3,21,Safe Area 2 Harbor,Evac Area 2 Marina,557.76,569.76,569.76,572.76,25.0,0,None
22,Vessel 3,22,Evac Area 2 Marina,Safe Area 2 Harbor,572.76,584.76,584.76,587.76,25.0,12,Evac Area 2
1,Vessel 4,1,Safe Area 3 Marina,Evac Area 4 Dock,200.88,218.88,218.88,223.88,25.0,0,None
2,Vessel 4,2,Evac Area 4 Dock,Safe Area 3 Marina,223.88,241.88,241.88,246.88,25.0,38,Evac Area 4
3,Vessel 4,3,Safe Area 3 Marina,Evac Area 4 Dock,246.88,264.88,264.88,269.88,25.0,0,None
4,Vessel 4,4,Evac Area 4 Dock,Safe Area 3 Marina,269.88,287.88,287.88,292.88,25.0,38,Evac Area 4
5,Vessel 4,5,Safe Area 3 Marina,Evac Area 4 Dock,292.88,310.88,310.88,315.88,25.0,0,None
6,Vessel 4,6,Evac Area 4 Dock,Safe Area 3 Marina,315.88,333.88,333.88,338.88,25.0,38,Evac Area 4
7,Vessel 4,7,Safe Area 3 Marina,Evac Area 4 Dock,338.88,356.88,356.88,361.88,25.0,0,None
8,Vessel 4,8,Evac Area 4 Dock,Safe Area 3 Marina,361.88,379.88,379.88,384.88,25.0,38,Evac Area 4
9,Vessel 4,9,Safe Area 3 Marina,Evac Area 4 Dock,384.88,402.88,402.88,407.88,25.0,0,None
10,Vessel 4,10,Evac Area 4 Dock,Safe Area 3 Marina,407.88,425.88,425.88,430.88,25.0,38,Evac Area 4
11,Vessel 4,11,Safe Area 3 Marina,Evac Area 3 Dock,430.88,441.68,441.68,446.68,25.0,0,None
12,Vessel 4,12,Evac Area 3 Dock,Safe Area 3 Marina,446.68,457.48,457.48,462.48,25.0,30,Evac Area 3
13,Vessel 4,13,Safe Area 3 Marina,Evac Area 4 Dock,462.48,480.48,480.48,485.48,25.0,0,None
14,Vessel 4,14,Evac Area 4 Dock,Safe Area 2 Harbor,485.48,503.72,503.72,508.72,25.0,38,Evac Area 4
15,Vessel 4,15,Safe Area 2 Harbor,Evac Area 2 Marina,508.72,520.72,520.72,525.72,25.0,0,None
16,Vessel 4,16,Evac Area 2 Marina,Safe Area 3 Marina,525.72,542.52,542.52,547.52,25.0,34,Evac Area 2
17,Vessel 4,17,Safe Area 3 Marina,Evac Area 4 Dock,547.52,565.52,565.52,570.52,25.0,0,None
18,Vessel 4,18,Evac Area 4 Dock,Safe Area 3 Marina,570.52,588.52,588.52,593.52,25.0,38,Evac Area 4
1,Vessel 5,1,Safe Area 3 Marina,Evac Area 4 Dock,201.66666666666669,226.66666666666669,226.66666666666669,236.66666666666669,18.0,0,None
2,Vessel 5,2,Evac Area 4 Dock,Safe Area 3 Marina,236.66666666666669,261.6666666666667,261.6666666666667,271.6666666666667,18.0,120,Evac Area 4
3,Vessel 5,3,Safe Area 3 Marina,Evac Area 4 Dock,271.6666666666667,296.6666666666667,296.6666666666667,306.6666666666667,18.0,0,None
4,Vessel 5,4,Evac Area 4 Dock,Safe Area 2 Harbor,306.6666666666667,332.0,332.0,342.0,18.0,120,Evac Area 4
5,Vessel 5,5,Safe Area 2 Harbor,Evac Area 4 Dock,342.0,367.33333333333337,367.33333333333337,377.33333333333337,18.0,0,None
6,Vessel 5,6,Evac Area 4 Dock,Safe Area 3 Marina,377.33333333333337,402.33333333333337,402.33333333333337,412.33333333333337,18.0,120,Evac Area 4
7,Vessel 5,7,Safe Area 3 Marina,Evac Area 4 Dock,412.33333333333337,437.33333333333337,437.33333333333337,447.33333333333337,18.0,0,None
8,Vessel 5,8,Evac Area 4 Dock,Safe Area 3 Marina,447.33333333333337,472.33333333333337,472.33333333333337,482.33333333333337,18.0,120,Evac Area 4
9,Vessel 5,9,Safe Area 3 Marina,Evac Area 4 Dock,482.33333333333337,507.33333333333337,507.33333333333337,517.3333333333334,18.0,0,None
10,Vessel 5,10,Evac Area 4 Dock,Safe Area 2 Harbor,517.3333333333334,542.6666666666667,542.6666666666667,552.6666666666667,18.0,120,Evac Area 4
1,Vessel 6,1,Safe Area 3 Marina,Evac Area 3 Dock,198.48,209.27999999999997,209.27999999999997,212.27999999999997,25.0,0,None
2,Vessel 6,2,Evac Area 3 Dock,Safe Area 3 Marina,212.27999999999997,223.07999999999998,223.07999999999998,226.07999999999998,25.0,12,Evac Area 3
3,Vessel 6,3,Safe Area 3 Marina,Evac Area 4 Dock,226.07999999999998,244.07999999999998,244.07999999999998,247.07999999999998,25.0,0,None
4,Vessel 6,4,Evac Area 4 Dock,Safe Area 2 Harbor,247.07999999999998,265.32,265.32,268.32,25.0,12,Evac Area 4
5,Vessel 6,5,Safe Area 2 Harbor,Evac Area 2 Marina,268.32,280.32,280.32,283.32,25.0,0,None
6,Vessel 6,6,Evac Area 2 Marina,Safe Area 2 Harbor,283.32,295.32,295.32,298.32,25.0,12,Evac Area 2
7,Vessel 6,7,Safe Area 2 Harbor,Evac Area 2 Marina,298.32,310.32,310.32,313.32,25.0,0,None
8,Vessel 6,8,Evac Area 2 Marina,Safe Area 2 Harbor,313.32,325.32,325.32,328.32,25.0,12,Evac Area 2
9,Vessel 6,9,Safe Area 2 Harbor,Evac Area 2 Marina,328.32,340.32,340.32,343.32,25.0,0,None
10,Vessel 6,10,Evac Area 2 Marina,Safe Area 2 Harbor,343.32,355.32,355.32,358.32,25.0,12,Evac Area 2
11,Vessel 6,11,Safe Area 2 Harbor,Evac Area 2 Marina,358.32,370.32,370.32,373.32,25.0,0,None
12,Vessel 6,12,Evac Area 2 Marina,Safe Area 2 Harbor,373.32,385.32,385.32,388.32,25.0,12,Evac Area 2
13,Vessel 6,13,Safe Area 2 Harbor,Evac Area 2 Marina,388.32,400.32,400.32,403.32,25.0,0,None
14,Vessel 6,14,Evac Area 2 Marina,Safe Area 2 Harbor,403.32,415.32,415.32,418.32,25.0,12,Evac Area 2
15,Vessel 6,15,Safe Area 2 Harbor,Evac Area 2 Marina,418.32,430.32,430.32,433.32,25.0,0,None
16,Vessel 6,16,Evac Area 2 Marina,Safe Area 2 Harbor,433.32,445.32,445.32,448.32,25.0,12,Evac Area 2
17,Vessel 6,17,Safe Area 2 Harbor,Evac Area 2 Marina,448.32,460.32,460.32,463.32,25.0,0,None
18,Vessel 6,18,Evac Area 2 Marina,Safe Area 2 Harbor,463.32,475.32,475.32,478.32,25.0,12,Evac Area 2
19,Vessel 6,19,Safe Area 2 Harbor,Evac Area 4 Beach,478.32,496.56,496.56,499.56,25.0,0,None
20,Vessel 6,20,Evac Area 4 Beach,Safe Area 3 Marina,499.56,517.56,517.56,520.56,25.0,12,Evac Area 4
21,Vessel 6,21,Safe Area 3 Marina,Evac Area 4 Beach,520.56,538.56,538.56,541.56,25.0,0,None
22,Vessel 6,22,Evac Area 4 Beach,Safe Area 2 Harbor,541.56,559.8,559.8,562.8,25.0,12,Evac Area 4
23,Vessel 6,23,Safe Area 2 Harbor,Evac Area 2 Marina,562.8,574.8,574.8,577.8,25.0,0,None
24,Vessel 6,24,Evac Area 2 Marina,Safe Area 2 Harbor,577.8,589.8,589.8,592.8,25.0,12,Evac Area 2
