segment_id,resource_id,route_segment_id,origin,destination,route_start_time,route_end_time,load_start_time,load_end_time,resource_speed,evacuees,evacuated_location
1,Vessel 1,1,Safe Area 1 Terminal,Evac Area 1 Ferry Terminal,10.0,24.0,24.0,34.0,12.0,0,None
2,Vessel 1,2,Evac Area 1 Ferry Terminal,Safe Area 1 Terminal,34.0,48.0,48.0,58.0,12.0,367,Evac Area 1
1,Vessel 2,1,Safe Area 2 Harbor,Evac Area 4 Dock,10.0,28.239999999999995,28.239999999999995,31.239999999999995,25.0,0,None
2,Vessel 2,2,Evac Area 4 Dock,Safe Area 3 Marina,31.239999999999995,49.24,49.24,52.24,25.0,12,Evac Area 4
1,Vessel 2,1,Safe Area 3 Marina,Evac Area 3 Dock,52.24,63.04,63.04,66.03999999999999,25.0,0,None
2,Vessel 2,2,Evac Area 3 Dock,Safe Area 3 Marina,66.03999999999999,76.84,76.84,79.84,25.0,12,Evac Area 3
1,Vessel 3,1,Safe Area 3 Marina,Evac Area 2 Marina,60.0,76.8,76.8,79.8,25.0,0,None
2,Vessel 3,2,Evac Area 2 Marina,Safe Area 2 Harbor,79.8,91.8,91.8,94.8,25.0,12,Evac Area 2
1,Vessel 4,1,Safe Area 1 Terminal,Evac Area 3 Dock,10.0,22.0,22.0,27.0,25.0,0,None
2,Vessel 4,2,Evac Area 3 Dock,Safe Area 3 Marina,27.0,37.8,37.8,42.8,25.0,38,Evac Area 3
1,Vessel 4,1,Safe Area 3 Marina,Evac Area 3 Dock,42.8,53.6,53.6,58.6,25.0,0,None
2,Vessel 4,2,Evac Area 3 Dock,Safe Area 3 Marina,58.6,69.39999999999999,69.39999999999999,74.39999999999999,25.0,38,Evac Area 3
1,Vessel 4,1,Safe Area 3 Marina,Evac Area 4 Dock,74.39999999999999,92.4,92.4,97.4,25.0,0,None
2,Vessel 4,2,Evac Area 4 Dock,Safe Area 2 Harbor,97.4,115.64,115.64,120.64,25.0,38,Evac Area 4
1,Vessel 5,1,Safe Area 1 Terminal,Evac Area 3 Dock,30.0,46.66666666666667,46.66666666666667,56.66666666666667,18.0,0,None
2,Vessel 5,2,Evac Area 3 Dock,Safe Area 3 Marina,56.66666666666667,71.66666666666667,71.66666666666667,81.66666666666667,18.0,120,Evac Area 3
1,Vessel 6,1,Safe Area 1 Terminal,Evac Area 3 Dock,30.0,42.0,42.0,45.0,25.0,0,None
2,Vessel 6,2,Evac Area 3 Dock,Safe Area 3 Marina,45.0,55.8,55.8,58.8,25.0,12,Evac Area 3
1,Vessel 6,1,Safe Area 3 Marina,Evac Area 3 Dock,58.8,69.6,69.6,72.6,25.0,0,None
2,Vessel 6,2,Evac Area 3 Dock,Safe Area 3 Marina,72.6,83.39999999999999,83.39999999999999,86.39999999999999,25.0,12,Evac Area 3
1,Vessel 2,1,Safe Area 3 Marina,Evac Area 3 Dock,79.84,90.64,90.64,93.64,25.0,0,None
2,Vessel 2,2,Evac Area 3 Dock,Safe Area 3 Marina,93.64,104.44,104.44,107.44,25.0,12,Evac Area 3
3,Vessel 2,3,Safe Area 3 Marina,Evac Area 3 Dock,107.44,118.24,118.24,121.24,25.0,0,None
4,Vessel 2,4,Evac Area 3 Dock,Safe Area 3 Marina,121.24,132.04,132.04,135.04,25.0,12,Evac Area 3
5,Vessel 2,5,Safe Area 3 Marina,Evac Area 4 Beach,135.04,153.04,153.04,156.04,25.0,0,None
6,Vessel 2,6,Evac Area 4 Beach,Safe Area 2 Harbor,156.04,174.27999999999997,174.27999999999997,177.27999999999997,25.0,12,Evac Area 4
7,Vessel 2,7,Safe Area 2 Harbor,Evac Area 2 Marina,177.27999999999997,189.27999999999997,189.27999999999997,192.27999999999997,25.0,0,None
8,Vessel 2,8,Evac Area 2 Marina,Safe Area 2 Harbor,192.27999999999997,204.27999999999997,204.27999999999997,207.27999999999997,25.0,9,Evac Area 2
9,Vessel 2,9,Safe Area 2 Harbor,Evac Area 4 Dock,207.27999999999997,225.51999999999998,225.51999999999998,228.51999999999998,25.0,0,None
10,Vessel 2,10,Evac Area 4 Dock,Safe Area 3 Marina,228.51999999999998,246.51999999999998,246.51999999999998,249.51999999999998,25.0,12,Evac Area 4
11,Vessel 2,11,Safe Area 3 Marina,Evac Area 3 Dock,249.51999999999998,260.32,260.32,263.32,25.0,0,None
12,Vessel 2,12,Evac Area 3 Dock,Safe Area 3 Marina,263.32,274.12,274.12,277.12,25.0,12,Evac Area 3
13,Vessel 2,13,Safe Area 3 Marina,Evac Area 3 Dock,277.12,287.92,287.92,290.92,25.0,0,None
14,Vessel 2,14,Evac Area 3 Dock,Safe Area 3 Marina,290.92,301.72,301.72,304.72,25.0,12,Evac Area 3
15,Vessel 2,15,Safe Area 3 Marina,Evac Area 3 Dock,304.72,315.52000000000004,315.52000000000004,318.52000000000004,25.0,0,None
16,Vessel 2,16,Evac Area 3 Dock,Safe Area 3 Marina,318.52000000000004,329.32000000000005,329.32000000000005,332.32000000000005,25.0,12,Evac Area 3
17,Vessel 2,17,Safe Area 3 Marina,Evac Area 3 Dock,332.32000000000005,343.12000000000006,343.12000000000006,346.12000000000006,25.0,0,None
18,Vessel 2,18,Evac Area 3 Dock,Safe Area 3 Marina,346.12000000000006,356.9200000000001,356.9200000000001,359.9200000000001,25.0,12,Evac Area 3
19,Vessel 2,19,Safe Area 3 Marina,Evac Area 3 Dock,359.9200000000001,370.7200000000001,370.7200000000001,373.7200000000001,25.0,0,None
20,Vessel 2,20,Evac Area 3 Dock,Safe Area 3 Marina,373.7200000000001,384.5200000000001,384.5200000000001,387.5200000000001,25.0,12,Evac Area 3
21,Vessel 2,21,Safe Area 3 Marina,Evac Area 3 Dock,387.5200000000001,398.3200000000001,398.3200000000001,401.3200000000001,25.0,0,None
22,Vessel 2,22,Evac Area 3 Dock,Safe Area 3 Marina,401.3200000000001,412.1200000000001,412.1200000000001,415.1200000000001,25.0,12,Evac Area 3
23,Vessel 2,23,Safe Area 3 Marina,Evac Area 4 Beach,415.1200000000001,433.1200000000001,433.1200000000001,436.1200000000001,25.0,0,None
24,Vessel 2,24,Evac Area 4 Beach,Safe Area 2 Harbor,436.1200000000001,454.3600000000001,454.3600000000001,457.3600000000001,25.0,12,Evac Area 4
25,Vessel 2,25,Safe Area 2 Harbor,Evac Area 4 Beach,457.3600000000001,475.60000000000014,475.60000000000014,478.60000000000014,25.0,0,None
26,Vessel 2,26,Evac Area 4 Beach,Safe Area 2 Harbor,478.60000000000014,496.84000000000015,496.84000000000015,499.84000000000015,25.0,12,Evac Area 4
1,Vessel 3,1,Safe Area 2 Harbor,Evac Area 2 Marina,94.8,106.8,106.8,109.8,25.0,0,None
2,Vessel 3,2,Evac Area 2 Marina,Safe Area 2 Harbor,109.8,121.8,121.8,124.8,25.0,12,Evac Area 2
3,Vessel 3,3,Safe Area 2 Harbor,Evac Area 2 Marina,124.8,136.8,136.8,139.8,25.0,0,None
4,Vessel 3,4,Evac Area 2 Marina,Safe Area 2 Harbor,139.8,151.8,151.8,154.8,25.0,12,Evac Area 2
5,Vessel 3,5,Safe Area 2 Harbor,Evac Area 2 Marina,154.8,166.8,166.8,169.8,25.0,0,None
6,Vessel 3,6,Evac Area 2 Marina,Safe Area 2 Harbor,169.8,181.8,181.8,184.8,25.0,12,Evac Area 2
7,Vessel 3,7,Safe Area 2 Harbor,Evac Area 2 Marina,184.8,196.8,196.8,199.8,25.0,0,None
8,Vessel 3,8,Evac Area 2 Marina,Safe Area 2 Harbor,199.8,211.8,211.8,214.8,25.0,12,Evac Area 2
9,Vessel 3,9,Safe Area 2 Harbor,Evac Area 2 Marina,214.8,226.8,226.8,229.8,25.0,0,None
10,Vessel 3,10,Evac Area 2 Marina,Safe Area 2 Harbor,229.8,241.8,241.8,244.8,25.0,12,Evac Area 2
11,Vessel 3,11,Safe Area 2 Harbor,Evac Area 2 Marina,244.8,256.8,256.8,259.8,25.0,0,None
12,Vessel 3,12,Evac Area 2 Marina,Safe Area 2 Harbor,259.8,271.8,271.8,274.8,25.0,12,Evac Area 2
13,Vessel 3,13,Safe Area 2 Harbor,Evac Area 2 Marina,274.8,286.8,286.8,289.8,25.0,0,None
14,Vessel 3,14,Evac Area 2 Marina,Safe Area 2 Harbor,289.8,301.8,301.8,304.8,25.0,12,Evac Area 2
15,Vessel 3,15,Safe Area 2 Harbor,Evac Area 2 Marina,304.8,316.8,316.8,319.8,25.0,0,None
16,Vessel 3,16,Evac Area 2 Marina,Safe Area 2 Harbor,319.8,331.8,331.8,334.8,25.0,12,Evac Area 2
17,Vessel 3,17,Safe Area 2 Harbor,Evac Area 2 Marina,334.8,346.8,346.8,349.8,25.0,0,None
18,Vessel 3,18,Evac Area 2 Marina,Safe Area 2 Harbor,349.8,361.8,361.8,364.8,25.0,12,Evac Area 2
19,Vessel 3,19,Safe Area 2 Harbor,Evac Area 2 Marina,364.8,376.8,376.8,379.8,25.0,0,None
20,Vessel 3,20,Evac Area 2 Marina,Safe Area 2 Harbor,379.8,391.8,391.8,394.8,25.0,12,Evac Area 2
21,Vessel 3,21,Safe Area 2 Harbor,Evac Area 2 Marina,394.8,406.8,406.8,409.8,25.0,0,None
22,Vessel 3,22,Evac Area 2 Marina,Safe Area 2 Harbor,409.8,421.8,421.8,424.8,25.0,12,Evac Area 2
23,Vessel 3,23,Safe Area 2 Harbor,Evac Area 2 Marina,424.8,436.8,436.8,439.8,25.0,0,None
24,Vessel 3,24,Evac Area 2 Marina,Safe Area 2 Harbor,439.8,451.8,451.8,454.8,25.0,12,Evac Area 2
25,Vessel 3,25,Safe Area 2 Harbor,Evac Area 4 Dock,454.8,473.04,473.04,476.04,25.0,0,None
26,Vessel 3,26,Evac Area 4 Dock,Safe Area 2 Harbor,476.04,494.28000000000003,494.28000000000003,497.28000000000003,25.0,12,Evac Area 4
1,Vessel 4,1,Safe Area 2 Harbor,Evac Area 4 Dock,120.64,138.88,138.88,143.88,25.0,0,None
2,Vessel 4,2,Evac Area 4 Dock,Safe Area 3 Marina,143.88,161.88,161.88,166.88,25.0,38,Evac Area 4
3,Vessel 4,3,Safe Area 3 Marina,Evac Area 4 Dock,166.88,184.88,184.88,189.88,25.0,0,None
4,Vessel 4,4,Evac Area 4 Dock,Safe Area 3 Marina,189.88,207.88,207.88,212.88,25.0,38,Evac Area 4
5,Vessel 4,5,Safe Area 3 Marina,Evac Area 4 Dock,212.88,230.88,230.88,235.88,25.0,0,None
6,Vessel 4,6,Evac Area 4 Dock,Safe Area 3 Marina,235.88,253.88,253.88,258.88,25.0,38,Evac Area 4
7,Vessel 4,7,Safe Area 3 Marina,Evac Area 4 Dock,258.88,276.88,276.88,281.88,25.0,0,None
8,Vessel 4,8,Evac Area 4 Dock,Safe Area 3 Marina,281.88,299.88,299.88,304.88,25.0,38,Evac Area 4
9,Vessel 4,9,Safe Area 3 Marina,Evac Area 4 Dock,304.88,322.88,322.88,327.88,25.0,0,None
10,Vessel 4,10,Evac Area 4 Dock,Safe Area 3 Marina,327.88,345.88,345.88,350.88,25.0,38,Evac Area 4
11,Vessel 4,11,Safe Area 3 Marina,Evac Area 4 Dock,350.88,368.88,368.88,373.88,25.0,0,None
12,Vessel 4,12,Evac Area 4 Dock,Safe Area 3 Marina,373.88,391.88,391.88,396.88,25.0,38,Evac Area 4
13,Vessel 4,13,Safe Area 3 Marina,Evac Area 4 Dock,396.88,414.88,414.88,419.88,25.0,0,None
14,Vessel 4,14,Evac Area 4 Dock,Safe Area 3 Marina,419.88,437.88,437.88,442.88,25.0,38,Evac Area 4
15,Vessel 4,15,Safe Area 3 Marina,Evac Area 4 Dock,442.88,460.88,460.88,465.88,25.0,0,None
16,Vessel 4,16,Evac Area 4 Dock,Safe Area 3 Marina,465.88,483.88,483.88,488.88,25.0,38,Evac Area 4
17,Vessel 4,17,Safe Area 3 Marina,Evac Area 4 Dock,488.88,506.88,506.88,511.88,25.0,0,None
18,Vessel 4,18,Evac Area 4 Dock,Safe Area 3 Marina,511.88,529.88,529.88,534.88,25.0,38,Evac Area 4
1,Vessel 5,1,Safe Area 3 Marina,Evac Area 4 Dock,81.66666666666667,106.66666666666667,106.66666666666667,116.66666666666667,18.0,0,None
2,Vessel 5,2,Evac Area 4 Dock,Safe Area 3 Marina,116.66666666666667,141.66666666666669,141.66666666666669,151.66666666666669,18.0,120,Evac Area 4
3,Vessel 5,3,Safe Area 3 Marina,Evac Area 4 Dock,151.66666666666669,176.66666666666669,176.66666666666669,186.66666666666669,18.0,0,None
4,Vessel 5,4,Evac Area 4 Dock,Safe Area 1 Terminal,186.66666666666669,216.66666666666669,216.66666666666669,226.66666666666669,18.0,120,Evac Area 4
5,Vessel 5,5,Safe Area 1 Terminal,Evac Area 3 Dock,226.66666666666669,243.33333333333334,243.33333333333334,253.33333333333334,18.0,0,None
6,Vessel 5,6,Evac Area 3 Dock,Safe Area 3 Marina,253.33333333333334,268.33333333333337,268.33333333333337,278.33333333333337,18.0,120,Evac Area 3
7,Vessel 5,7,Safe Area 3 Marina,Evac Area 4 Dock,278.33333333333337,303.33333333333337,303.33333333333337,313.33333333333337,18.0,0,None
8,Vessel 5,8,Evac Area 4 Dock,Safe Area 3 Marina,313.33333333333337,338.33333333333337,338.33333333333337,348.33333333333337,18.0,120,Evac Area 4
9,Vessel 5,9,Safe Area 3 Marina,Evac Area 4 Dock,348.33333333333337,373.33333333333337,373.33333333333337,383.33333333333337,18.0,0,None
10,Vessel 5,10,Evac Area 4 Dock,Safe Area 3 Marina,383.33333333333337,408.33333333333337,408.33333333333337,418.33333333333337,18.0,120,Evac Area 4
11,Vessel 5,11,Safe Area 3 Marina,Evac Area 4 Dock,418.33333333333337,443.33333333333337,443.33333333333337,453.33333333333337,18.0,0,None
12,Vessel 5,12,Evac Area 4 Dock,Safe Area 3 Marina,453.33333333333337,478.33333333333337,478.33333333333337,488.33333333333337,18.0,120,Evac Area 4
13,Vessel 5,13,Safe Area 3 Marina,Evac Area 4 Dock,488.33333333333337,513.3333333333334,513.3333333333334,523.3333333333334,18.0,0,None
14,Vessel 5,14,Evac Area 4 Dock,Safe Area 3 Marina,523.3333333333334,548.3333333333334,548.3333333333334,558.3333333333334,18.0,120,Evac Area 4
1,Vessel 6,1,Safe Area 3 Marina,Evac Area 3 Dock,86.39999999999999,97.19999999999999,97.19999999999999,100.19999999999999,25.0,0,None
2,Vessel 6,2,Evac Area 3 Dock,Safe Area 3 Marina,100.19999999999999,110.99999999999999,110.99999999999999,113.99999999999999,25.0,12,Evac Area 3
3,Vessel 6,3,Safe Area 3 Marina,Evac Area 3 Dock,113.99999999999999,124.79999999999998,124.79999999999998,127.79999999999998,25.0,0,None
4,Vessel 6,4,Evac Area 3 Dock,Safe Area 3 Marina,127.79999999999998,138.59999999999997,138.59999999999997,141.59999999999997,25.0,12,Evac Area 3
5,Vessel 6,5,Safe Area 3 Marina,Evac Area 3 Dock,141.59999999999997,152.39999999999998,152.39999999999998,155.39999999999998,25.0,0,None
6,Vessel 6,6,Evac Area 3 Dock,Safe Area 3 Marina,155.39999999999998,166.2,166.2,169.2,25.0,12,Evac Area 3
7,Vessel 6,7,Safe Area 3 Marina,Evac Area 4 Dock,169.2,187.2,187.2,190.2,25.0,0,None
8,Vessel 6,8,Evac Area 4 Dock,Safe Area 2 Harbor,190.2,208.43999999999997,208.43999999999997,211.43999999999997,25.0,12,Evac Area 4
9,Vessel 6,9,Safe Area 2 Harbor,Evac Area 2 Marina,211.43999999999997,223.43999999999997,223.43999999999997,226.43999999999997,25.0,0,None
10,Vessel 6,10,Evac Area 2 Marina,Safe Area 2 Harbor,226.43999999999997,238.43999999999997,238.43999999999997,241.43999999999997,25.0,12,Evac Area 2
11,Vessel 6,11,Safe Area 2 Harbor,Evac Area 2 Marina,241.43999999999997,253.43999999999997,253.43999999999997,256.43999999999994,25.0,0,None
12,Vessel 6,12,Evac Area 2 Marina,Safe Area 2 Harbor,256.43999999999994,268.43999999999994,268.43999999999994,271.43999999999994,25.0,12,Evac Area 2
13,Vessel 6,13,Safe Area 2 Harbor,Evac Area 2 Marina,271.43999999999994,283.43999999999994,283.43999999999994,286.43999999999994,25.0,0,None
14,Vessel 6,14,Evac Area 2 Marina,Safe Area 2 Harbor,286.43999999999994,298.43999999999994,298.43999999999994,301.43999999999994,25.0,12,Evac Area 2
15,Vessel 6,15,Safe Area 2 Harbor,Evac Area 2 Marina,301.43999999999994,313.43999999999994,313.43999999999994,316.43999999999994,25.0,0,None
16,Vessel 6,16,Evac Area 2 Marina,Safe Area 2 Harbor,316.43999999999994,328.43999999999994,328.43999999999994,331.43999999999994,25.0,12,Evac Area 2
17,Vessel 6,17,Safe Area 2 Harbor,Evac Area 2 Marina,331.43999999999994,343.43999999999994,343.43999999999994,346.43999999999994,25.0,0,None
18,Vessel 6,18,Evac Area 2 Marina,Safe Area 2 Harbor,346.43999999999994,358.43999999999994,358.43999999999994,361.43999999999994,25.0,12,Evac Area 2
19,Vessel 6,19,Safe Area 2 Harbor,Evac Area 2 Marina,361.43999999999994,373.43999999999994,373.43999999999994,376.43999999999994,25.0,0,None
20,Vessel 6,20,Evac Area 2 Marina,Safe Area 2 Harbor,376.43999999999994,388.43999999999994,388.43999999999994,391.43999999999994,25.0,12,Evac Area 2
21,Vessel 6,21,Safe Area 2 Harbor,Evac Area 2 Marina,391.43999999999994,403.43999999999994,403.43999999999994,406.43999999999994,25.0,0,None
22,Vessel 6,22,Evac Area 2 Marina,Safe Area 2 Harbor,406.43999999999994,418.43999999999994,418.43999999999994,421.43999999999994,25.0,12,Evac Area 2
23,Vessel 6,23,Safe Area 2 Harbor,Evac Area 2 Marina,421.43999999999994,433.43999999999994,433.43999999999994,436.43999999999994,25.0,0,None
24,Vessel 6,24,Evac Area 2 Marina,Safe Area 2 Harbor,436.43999999999994,448.43999999999994,448.43999999999994,451.43999999999994,25.0,12,Evac Area 2
25,Vessel 6,25,Safe Area 2 Harbor,Evac Area 2 Marina,451.43999999999994,463.43999999999994,463.43999999999994,466.43999999999994,25.0,0,None
26,Vessel 6,26,Evac Area 2 Marina,Safe Area 2 Harbor,466.43999999999994,478.43999999999994,478.43999999999994,481.43999999999994,25.0,12,Evac Area 2
