segment_id,resource_id,route_segment_id,origin,destination,route_start_time,route_end_time,load_start_time,load_end_time,resource_speed,evacuees,evacuated_location
1,Vessel 1,1,Safe Area 1 Terminal,Evac Area 1 Ferry Terminal,10.0,24.0,24.0,34.0,12.0,0,None
2,Vessel 1,2,Evac Area 1 Ferry Terminal,Safe Area 1 Terminal,34.0,48.0,48.0,58.0,12.0,303,Evac Area 1
1,Vessel 1,1,Safe Area 1 Terminal,Evac Area 1 Ferry Terminal,60.0,74.0,74.0,84.0,12.0,0,None
2,Vessel 1,2,Evac Area 1 Ferry Terminal,Safe Area 1 Terminal,84.0,98.0,98.0,108.0,12.0,160,Evac Area 1
1,Vessel 2,1,Safe Area 2 Harbor,Evac Area 4 Beach,10.0,28.239999999999995,28.239999999999995,31.239999999999995,25.0,0,None
2,Vessel 2,2,Evac Area 4 Beach,Safe Area 3 Marina,31.239999999999995,49.24000000000001,49.24000000000001,52.24000000000001,25.0,12,Evac Area 4
1,Vessel 2,1,Safe Area 3 Marina,Evac Area 4 Dock,52.24000000000001,70.24000000000001,70.24000000000001,73.24000000000001,25.0,0,None
2,Vessel 2,2,Evac Area 4 Dock,Safe Area 2 Harbor,73.24000000000001,91.48,91.48,94.48,25.0,12,Evac Area 4
1,Vessel 2,1,Safe Area 2 Harbor,Evac Area 2 Marina,94.48,106.48,106.48,109.48,25.0,0,None
2,Vessel 2,2,Evac Area 2 Marina,Safe Area 2 Harbor,109.48,121.48,121.48,124.48,25.0,12,Evac Area 2
1,Vessel 3,1,Safe Area 3 Marina,Evac Area 3 Dock,60.0,70.8,70.8,73.8,25.0,0,None
2,Vessel 3,2,Evac Area 3 Dock,Safe Area 3 Marina,73.8,84.6,84.6,87.6,25.0,12,Evac Area 3
1,Vessel 3,1,Safe Area 3 Marina,Evac Area 3 Dock,87.6,98.4,98.4,101.4,25.0,0,None
2,Vessel 3,2,Evac Area 3 Dock,Safe Area 3 Marina,101.4,112.2,112.2,115.2,25.0,12,Evac Area 3
1,Vessel 3,1,Safe Area 3 Marina,Evac Area 3 Dock,115.2,126.0,126.0,129.0,25.0,0,None
2,Vessel 3,2,Evac Area 3 Dock,Safe Area 3 Marina,129.0,139.8,139.8,142.8,25.0,12,Evac Area 3
1,Vessel 4,1,Safe Area 1 Terminal,Evac Area 4 Dock,10.0,31.599999999999994,31.599999999999994,36.599999999999994,25.0,0,None
2,Vessel 4,2,Evac Area 4 Dock,Safe Area 3 Marina,36.599999999999994,54.599999999999994,54.599999999999994,59.6,25.0,37,Evac Area 4
1,Vessel 4,1,Safe Area 3 Marina,Evac Area 4 Dock,59.6,77.6,77.6,82.6,25.0,0,None
2,Vessel 4,2,Evac Area 4 Dock,Safe Area 2 Harbor,82.6,100.84,100.84,105.84,25.0,38,Evac Area 4
1,Vessel 4,1,Safe Area 2 Harbor,Evac Area 2 Marina,105.84,117.84,117.84,122.84,25.0,0,None
2,Vessel 4,2,Evac Area 2 Marina,Safe Area 2 Harbor,122.84,134.84,134.84,139.84,25.0,38,Evac Area 2
1,Vessel 5,1,Safe Area 1 Terminal,Evac Area 4 Dock,30.0,60.0,60.0,70.0,18.0,0,None
2,Vessel 5,2,Evac Area 4 Dock,Safe Area 3 Marina,70.0,95.0,95.0,105.0,18.0,120,Evac Area 4
1,Vessel 5,1,Safe Area 3 Marina,Evac Area 3 Dock,105.0,120.0,120.0,130.0,18.0,0,None
2,Vessel 5,2,Evac Area 3 Dock,Safe Area 3 Marina,130.0,145.0,145.0,155.0,18.0,120,Evac Area 3
1,Vessel 6,1,Safe Area 1 Terminal,Evac Area 3 Dock,30.0,42.0,42.0,45.0,25.0,0,None
2,Vessel 6,2,Evac Area 3 Dock,Safe Area 3 Marina,45.0,55.8,55.8,58.8,25.0,12,Evac Area 3
1,Vessel 6,1,Safe Area 3 Marina,Evac Area 4 Dock,58.8,76.8,76.8,79.8,25.0,0,None
2,Vessel 6,2,Evac Area 4 Dock,Safe Area 2 Harbor,79.8,98.04,98.04,101.04,25.0,5,Evac Area 4
1,Vessel 6,1,Safe Area 2 Harbor,Evac Area 2 Marina,101.04,113.04,113.04,116.04,25.0,0,None
2,Vessel 6,2,Evac Area 2 Marina,Safe Area 2 Harbor,116.04,128.04000000000002,128.04000000000002,131.04000000000002,25.0,3,Evac Area 2
1,Vessel 2,1,Safe Area 2 Harbor,Evac Area 2 Marina,124.48,136.48000000000002,136.48000000000002,139.48000000000002,25.0,0,None
2,Vessel 2,2,Evac Area 2 Marina,Safe Area 2 Harbor,139.48000000000002,151.48000000000002,151.48000000000002,154.48000000000002,25.0,12,Evac Area 2
3,Vessel 2,3,Safe Area 2 Harbor,Evac Area 4 Beach,154.48000000000002,172.72,172.72,175.72,25.0,0,None
4,Vessel 2,4,Evac Area 4 Beach,Safe Area 3 Marina,175.72,193.72,193.72,196.72,25.0,12,Evac Area 4
5,Vessel 2,5,Safe Area 3 Marina,Evac Area 4 Dock,196.72,214.72,214.72,217.72,25.0,0,None
6,Vessel 2,6,Evac Area 4 Dock,Safe Area 2 Harbor,217.72,235.95999999999998,235.95999999999998,238.95999999999998,25.0,12,Evac Area 4
7,Vessel 2,7,Safe Area 2 Harbor,Evac Area 2 Marina,238.95999999999998,250.95999999999998,250.95999999999998,253.95999999999998,25.0,0,None
8,Vessel 2,8,Evac Area 2 Marina,Safe Area 2 Harbor,253.95999999999998,265.96,265.96,268.96,25.0,12,Evac Area 2
1,Vessel 3,1,Safe Area 3 Marina,Evac Area 4 Beach,142.8,160.8,160.8,163.8,25.0,0,None
2,Vessel 3,2,Evac Area 4 Beach,Safe Area 2 Harbor,163.8,182.04000000000002,182.04000000000002,185.04000000000002,25.0,12,Evac Area 4
3,Vessel 3,3,Safe Area 2 Harbor,Evac Area 2 Marina,185.04000000000002,197.04000000000002,197.04000000000002,200.04000000000002,25.0,0,None
4,Vessel 3,4,Evac Area 2 Marina,Safe Area 2 Harbor,200.04000000000002,212.04000000000002,212.04000000000002,215.04000000000002,25.0,12,Evac Area 2
5,Vessel 3,5,Safe Area 2 Harbor,Evac Area 2 Marina,215.04000000000002,227.04000000000002,227.04000000000002,230.04000000000002,25.0,0,None
6,Vessel 3,6,Evac Area 2 Marina,Safe Area 2 Harbor,230.04000000000002,242.04000000000002,242.04000000000002,245.04000000000002,25.0,12,Evac Area 2
7,Vessel 3,7,Safe Area 2 Harbor,Evac Area 2 Marina,245.04000000000002,257.04,257.04,260.04,25.0,0,None
8,Vessel 3,8,Evac Area 2 Marina,Safe Area 2 Harbor,260.04,272.04,272.04,275.04,25.0,12,Evac Area 2
9,Vessel 3,9,Safe Area 2 Harbor,Evac Area 2 Marina,275.04,287.04,287.04,290.04,25.0,0,None
10,Vessel 3,10,Evac Area 2 Marina,Safe Area 2 Harbor,290.04,302.04,302.04,305.04,25.0,12,Evac Area 2
1,Vessel 4,1,Safe Area 2 Harbor,Evac Area 4 Dock,139.84,158.07999999999998,158.07999999999998,163.07999999999998,25.0,0,None
2,Vessel 4,2,Evac Area 4 Dock,Safe Area 3 Marina,163.07999999999998,181.07999999999998,181.07999999999998,186.07999999999998,25.0,38,Evac Area 4
3,Vessel 4,3,Safe Area 3 Marina,Evac Area 4 Dock,186.07999999999998,204.07999999999998,204.07999999999998,209.07999999999998,25.0,0,None
4,Vessel 4,4,Evac Area 4 Dock,Safe Area 3 Marina,209.07999999999998,227.07999999999998,227.07999999999998,232.07999999999998,25.0,38,Evac Area 4
5,Vessel 4,5,Safe Area 3 Marina,Evac Area 4 Dock,232.07999999999998,250.07999999999998,250.07999999999998,255.07999999999998,25.0,0,None
6,Vessel 4,6,Evac Area 4 Dock,Safe Area 3 Marina,255.07999999999998,273.08,273.08,278.08,25.0,38,Evac Area 4
7,Vessel 4,7,Safe Area 3 Marina,Evac Area 4 Dock,278.08,296.08,296.08,301.08,25.0,0,None
8,Vessel 4,8,Evac Area 4 Dock,Safe Area 3 Marina,301.08,319.08,319.08,324.08,25.0,35,Evac Area 4
1,Vessel 5,1,Safe Area 3 Marina,Evac Area 3 Dock,155.0,170.0,170.0,180.0,18.0,0,None
2,Vessel 5,2,Evac Area 3 Dock,Safe Area 3 Marina,180.0,195.0,195.0,205.0,18.0,92,Evac Area 3
3,Vessel 5,3,Safe Area 3 Marina,Evac Area 4 Dock,205.0,230.0,230.0,240.0,18.0,0,None
4,Vessel 5,4,Evac Area 4 Dock,Safe Area 2 Harbor,240.0,265.33333333333337,265.33333333333337,275.33333333333337,18.0,120,Evac Area 4
5,Vessel 5,5,Safe Area 2 Harbor,Evac Area 2 Marina,275.33333333333337,292.0,292.0,302.0,18.0,0,None
6,Vessel 5,6,Evac Area 2 Marina,Safe Area 2 Harbor,302.0,318.66666666666663,318.66666666666663,328.66666666666663,18.0,115,Evac Area 2
1,Vessel 6,1,Safe Area 2 Harbor,Evac Area 2 Marina,131.04000000000002,143.04000000000002,143.04000000000002,146.04000000000002,25.0,0,None
2,Vessel 6,2,Evac Area 2 Marina,Safe Area 2 Harbor,146.04000000000002,158.04000000000002,158.04000000000002,161.04000000000002,25.0,12,Evac Area 2
3,Vessel 6,3,Safe Area 2 Harbor,Evac Area 2 Marina,161.04000000000002,173.04000000000002,173.04000000000002,176.04000000000002,25.0,0,None
4,Vessel 6,4,Evac Area 2 Marina,Safe Area 2 Harbor,176.04000000000002,188.04000000000002,188.04000000000002,191.04000000000002,25.0,12,Evac Area 2
5,Vessel 6,5,Safe Area 2 Harbor,Evac Area 2 Marina,191.04000000000002,203.04000000000002,203.04000000000002,206.04000000000002,25.0,0,None
6,Vessel 6,6,Evac Area 2 Marina,Safe Area 2 Harbor,206.04000000000002,218.04000000000002,218.04000000000002,221.04000000000002,25.0,12,Evac Area 2
7,Vessel 6,7,Safe Area 2 Harbor,Evac Area 2 Marina,221.04000000000002,233.04000000000002,233.04000000000002,236.04000000000002,25.0,0,None
8,Vessel 6,8,Evac Area 2 Marina,Safe Area 2 Harbor,236.04000000000002,248.04000000000002,248.04000000000002,251.04000000000002,25.0,12,Evac Area 2
9,Vessel 6,9,Safe Area 2 Harbor,Evac Area 2 Marina,251.04000000000002,263.04,263.04,266.04,25.0,0,None
10,Vessel 6,10,Evac Area 2 Marina,Safe Area 2 Harbor,266.04,278.04,278.04,281.04,25.0,12,Evac Area 2
