segment_id,resource_id,route_segment_id,origin,destination,route_start_time,route_end_time,load_start_time,load_end_time,resource_speed,evacuees,evacuated_location,post_run_correction
1,Vessel 1,1,Safe Area 1 Terminal,Evac Area 1 Ferry Terminal,10.0,24.0,24.0,34.0,12.0,0,None,
2,Vessel 1,2,Evac Area 1 Ferry Terminal,Safe Area 1 Terminal,34.0,48.0,48.0,58.0,12.0,457,Evac Area 1,
3,Vessel 1,3,Safe Area 1 Terminal,Evac Area 1 Ferry Terminal,58.0,72.0,72.0,82.0,12.0,0,None,
4,Vessel 1,4,Evac Area 1 Ferry Terminal,Safe Area 1 Terminal,82.0,96.0,96.0,106.0,12.0,457,Evac Area 1,
5,Vessel 1,5,Safe Area 1 Terminal,Evac Area 1 Ferry Terminal,106.0,120.0,120.0,130.0,12.0,0,None,
6,Vessel 1,6,Evac Area 1 Ferry Terminal,Safe Area 1 Terminal,130.0,144.0,144.0,154.0,12.0,115,Evac Area 1,
1,Vessel 2,1,Safe Area 2 Harbor,Evac Area 4 Beach,10.0,28.24000000000001,28.24000000000001,31.24000000000001,25.0,0,None,
2,Vessel 2,2,Evac Area 4 Beach,Safe Area 2 Harbor,31.24000000000001,49.48000000000002,49.48000000000002,52.48000000000002,25.0,12,Evac Area 4,
3,Vessel 2,3,Safe Area 2 Harbor,Evac Area 2 Marina,52.48000000000002,64.47999999999996,64.47999999999996,67.47999999999996,25.0,0,None,
4,Vessel 2,4,Evac Area 2 Marina,Safe Area 2 Harbor,67.47999999999996,79.47999999999996,79.47999999999996,82.47999999999996,25.0,12,Evac Area 2,
5,Vessel 2,5,Safe Area 2 Harbor,Evac Area 2 Marina,82.47999999999996,94.48000000000002,94.48000000000002,97.48000000000002,25.0,0,None,
6,Vessel 2,6,Evac Area 2 Marina,Safe Area 2 Harbor,97.48000000000002,109.48000000000002,109.48000000000002,112.48000000000002,25.0,12,Evac Area 2,
7,Vessel 2,7,Safe Area 2 Harbor,Evac Area 2 Marina,112.48000000000002,124.48000000000002,124.48000000000002,127.48000000000002,25.0,0,None,
8,Vessel 2,8,Evac Area 2 Marina,Safe Area 2 Harbor,127.48000000000002,139.47999999999996,139.47999999999996,142.47999999999996,25.0,12,Evac Area 2,
9,Vessel 2,9,Safe Area 2 Harbor,Evac Area 2 Marina,142.47999999999996,154.47999999999996,154.47999999999996,157.47999999999996,25.0,0,None,
10,Vessel 2,10,Evac Area 2 Marina,Safe Area 2 Harbor,157.47999999999996,169.47999999999996,169.47999999999996,172.47999999999996,25.0,12,Evac Area 2,
11,Vessel 2,11,Safe Area 2 Harbor,Evac Area 2 Marina,172.47999999999996,184.47999999999996,184.47999999999996,187.47999999999996,25.0,0,None,
12,Vessel 2,12,Evac Area 2 Marina,Safe Area 2 Harbor,187.47999999999996,199.47999999999996,199.47999999999996,202.47999999999996,25.0,12,Evac Area 2,
13,Vessel 2,13,Safe Area 2 Harbor,Evac Area 4 Dock,202.47999999999996,220.72,220.72,223.72,25.0,0,None,
14,Vessel 2,14,Evac Area 4 Dock,Safe Area 3 Marina,223.72,241.72,241.72,244.72,25.0,12,Evac Area 4,
15,Vessel 2,15,Safe Area 3 Marina,Evac Area 4 Beach,244.72,262.72,262.72,265.72,25.0,0,None,
16,Vessel 2,16,Evac Area 4 Beach,Safe Area 3 Marina,265.72,283.72,283.72,286.72,25.0,12,Evac Area 4,
17,Vessel 2,17,Safe Area 3 Marina,Evac Area 4 Dock,286.72,304.72,304.72,307.72,25.0,0,None,
18,Vessel 2,18,Evac Area 4 Dock,Safe Area 3 Marina,307.72,325.72,325.72,328.72,25.0,12,Evac Area 4,
19,Vessel 2,19,Safe Area 3 Marina,Evac Area 3 Dock,328.72,339.52000000000004,339.52000000000004,342.52000000000004,25.0,0,None,
20,Vessel 2,20,Evac Area 3 Dock,Safe Area 3 Marina,342.52000000000004,353.32000000000005,353.32000000000005,356.32000000000005,25.0,12,Evac Area 3,
21,Vessel 2,21,Safe Area 3 Marina,Evac Area 4 Beach,356.32000000000005,374.3200000000001,374.3200000000001,377.3200000000001,25.0,0,None,
22,Vessel 2,22,Evac Area 4 Beach,Safe Area 2 Harbor,377.3200000000001,395.56000000000006,395.56000000000006,398.56000000000006,25.0,12,Evac Area 4,
23,Vessel 2,23,Safe Area 2 Harbor,Evac Area 4 Dock,398.56000000000006,416.80000000000007,416.80000000000007,419.80000000000007,25.0,0,None,
24,Vessel 2,24,Evac Area 4 Dock,Safe Area 3 Marina,419.80000000000007,437.80000000000007,437.80000000000007,440.80000000000007,25.0,12,Evac Area 4,
1,Vessel 3,1,Safe Area 3 Marina,Evac Area 4 Dock,60.0,78.0,78.0,81.0,25.0,0,None,
2,Vessel 3,2,Evac Area 4 Dock,Safe Area 2 Harbor,81.0,99.24000000000001,99.24000000000001,102.24000000000001,25.0,12,Evac Area 4,
3,Vessel 3,3,Safe Area 2 Harbor,Evac Area 2 Marina,102.24000000000001,114.24000000000001,114.24000000000001,117.24000000000001,25.0,0,None,
4,Vessel 3,4,Evac Area 2 Marina,Safe Area 2 Harbor,117.24000000000001,129.24,129.24,132.24,25.0,12,Evac Area 2,
5,Vessel 3,5,Safe Area 2 Harbor,Evac Area 2 Marina,132.24,144.24,144.24,147.24,25.0,0,None,
6,Vessel 3,6,Evac Area 2 Marina,Safe Area 2 Harbor,147.24,159.24,159.24,162.24,25.0,12,Evac Area 2,
7,Vessel 3,7,Safe Area 2 Harbor,Evac Area 2 Marina,162.24,174.24,174.24,177.24,25.0,0,None,
8,Vessel 3,8,Evac Area 2 Marina,Safe Area 2 Harbor,177.24,189.24,189.24,192.24,25.0,12,Evac Area 2,
9,Vessel 3,9,Safe Area 2 Harbor,Evac Area 2 Marina,192.24,204.24,204.24,207.24,25.0,0,None,
10,Vessel 3,10,Evac Area 2 Marina,Safe Area 2 Harbor,207.24,219.24,219.24,222.24,25.0,12,Evac Area 2,
11,Vessel 3,11,Safe Area 2 Harbor,Evac Area 2 Marina,222.24,234.24,234.24,237.24,25.0,0,None,
12,Vessel 3,12,Evac Area 2 Marina,Safe Area 2 Harbor,237.24,249.24,249.24,252.24,25.0,12,Evac Area 2,
13,Vessel 3,13,Safe Area 2 Harbor,Evac Area 2 Marina,252.24,264.24,264.24,267.24,25.0,0,None,
14,Vessel 3,14,Evac Area 2 Marina,Safe Area 2 Harbor,267.24,279.24,279.24,282.24,25.0,12,Evac Area 2,
15,Vessel 3,15,Safe Area 2 Harbor,Evac Area 2 Marina,282.24,294.24,294.24,297.24,25.0,0,None,
16,Vessel 3,16,Evac Area 2 Marina,Safe Area 2 Harbor,297.24,309.24,309.24,312.24,25.0,12,Evac Area 2,
17,Vessel 3,17,Safe Area 2 Harbor,Evac Area 4 Beach,312.24,330.48,330.48,333.48,25.0,0,None,
18,Vessel 3,18,Evac Area 4 Beach,Safe Area 2 Harbor,333.48,351.72,351.72,354.72,25.0,12,Evac Area 4,
19,Vessel 3,19,Safe Area 2 Harbor,Evac Area 2 Marina,354.72,366.72,366.72,369.72,25.0,0,None,
20,Vessel 3,20,Evac Area 2 Marina,Safe Area 2 Harbor,369.72,381.72,381.72,384.72,25.0,12,Evac Area 2,
21,Vessel 3,21,Safe Area 2 Harbor,Evac Area 2 Marina,384.72,396.72,396.72,399.72,25.0,0,None,
22,Vessel 3,22,Evac Area 2 Marina,Safe Area 2 Harbor,399.72,411.72,411.72,414.72,25.0,12,Evac Area 2,
23,Vessel 3,23,Safe Area 2 Harbor,Evac Area 2 Marina,414.72,426.72,426.72,429.72,25.0,0,None,
24,Vessel 3,24,Evac Area 2 Marina,Safe Area 2 Harbor,429.72,441.72,441.72,444.72,25.0,12,Evac Area 2,
1,Vessel 4,1,Safe Area 1 Terminal,Evac Area 3 Dock,10.0,22.0,22.0,27.0,25.0,0,None,
2,Vessel 4,2,Evac Area 3 Dock,Safe Area 3 Marina,27.0,37.80000000000001,37.80000000000001,42.80000000000001,25.0,38,Evac Area 3,
3,Vessel 4,3,Safe Area 3 Marina,Evac Area 4 Dock,42.80000000000001,60.80000000000001,60.80000000000001,65.80000000000001,25.0,0,None,
4,Vessel 4,4,Evac Area 4 Dock,Safe Area 2 Harbor,65.80000000000001,84.04000000000002,84.04000000000002,89.04000000000002,25.0,38,Evac Area 4,
5,Vessel 4,5,Safe Area 2 Harbor,Evac Area 2 Marina,89.04000000000002,101.04000000000002,101.04000000000002,106.04000000000002,25.0,0,None,
6,Vessel 4,6,Evac Area 2 Marina,Safe Area 2 Harbor,106.04000000000002,118.04000000000002,118.04000000000002,123.04000000000002,25.0,38,Evac Area 2,
7,Vessel 4,7,Safe Area 2 Harbor,Evac Area 2 Marina,123.04000000000002,135.04000000000002,135.04000000000002,140.04000000000002,25.0,0,None,
8,Vessel 4,8,Evac Area 2 Marina,Safe Area 2 Harbor,140.04000000000002,152.04000000000002,152.04000000000002,157.04000000000002,25.0,38,Evac Area 2,
9,Vessel 4,9,Safe Area 2 Harbor,Evac Area 2 Marina,157.04000000000002,169.04000000000002,169.04000000000002,174.04000000000002,25.0,0,None,
10,Vessel 4,10,Evac Area 2 Marina,Safe Area 2 Harbor,174.04000000000002,186.04000000000002,186.04000000000002,191.04000000000002,25.0,38,Evac Area 2,
11,Vessel 4,11,Safe Area 2 Harbor,Evac Area 2 Marina,191.04000000000002,203.04000000000002,203.04000000000002,208.04,25.0,0,None,
12,Vessel 4,12,Evac Area 2 Marina,Safe Area 2 Harbor,208.04,220.04,220.04,225.04,25.0,38,Evac Area 2,
13,Vessel 4,13,Safe Area 2 Harbor,Evac Area 2 Marina,225.04,237.04,237.04,242.04,25.0,0,None,
14,Vessel 4,14,Evac Area 2 Marina,Safe Area 2 Harbor,242.04,254.04,254.04,259.04,25.0,38,Evac Area 2,
15,Vessel 4,15,Safe Area 2 Harbor,Evac Area 2 Marina,259.04,271.04,271.04,276.04,25.0,0,None,
16,Vessel 4,16,Evac Area 2 Marina,Safe Area 2 Harbor,276.04,288.04,288.04,293.04,25.0,38,Evac Area 2,
17,Vessel 4,17,Safe Area 2 Harbor,Evac Area 2 Marina,293.04,305.04,305.04,310.04,25.0,0,None,
18,Vessel 4,18,Evac Area 2 Marina,Safe Area 2 Harbor,310.04,322.04,322.04,327.04,25.0,38,Evac Area 2,
19,Vessel 4,19,Safe Area 2 Harbor,Evac Area 2 Marina,327.04,339.04,339.04,344.04,25.0,0,None,
20,Vessel 4,20,Evac Area 2 Marina,Safe Area 2 Harbor,344.04,356.04,356.04,361.04,25.0,38,Evac Area 2,
21,Vessel 4,21,Safe Area 2 Harbor,Evac Area 2 Marina,361.04,373.04,373.04,378.04,25.0,0,None,
22,Vessel 4,22,Evac Area 2 Marina,Safe Area 2 Harbor,378.04,390.04,390.04,395.04,25.0,38,Evac Area 2,
23,Vessel 4,23,Safe Area 2 Harbor,Evac Area 2 Marina,395.04,407.04,407.04,412.04,25.0,0,None,
24,Vessel 4,24,Evac Area 2 Marina,Safe Area 2 Harbor,412.04,424.04,424.04,429.04,25.0,38,Evac Area 2,
1,Vessel 5,1,Safe Area 1 Terminal,Evac Area 4 Dock,30.0,60.0,60.0,70.0,18.0,0,None,
2,Vessel 5,2,Evac Area 4 Dock,Safe Area 2 Harbor,70.0,95.33333333333331,95.33333333333331,105.33333333333331,18.0,120,Evac Area 4,
3,Vessel 5,3,Safe Area 2 Harbor,Evac Area 2 Marina,105.33333333333331,122.0,122.0,132.0,18.0,0,None,
4,Vessel 5,4,Evac Area 2 Marina,Safe Area 2 Harbor,132.0,148.66666666666669,148.66666666666669,158.66666666666669,18.0,120,Evac Area 2,
5,Vessel 5,5,Safe Area 2 Harbor,Evac Area 4 Dock,158.66666666666669,184.0,184.0,194.0,18.0,0,None,
6,Vessel 5,6,Evac Area 4 Dock,Safe Area 3 Marina,194.0,219.0,219.0,229.0,18.0,120,Evac Area 4,
7,Vessel 5,7,Safe Area 3 Marina,Evac Area 4 Dock,229.0,254.0,254.0,264.0,18.0,0,None,
8,Vessel 5,8,Evac Area 4 Dock,Safe Area 2 Harbor,264.0,289.3333333333333,289.3333333333333,299.3333333333333,18.0,120,Evac Area 4,
9,Vessel 5,9,Safe Area 2 Harbor,Evac Area 2 Marina,299.3333333333333,316.0,316.0,326.0,18.0,0,None,
10,Vessel 5,10,Evac Area 2 Marina,Safe Area 2 Harbor,326.0,342.6666666666667,342.6666666666667,352.6666666666667,18.0,120,Evac Area 2,
11,Vessel 5,11,Safe Area 2 Harbor,Evac Area 2 Marina,352.6666666666667,369.33333333333337,369.33333333333337,379.33333333333337,18.0,0,None,
12,Vessel 5,12,Evac Area 2 Marina,Safe Area 2 Harbor,379.33333333333337,396.00000000000006,396.00000000000006,406.00000000000006,18.0,120,Evac Area 2,
13,Vessel 5,13,Safe Area 2 Harbor,Evac Area 2 Marina,406.00000000000006,422.66666666666674,422.66666666666674,432.66666666666674,18.0,0,None,
14,Vessel 5,14,Evac Area 2 Marina,Safe Area 2 Harbor,432.66666666666674,449.3333333333334,449.3333333333334,459.3333333333334,18.0,120,Evac Area 2,
1,Vessel 6,1,Safe Area 1 Terminal,Evac Area 3 Dock,30.0,42.0,42.0,45.0,25.0,0,None,
2,Vessel 6,2,Evac Area 3 Dock,Safe Area 3 Marina,45.0,55.80000000000001,55.80000000000001,58.80000000000001,25.0,1,Evac Area 3,
3,Vessel 6,3,Safe Area 3 Marina,Evac Area 4 Beach,58.80000000000001,76.80000000000001,76.80000000000001,79.80000000000001,25.0,0,None,
4,Vessel 6,4,Evac Area 4 Beach,Safe Area 2 Harbor,79.80000000000001,98.04000000000002,98.04000000000002,101.04000000000002,25.0,12,Evac Area 4,
5,Vessel 6,5,Safe Area 2 Harbor,Evac Area 4 Dock,101.04000000000002,119.28000000000003,119.28000000000003,122.28000000000003,25.0,0,None,
6,Vessel 6,6,Evac Area 4 Dock,Safe Area 3 Marina,122.28000000000003,140.27999999999997,140.27999999999997,143.27999999999997,25.0,12,Evac Area 4,
7,Vessel 6,7,Safe Area 3 Marina,Evac Area 4 Dock,143.27999999999997,161.27999999999997,161.27999999999997,164.27999999999997,25.0,0,None,
8,Vessel 6,8,Evac Area 4 Dock,Safe Area 2 Harbor,164.27999999999997,182.52000000000004,182.52000000000004,185.52000000000004,25.0,11,Evac Area 4,
9,Vessel 6,9,Safe Area 2 Harbor,Evac Area 2 Marina,185.52000000000004,197.52000000000004,197.52000000000004,200.52000000000004,25.0,0,None,
10,Vessel 6,10,Evac Area 2 Marina,Safe Area 2 Harbor,200.52000000000004,212.52,212.52,215.52,25.0,12,Evac Area 2,
11,Vessel 6,11,Safe Area 2 Harbor,Evac Area 4 Dock,215.52,233.76,233.76,236.76,25.0,0,None,
12,Vessel 6,12,Evac Area 4 Dock,Safe Area 2 Harbor,236.76,255.0,255.0,258.0,25.0,12,Evac Area 4,
13,Vessel 6,13,Safe Area 2 Harbor,Evac Area 2 Marina,258.0,270.0,270.0,273.0,25.0,0,None,
14,Vessel 6,14,Evac Area 2 Marina,Safe Area 2 Harbor,273.0,285.0,285.0,288.0,25.0,12,Evac Area 2,
15,Vessel 6,15,Safe Area 2 Harbor,Evac Area 2 Marina,288.0,300.0,300.0,303.0,25.0,0,None,
16,Vessel 6,16,Evac Area 2 Marina,Safe Area 2 Harbor,303.0,315.0,315.0,318.0,25.0,4,Evac Area 2,
17,Vessel 6,17,Safe Area 2 Harbor,Evac Area 2 Marina,318.0,330.0,330.0,333.0,25.0,0,None,
18,Vessel 6,18,Evac Area 2 Marina,Safe Area 2 Harbor,333.0,345.0,345.0,348.0,25.0,12,Evac Area 2,
19,Vessel 6,19,Safe Area 2 Harbor,Evac Area 4 Beach,348.0,366.24,366.24,369.24,25.0,0,None,
20,Vessel 6,20,Evac Area 4 Beach,Safe Area 3 Marina,369.24,387.24,387.24,390.24,25.0,12,Evac Area 4,
21,Vessel 6,21,Safe Area 3 Marina,Evac Area 4 Beach,390.24,408.24,408.24,411.24,25.0,0,None,
22,Vessel 6,22,Evac Area 4 Beach,Safe Area 3 Marina,411.24,429.24,429.24,432.24,25.0,12,Evac Area 4,
1,Vessel 5,1,Safe Area 2 Harbor,Evac Area 4 Dock,459.3333333333334,484.66666666666674,484.66666666666674,494.66666666666674,18.0,0,None,yes
2,Vessel 5,2,Evac Area 4 Dock,Safe Area 3 Marina,494.66666666666674,519.6666666666667,519.6666666666667,529.6666666666667,18.0,97,Evac Area 4,yes
1,Vessel 6,1,Safe Area 3 Marina,Evac Area 3 Dock,459.3333333333334,470.13333333333344,470.13333333333344,473.13333333333344,25.0,0,None,yes
2,Vessel 6,2,Evac Area 3 Dock,Safe Area 3 Marina,473.13333333333344,483.93333333333345,483.93333333333345,486.93333333333345,25.0,9,Evac Area 3,yes
