segment_id,resource_id,route_segment_id,origin,destination,route_start_time,route_end_time,load_start_time,load_end_time,resource_speed,evacuees,evacuated_location
1,Vessel 1,1,Safe Area 1 Terminal,Evac Area 1 Ferry Terminal,10.0,24.0,24.0,34.0,12.0,0,None
2,Vessel 1,2,Evac Area 1 Ferry Terminal,Safe Area 1 Terminal,34.0,48.0,48.0,58.0,12.0,175,Evac Area 1
1,Vessel 2,1,Safe Area 2 Harbor,Evac Area 4 Dock,10.0,28.239999999999995,28.239999999999995,31.239999999999995,25.0,0,None
2,Vessel 2,2,Evac Area 4 Dock,Safe Area 2 Harbor,31.239999999999995,49.47999999999999,49.47999999999999,52.47999999999999,25.0,12,Evac Area 4
1,Vessel 2,1,Safe Area 2 Harbor,Evac Area 4 Beach,52.47999999999999,70.72,70.72,73.72,25.0,0,None
2,Vessel 2,2,Evac Area 4 Beach,Safe Area 3 Marina,73.72,91.72,91.72,94.72,25.0,12,Evac Area 4
1,Vessel 2,1,Safe Area 3 Marina,Evac Area 3 Dock,94.72,105.52,105.52,108.52,25.0,0,None
2,Vessel 2,2,Evac Area 3 Dock,Safe Area 3 Marina,108.52,119.32,119.32,122.32,25.0,9,Evac Area 3
1,Vessel 2,1,Safe Area 3 Marina,Evac Area 4 Beach,122.32,140.32,140.32,143.32,25.0,0,None
2,Vessel 2,2,Evac Area 4 Beach,Safe Area 3 Marina,143.32,161.32,161.32,164.32,25.0,12,Evac Area 4
1,Vessel 3,1,Safe Area 3 Marina,Evac Area 4 Beach,60.0,78.0,78.0,81.0,25.0,0,None
2,Vessel 3,2,Evac Area 4 Beach,Safe Area 3 Marina,81.0,99.0,99.0,102.0,25.0,12,Evac Area 4
1,Vessel 3,1,Safe Area 3 Marina,Evac Area 3 Dock,102.0,112.8,112.8,115.8,25.0,0,None
2,Vessel 3,2,Evac Area 3 Dock,Safe Area 3 Marina,115.8,126.6,126.6,129.6,25.0,12,Evac Area 3
1,Vessel 3,1,Safe Area 3 Marina,Evac Area 4 Beach,129.6,147.6,147.6,150.6,25.0,0,None
2,Vessel 3,2,Evac Area 4 Beach,Safe Area 3 Marina,150.6,168.6,168.6,171.6,25.0,12,Evac Area 4
1,Vessel 4,1,Safe Area 1 Terminal,Evac Area 3 Dock,10.0,22.0,22.0,27.0,25.0,0,None
2,Vessel 4,2,Evac Area 3 Dock,Safe Area 3 Marina,27.0,37.8,37.8,42.8,25.0,38,Evac Area 3
1,Vessel 4,1,Safe Area 3 Marina,Evac Area 4 Dock,42.8,60.8,60.8,65.8,25.0,0,None
2,Vessel 4,2,Evac Area 4 Dock,Safe Area 3 Marina,65.8,83.8,83.8,88.8,25.0,38,Evac Area 4
1,Vessel 4,1,Safe Area 3 Marina,Evac Area 4 Dock,88.8,106.8,106.8,111.8,25.0,0,None
2,Vessel 4,2,Evac Area 4 Dock,Safe Area 3 Marina,111.8,129.8,129.8,134.8,25.0,38,Evac Area 4
1,Vessel 4,1,Safe Area 3 Marina,Evac Area 4 Dock,134.8,152.8,152.8,157.8,25.0,0,None
2,Vessel 4,2,Evac Area 4 Dock,Safe Area 3 Marina,157.8,175.8,175.8,180.8,25.0,38,Evac Area 4
1,Vessel 5,1,Safe Area 1 Terminal,Evac Area 3 Dock,30.0,46.66666666666667,46.66666666666667,56.66666666666667,18.0,0,None
2,Vessel 5,2,Evac Area 3 Dock,Safe Area 3 Marina,56.66666666666667,71.66666666666667,71.66666666666667,81.66666666666667,18.0,120,Evac Area 3
1,Vessel 5,1,Safe Area 3 Marina,Evac Area 3 Dock,81.66666666666667,96.66666666666669,96.66666666666669,106.66666666666669,18.0,0,None
2,Vessel 5,2,Evac Area 3 Dock,Safe Area 3 Marina,106.66666666666669,121.66666666666669,121.66666666666669,131.66666666666669,18.0,120,Evac Area 3
1,Vessel 5,1,Safe Area 3 Marina,Evac Area 4 Dock,131.66666666666669,156.66666666666669,156.66666666666669,166.66666666666669,18.0,0,None
2,Vessel 5,2,Evac Area 4 Dock,Safe Area 3 Marina,166.66666666666669,191.66666666666669,191.66666666666669,201.66666666666669,18.0,120,Evac Area 4
1,Vessel 6,1,Safe Area 1 Terminal,Evac Area 3 Dock,30.0,42.0,42.0,45.0,25.0,0,None
2,Vessel 6,2,Evac Area 3 Dock,Safe Area 3 Marina,45.0,55.8,55.8,58.8,25.0,12,Evac Area 3
1,Vessel 6,1,Safe Area 3 Marina,Evac Area 4 Dock,58.8,76.8,76.8,79.8,25.0,0,None
2,Vessel 6,2,Evac Area 4 Dock,Safe Area 3 Marina,79.8,97.8,97.8,100.8,25.0,12,Evac Area 4
1,Vessel 6,1,Safe Area 3 Marina,Evac Area 3 Dock,100.8,111.6,111.6,114.6,25.0,0,None
2,Vessel 6,2,Evac Area 3 Dock,Safe Area 3 Marina,114.6,125.4,125.4,128.39999999999998,25.0,12,Evac Area 3
1,Vessel 6,1,Safe Area 3 Marina,Evac Area 4 Dock,128.39999999999998,146.39999999999998,146.39999999999998,149.39999999999998,25.0,0,None
2,Vessel 6,2,Evac Area 4 Dock,Safe Area 3 Marina,149.39999999999998,167.39999999999998,167.39999999999998,170.39999999999998,25.0,12,Evac Area 4
1,Vessel 1,1,Safe Area 1 Terminal,Evac Area 1 Ferry Terminal,135.0,149.0,149.0,159.0,12.0,0,None
2,Vessel 1,2,Evac Area 1 Ferry Terminal,Safe Area 1 Terminal,159.0,173.0,173.0,183.0,12.0,1,Evac Area 1
1,Vessel 2,1,Safe Area 3 Marina,Evac Area 3 Dock,164.32,175.12,175.12,178.12,25.0,0,None
2,Vessel 2,2,Evac Area 3 Dock,Safe Area 3 Marina,178.12,188.92,188.92,191.92,25.0,12,Evac Area 3
3,Vessel 2,3,Safe Area 3 Marina,Evac Area 3 Dock,191.92,202.71999999999997,202.71999999999997,205.71999999999997,25.0,0,None
4,Vessel 2,4,Evac Area 3 Dock,Safe Area 3 Marina,205.71999999999997,216.51999999999998,216.51999999999998,219.51999999999998,25.0,10,Evac Area 3
5,Vessel 2,5,Safe Area 3 Marina,Evac Area 4 Beach,219.51999999999998,237.51999999999998,237.51999999999998,240.51999999999998,25.0,0,None
6,Vessel 2,6,Evac Area 4 Beach,Safe Area 3 Marina,240.51999999999998,258.52,258.52,261.52,25.0,12,Evac Area 4
7,Vessel 2,7,Safe Area 3 Marina,Evac Area 3 Dock,261.52,272.32,272.32,275.32,25.0,0,None
8,Vessel 2,8,Evac Area 3 Dock,Safe Area 3 Marina,275.32,286.12,286.12,289.12,25.0,12,Evac Area 3
1,Vessel 3,1,Safe Area 3 Marina,Evac Area 4 Beach,171.6,189.6,189.6,192.6,25.0,0,None
2,Vessel 3,2,Evac Area 4 Beach,Safe Area 3 Marina,192.6,210.6,210.6,213.6,25.0,12,Evac Area 4
3,Vessel 3,3,Safe Area 3 Marina,Evac Area 4 Dock,213.6,231.6,231.6,234.6,25.0,0,None
4,Vessel 3,4,Evac Area 4 Dock,Safe Area 3 Marina,234.6,252.6,252.6,255.6,25.0,12,Evac Area 4
5,Vessel 3,5,Safe Area 3 Marina,Evac Area 4 Beach,255.6,273.6,273.6,276.6,25.0,0,None
6,Vessel 3,6,Evac Area 4 Beach,Safe Area 3 Marina,276.6,294.6,294.6,297.6,25.0,12,Evac Area 4
7,Vessel 3,7,Safe Area 3 Marina,Evac Area 4 Dock,297.6,315.6,315.6,318.6,25.0,0,None
8,Vessel 3,8,Evac Area 4 Dock,Safe Area 3 Marina,318.6,336.6,336.6,339.6,25.0,12,Evac Area 4
9,Vessel 3,9,Safe Area 3 Marina,Evac Area 4 Beach,339.6,357.6,357.6,360.6,25.0,0,None
10,Vessel 3,10,Evac Area 4 Beach,Safe Area 3 Marina,360.6,378.6,378.6,381.6,25.0,12,Evac Area 4
1,Vessel 4,1,Safe Area 3 Marina,Evac Area 4 Dock,180.8,198.8,198.8,203.8,25.0,0,None
2,Vessel 4,2,Evac Area 4 Dock,Safe Area 3 Marina,203.8,221.8,221.8,226.8,25.0,38,Evac Area 4
3,Vessel 4,3,Safe Area 3 Marina,Evac Area 4 Dock,226.8,244.8,244.8,249.8,25.0,0,None
4,Vessel 4,4,Evac Area 4 Dock,Safe Area 3 Marina,249.8,267.8,267.8,272.8,25.0,38,Evac Area 4
5,Vessel 4,5,Safe Area 3 Marina,Evac Area 4 Dock,272.8,290.8,290.8,295.8,25.0,0,None
6,Vessel 4,6,Evac Area 4 Dock,Safe Area 3 Marina,295.8,313.8,313.8,318.8,25.0,38,Evac Area 4
7,Vessel 4,7,Safe Area 3 Marina,Evac Area 4 Dock,318.8,336.8,336.8,341.8,25.0,0,None
8,Vessel 4,8,Evac Area 4 Dock,Safe Area 3 Marina,341.8,359.8,359.8,364.8,25.0,38,Evac Area 4
9,Vessel 4,9,Safe Area 3 Marina,Evac Area 4 Dock,364.8,382.8,382.8,387.8,25.0,0,None
10,Vessel 4,10,Evac Area 4 Dock,Safe Area 3 Marina,387.8,405.8,405.8,410.8,25.0,38,Evac Area 4
1,Vessel 5,1,Safe Area 3 Marina,Evac Area 4 Dock,201.66666666666669,226.66666666666669,226.66666666666669,236.66666666666669,18.0,0,None
2,Vessel 5,2,Evac Area 4 Dock,Safe Area 3 Marina,236.66666666666669,261.6666666666667,261.6666666666667,271.6666666666667,18.0,120,Evac Area 4
3,Vessel 5,3,Safe Area 3 Marina,Evac Area 4 Dock,271.6666666666667,296.6666666666667,296.6666666666667,306.6666666666667,18.0,0,None
4,Vessel 5,4,Evac Area 4 Dock,Safe Area 3 Marina,306.6666666666667,331.6666666666667,331.6666666666667,341.6666666666667,18.0,120,Evac Area 4
5,Vessel 5,5,Safe Area 3 Marina,Evac Area 4 Dock,341.6666666666667,366.6666666666667,366.6666666666667,376.6666666666667,18.0,0,None
6,Vessel 5,6,Evac Area 4 Dock,Safe Area 3 Marina,376.6666666666667,401.6666666666667,401.6666666666667,411.6666666666667,18.0,120,Evac Area 4
1,Vessel 6,1,Safe Area 3 Marina,Evac Area 4 Beach,170.39999999999998,188.39999999999998,188.39999999999998,191.39999999999998,25.0,0,None
2,Vessel 6,2,Evac Area 4 Beach,Safe Area 3 Marina,191.39999999999998,209.39999999999998,209.39999999999998,212.39999999999998,25.0,12,Evac Area 4
3,Vessel 6,3,Safe Area 3 Marina,Evac Area 4 Beach,212.39999999999998,230.39999999999998,230.39999999999998,233.39999999999998,25.0,0,None
4,Vessel 6,4,Evac Area 4 Beach,Safe Area 3 Marina,233.39999999999998,251.39999999999998,251.39999999999998,254.39999999999998,25.0,12,Evac Area 4
5,Vessel 6,5,Safe Area 3 Marina,Evac Area 4 Beach,254.39999999999998,272.4,272.4,275.4,25.0,0,None
6,Vessel 6,6,Evac Area 4 Beach,Safe Area 3 Marina,275.4,293.4,293.4,296.4,25.0,10,Evac Area 4
7,Vessel 6,7,Safe Area 3 Marina,Evac Area 4 Beach,296.4,314.4,314.4,317.4,25.0,0,None
8,Vessel 6,8,Evac Area 4 Beach,Safe Area 3 Marina,317.4,335.4,335.4,338.4,25.0,12,Evac Area 4
