segment_id,resource_id,route_segment_id,origin,destination,route_start_time,route_end_time,load_start_time,load_end_time,resource_speed,evacuees,evacuated_location
1,Vessel 1,1,Safe Area 1 Terminal,Evac Area 1 Ferry Terminal,15.0,29.0,29.0,39.0,12.0,0,None
2,Vessel 1,2,Evac Area 1 Ferry Terminal,Safe Area 1 Terminal,39.0,53.0,53.0,63.0,12.0,108,Evac Area 1
1,Vessel 2,1,Safe Area 2 Harbor,Evac Area 4 Dock,10.0,28.24,28.24,31.24,25.0,0,None
2,Vessel 2,2,Evac Area 4 Dock,Safe Area 3 Marina,31.24,49.24,49.24,52.24,25.0,12,Evac Area 4
1,Vessel 4,1,Safe Area 1 Terminal,Evac Area 3 Dock,10.0,22.0,22.0,27.0,25.0,0,None
2,Vessel 4,2,Evac Area 3 Dock,Safe Area 3 Marina,27.0,37.8,37.8,42.8,25.0,38,Evac Area 3
1,Vessel 5,1,Safe Area 1 Terminal,Evac Area 3 Dock,30.0,46.66666666666667,46.66666666666667,56.66666666666667,18.0,0,None
2,Vessel 5,2,Evac Area 3 Dock,Safe Area 3 Marina,56.66666666666667,71.66666666666667,71.66666666666667,81.66666666666667,18.0,120,Evac Area 3
1,Vessel 6,1,Safe Area 1 Terminal,Evac Area 4 Dock,30.0,51.6,51.6,54.6,25.0,0,None
2,Vessel 6,2,Evac Area 4 Dock,Safe Area 3 Marina,54.6,72.6,72.6,75.6,25.0,2,Evac Area 4
1,Vessel 1,1,Safe Area 1 Terminal,Evac Area 1 Ferry Terminal,63.0,77.0,77.0,87.0,12.0,0,None
2,Vessel 1,2,Evac Area 1 Ferry Terminal,Safe Area 1 Terminal,87.0,101.0,101.0,111.0,12.0,94,Evac Area 1
1,Vessel 2,1,Safe Area 3 Marina,Evac Area 3 Dock,52.24,63.04,63.04,66.03999999999999,25.0,0,None
2,Vessel 2,2,Evac Area 3 Dock,Safe Area 3 Marina,66.03999999999999,76.84,76.84,79.84,25.0,12,Evac Area 3
3,Vessel 2,3,Safe Area 3 Marina,Evac Area 3 Dock,79.84,90.63999999999999,90.63999999999999,93.63999999999999,25.0,0,None
4,Vessel 2,4,Evac Area 3 Dock,Safe Area 3 Marina,93.63999999999999,104.44,104.44,107.44,25.0,12,Evac Area 3
5,Vessel 2,5,Safe Area 3 Marina,Evac Area 3 Dock,107.44,118.24,118.24,121.24,25.0,0,None
6,Vessel 2,6,Evac Area 3 Dock,Safe Area 3 Marina,121.24,132.04,132.04,135.04,25.0,12,Evac Area 3
7,Vessel 2,7,Safe Area 3 Marina,Evac Area 4 Dock,135.04,153.04,153.04,156.04,25.0,0,None
8,Vessel 2,8,Evac Area 4 Dock,Safe Area 3 Marina,156.04,174.04,174.04,177.04,25.0,12,Evac Area 4
9,Vessel 2,9,Safe Area 3 Marina,Evac Area 4 Dock,177.04,195.04,195.04,198.04,25.0,0,None
10,Vessel 2,10,Evac Area 4 Dock,Safe Area 3 Marina,198.04,216.04,216.04,219.04,25.0,12,Evac Area 4
11,Vessel 2,11,Safe Area 3 Marina,Evac Area 4 Dock,219.04,237.04,237.04,240.04,25.0,0,None
12,Vessel 2,12,Evac Area 4 Dock,Safe Area 3 Marina,240.04,258.03999999999996,258.03999999999996,261.03999999999996,25.0,12,Evac Area 4
13,Vessel 2,13,Safe Area 3 Marina,Evac Area 4 Dock,261.03999999999996,279.03999999999996,279.03999999999996,282.03999999999996,25.0,0,None
14,Vessel 2,14,Evac Area 4 Dock,Safe Area 3 Marina,282.03999999999996,300.03999999999996,300.03999999999996,303.03999999999996,25.0,12,Evac Area 4
15,Vessel 2,15,Safe Area 3 Marina,Evac Area 3 Dock,303.03999999999996,313.84,313.84,316.84,25.0,0,None
16,Vessel 2,16,Evac Area 3 Dock,Safe Area 3 Marina,316.84,327.64,327.64,330.64,25.0,12,Evac Area 3
17,Vessel 2,17,Safe Area 3 Marina,Evac Area 3 Dock,330.64,341.44,341.44,344.44,25.0,0,None
18,Vessel 2,18,Evac Area 3 Dock,Safe Area 3 Marina,344.44,355.24,355.24,358.24,25.0,12,Evac Area 3
19,Vessel 2,19,Safe Area 3 Marina,Evac Area 3 Dock,358.24,369.04,369.04,372.04,25.0,0,None
20,Vessel 2,20,Evac Area 3 Dock,Safe Area 3 Marina,372.04,382.84000000000003,382.84000000000003,385.84000000000003,25.0,12,Evac Area 3
21,Vessel 2,21,Safe Area 3 Marina,Evac Area 3 Dock,385.84000000000003,396.64000000000004,396.64000000000004,399.64000000000004,25.0,0,None
22,Vessel 2,22,Evac Area 3 Dock,Safe Area 3 Marina,399.64000000000004,410.44000000000005,410.44000000000005,413.44000000000005,25.0,12,Evac Area 3
23,Vessel 2,23,Safe Area 3 Marina,Evac Area 3 Dock,413.44000000000005,424.24000000000007,424.24000000000007,427.24000000000007,25.0,0,None
24,Vessel 2,24,Evac Area 3 Dock,Safe Area 3 Marina,427.24000000000007,438.0400000000001,438.0400000000001,441.0400000000001,25.0,12,Evac Area 3
25,Vessel 2,25,Safe Area 3 Marina,Evac Area 4 Dock,441.0400000000001,459.0400000000001,459.0400000000001,462.0400000000001,25.0,0,None
26,Vessel 2,26,Evac Area 4 Dock,Safe Area 3 Marina,462.0400000000001,480.0400000000001,480.0400000000001,483.0400000000001,25.0,12,Evac Area 4
27,Vessel 2,27,Safe Area 3 Marina,Evac Area 3 Dock,483.0400000000001,493.8400000000001,493.8400000000001,496.8400000000001,25.0,0,None
28,Vessel 2,28,Evac Area 3 Dock,Safe Area 3 Marina,496.8400000000001,507.6400000000001,507.6400000000001,510.6400000000001,25.0,12,Evac Area 3
29,Vessel 2,29,Safe Area 3 Marina,Evac Area 4 Beach,510.6400000000001,528.6400000000001,528.6400000000001,531.6400000000001,25.0,0,None
30,Vessel 2,30,Evac Area 4 Beach,Safe Area 3 Marina,531.6400000000001,549.6400000000001,549.6400000000001,552.6400000000001,25.0,12,Evac Area 4
31,Vessel 2,31,Safe Area 3 Marina,Evac Area 3 Dock,552.6400000000001,563.44,563.44,566.44,25.0,0,None
32,Vessel 2,32,Evac Area 3 Dock,Safe Area 3 Marina,566.44,577.24,577.24,580.24,25.0,12,Evac Area 3
33,Vessel 2,33,Safe Area 3 Marina,Evac Area 3 Dock,580.24,591.04,591.04,594.04,25.0,0,None
34,Vessel 2,34,Evac Area 3 Dock,Safe Area 3 Marina,594.04,604.8399999999999,604.8399999999999,607.8399999999999,25.0,6,Evac Area 3
1,Vessel 3,1,Safe Area 3 Marina,Evac Area 4 Dock,60.0,78.0,78.0,81.0,25.0,0,None
2,Vessel 3,2,Evac Area 4 Dock,Safe Area 3 Marina,81.0,99.0,99.0,102.0,25.0,12,Evac Area 4
3,Vessel 3,3,Safe Area 3 Marina,Evac Area 4 Dock,102.0,120.0,120.0,123.0,25.0,0,None
4,Vessel 3,4,Evac Area 4 Dock,Safe Area 3 Marina,123.0,141.0,141.0,144.0,25.0,12,Evac Area 4
5,Vessel 3,5,Safe Area 3 Marina,Evac Area 4 Dock,144.0,162.0,162.0,165.0,25.0,0,None
6,Vessel 3,6,Evac Area 4 Dock,Safe Area 3 Marina,165.0,183.0,183.0,186.0,25.0,12,Evac Area 4
7,Vessel 3,7,Safe Area 3 Marina,Evac Area 4 Dock,186.0,204.0,204.0,207.0,25.0,0,None
8,Vessel 3,8,Evac Area 4 Dock,Safe Area 3 Marina,207.0,225.0,225.0,228.0,25.0,12,Evac Area 4
9,Vessel 3,9,Safe Area 3 Marina,Evac Area 4 Dock,228.0,246.0,246.0,249.0,25.0,0,None
10,Vessel 3,10,Evac Area 4 Dock,Safe Area 3 Marina,249.0,267.0,267.0,270.0,25.0,12,Evac Area 4
11,Vessel 3,11,Safe Area 3 Marina,Evac Area 4 Dock,270.0,288.0,288.0,291.0,25.0,0,None
12,Vessel 3,12,Evac Area 4 Dock,Safe Area 3 Marina,291.0,309.0,309.0,312.0,25.0,12,Evac Area 4
13,Vessel 3,13,Safe Area 3 Marina,Evac Area 4 Dock,312.0,330.0,330.0,333.0,25.0,0,None
14,Vessel 3,14,Evac Area 4 Dock,Safe Area 3 Marina,333.0,351.0,351.0,354.0,25.0,12,Evac Area 4
15,Vessel 3,15,Safe Area 3 Marina,Evac Area 4 Dock,354.0,372.0,372.0,375.0,25.0,0,None
16,Vessel 3,16,Evac Area 4 Dock,Safe Area 3 Marina,375.0,393.0,393.0,396.0,25.0,12,Evac Area 4
17,Vessel 3,17,Safe Area 3 Marina,Evac Area 4 Dock,396.0,414.0,414.0,417.0,25.0,0,None
18,Vessel 3,18,Evac Area 4 Dock,Safe Area 3 Marina,417.0,435.0,435.0,438.0,25.0,12,Evac Area 4
19,Vessel 3,19,Safe Area 3 Marina,Evac Area 4 Dock,438.0,456.0,456.0,459.0,25.0,0,None
20,Vessel 3,20,Evac Area 4 Dock,Safe Area 3 Marina,459.0,477.0,477.0,480.0,25.0,12,Evac Area 4
21,Vessel 3,21,Safe Area 3 Marina,Evac Area 4 Dock,480.0,498.0,498.0,501.0,25.0,0,None
22,Vessel 3,22,Evac Area 4 Dock,Safe Area 3 Marina,501.0,519.0,519.0,522.0,25.0,12,Evac Area 4
23,Vessel 3,23,Safe Area 3 Marina,Evac Area 4 Dock,522.0,540.0,540.0,543.0,25.0,0,None
24,Vessel 3,24,Evac Area 4 Dock,Safe Area 3 Marina,543.0,561.0,561.0,564.0,25.0,12,Evac Area 4
25,Vessel 3,25,Safe Area 3 Marina,Evac Area 4 Dock,564.0,582.0,582.0,585.0,25.0,0,None
26,Vessel 3,26,Evac Area 4 Dock,Safe Area 3 Marina,585.0,603.0,603.0,606.0,25.0,12,Evac Area 4
1,Vessel 4,1,Safe Area 3 Marina,Evac Area 4 Dock,42.8,60.8,60.8,65.8,25.0,0,None
2,Vessel 4,2,Evac Area 4 Dock,Safe Area 3 Marina,65.8,83.8,83.8,88.8,25.0,38,Evac Area 4
3,Vessel 4,3,Safe Area 3 Marina,Evac Area 4 Dock,88.8,106.8,106.8,111.8,25.0,0,None
4,Vessel 4,4,Evac Area 4 Dock,Safe Area 3 Marina,111.8,129.8,129.8,134.8,25.0,38,Evac Area 4
5,Vessel 4,5,Safe Area 3 Marina,Evac Area 4 Dock,134.8,152.8,152.8,157.8,25.0,0,None
6,Vessel 4,6,Evac Area 4 Dock,Safe Area 3 Marina,157.8,175.8,175.8,180.8,25.0,38,Evac Area 4
7,Vessel 4,7,Safe Area 3 Marina,Evac Area 4 Dock,180.8,198.8,198.8,203.8,25.0,0,None
8,Vessel 4,8,Evac Area 4 Dock,Safe Area 3 Marina,203.8,221.8,221.8,226.8,25.0,38,Evac Area 4
9,Vessel 4,9,Safe Area 3 Marina,Evac Area 4 Dock,226.8,244.8,244.8,249.8,25.0,0,None
10,Vessel 4,10,Evac Area 4 Dock,Safe Area 3 Marina,249.8,267.8,267.8,272.8,25.0,38,Evac Area 4
11,Vessel 4,11,Safe Area 3 Marina,Evac Area 4 Dock,272.8,290.8,290.8,295.8,25.0,0,None
12,Vessel 4,12,Evac Area 4 Dock,Safe Area 3 Marina,295.8,313.8,313.8,318.8,25.0,38,Evac Area 4
13,Vessel 4,13,Safe Area 3 Marina,Evac Area 4 Dock,318.8,336.8,336.8,341.8,25.0,0,None
14,Vessel 4,14,Evac Area 4 Dock,Safe Area 3 Marina,341.8,359.8,359.8,364.8,25.0,38,Evac Area 4
15,Vessel 4,15,Safe Area 3 Marina,Evac Area 4 Dock,364.8,382.8,382.8,387.8,25.0,0,None
16,Vessel 4,16,Evac Area 4 Dock,Safe Area 3 Marina,387.8,405.8,405.8,410.8,25.0,38,Evac Area 4
17,Vessel 4,17,Safe Area 3 Marina,Evac Area 4 Dock,410.8,428.8,428.8,433.8,25.0,0,None
18,Vessel 4,18,Evac Area 4 Dock,Safe Area 3 Marina,433.8,451.8,451.8,456.8,25.0,38,Evac Area 4
19,Vessel 4,19,Safe Area 3 Marina,Evac Area 4 Dock,456.8,474.8,474.8,479.8,25.0,0,None
20,Vessel 4,20,Evac Area 4 Dock,Safe Area 3 Marina,479.8,497.8,497.8,502.8,25.0,38,Evac Area 4
21,Vessel 4,21,Safe Area 3 Marina,Evac Area 4 Dock,502.8,520.8,520.8,525.8,25.0,0,None
22,Vessel 4,22,Evac Area 4 Dock,Safe Area 3 Marina,525.8,543.8,543.8,548.8,25.0,38,Evac Area 4
23,Vessel 4,23,Safe Area 3 Marina,Evac Area 4 Dock,548.8,566.8,566.8,571.8,25.0,0,None
24,Vessel 4,24,Evac Area 4 Dock,Safe Area 3 Marina,571.8,589.8,589.8,594.8,25.0,38,Evac Area 4
25,Vessel 4,25,Safe Area 3 Marina,Evac Area 4 Dock,594.8,612.8,612.8,617.8,25.0,0,None
26,Vessel 4,26,Evac Area 4 Dock,Safe Area 3 Marina,617.8,635.8,635.8,640.8,25.0,38,Evac Area 4
1,Vessel 5,1,Safe Area 3 Marina,Evac Area 4 Dock,81.66666666666667,106.66666666666667,106.66666666666667,116.66666666666667,18.0,0,None
2,Vessel 5,2,Evac Area 4 Dock,Safe Area 3 Marina,116.66666666666667,141.66666666666669,141.66666666666669,151.66666666666669,18.0,120,Evac Area 4
3,Vessel 5,3,Safe Area 3 Marina,Evac Area 4 Dock,151.66666666666669,176.66666666666669,176.66666666666669,186.66666666666669,18.0,0,None
4,Vessel 5,4,Evac Area 4 Dock,Safe Area 3 Marina,186.66666666666669,211.66666666666669,211.66666666666669,221.66666666666669,18.0,120,Evac Area 4
5,Vessel 5,5,Safe Area 3 Marina,Evac Area 4 Dock,221.66666666666669,246.66666666666669,246.66666666666669,256.6666666666667,18.0,0,None
6,Vessel 5,6,Evac Area 4 Dock,Safe Area 3 Marina,256.6666666666667,281.6666666666667,281.6666666666667,291.6666666666667,18.0,120,Evac Area 4
7,Vessel 5,7,Safe Area 3 Marina,Evac Area 4 Dock,291.6666666666667,316.6666666666667,316.6666666666667,326.6666666666667,18.0,0,None
8,Vessel 5,8,Evac Area 4 Dock,Safe Area 3 Marina,326.6666666666667,351.6666666666667,351.6666666666667,361.6666666666667,18.0,120,Evac Area 4
9,Vessel 5,9,Safe Area 3 Marina,Evac Area 4 Dock,361.6666666666667,386.6666666666667,386.6666666666667,396.6666666666667,18.0,0,None
10,Vessel 5,10,Evac Area 4 Dock,Safe Area 3 Marina,396.6666666666667,421.6666666666667,421.6666666666667,431.6666666666667,18.0,120,Evac Area 4
11,Vessel 5,11,Safe Area 3 Marina,Evac Area 4 Dock,431.6666666666667,456.6666666666667,456.6666666666667,466.6666666666667,18.0,0,None
12,Vessel 5,12,Evac Area 4 Dock,Safe Area 3 Marina,466.6666666666667,491.6666666666667,491.6666666666667,501.6666666666667,18.0,120,Evac Area 4
13,Vessel 5,13,Safe Area 3 Marina,Evac Area 4 Dock,501.6666666666667,526.6666666666667,526.6666666666667,536.6666666666667,18.0,0,None
14,Vessel 5,14,Evac Area 4 Dock,Safe Area 3 Marina,536.6666666666667,561.6666666666667,561.6666666666667,571.6666666666667,18.0,120,Evac Area 4
15,Vessel 5,15,Safe Area 3 Marina,Evac Area 4 Dock,571.6666666666667,596.6666666666667,596.6666666666667,606.6666666666667,18.0,0,None
16,Vessel 5,16,Evac Area 4 Dock,Safe Area 3 Marina,606.6666666666667,631.6666666666667,631.6666666666667,641.6666666666667,18.0,120,Evac Area 4
1,Vessel 6,1,Safe Area 3 Marina,Evac Area 4 Dock,75.6,93.6,93.6,96.6,25.0,0,None
2,Vessel 6,2,Evac Area 4 Dock,Safe Area 3 Marina,96.6,114.6,114.6,117.6,25.0,12,Evac Area 4
3,Vessel 6,3,Safe Area 3 Marina,Evac Area 4 Dock,117.6,135.6,135.6,138.6,25.0,0,None
4,Vessel 6,4,Evac Area 4 Dock,Safe Area 3 Marina,138.6,156.6,156.6,159.6,25.0,12,Evac Area 4
5,Vessel 6,5,Safe Area 3 Marina,Evac Area 4 Dock,159.6,177.6,177.6,180.6,25.0,0,None
6,Vessel 6,6,Evac Area 4 Dock,Safe Area 3 Marina,180.6,198.6,198.6,201.6,25.0,12,Evac Area 4
7,Vessel 6,7,Safe Area 3 Marina,Evac Area 4 Dock,201.6,219.6,219.6,222.6,25.0,0,None
8,Vessel 6,8,Evac Area 4 Dock,Safe Area 3 Marina,222.6,240.6,240.6,243.6,25.0,12,Evac Area 4
9,Vessel 6,9,Safe Area 3 Marina,Evac Area 4 Dock,243.6,261.6,261.6,264.6,25.0,0,None
10,Vessel 6,10,Evac Area 4 Dock,Safe Area 3 Marina,264.6,282.6,282.6,285.6,25.0,12,Evac Area 4
11,Vessel 6,11,Safe Area 3 Marina,Evac Area 4 Dock,285.6,303.6,303.6,306.6,25.0,0,None
12,Vessel 6,12,Evac Area 4 Dock,Safe Area 3 Marina,306.6,324.6,324.6,327.6,25.0,12,Evac Area 4
13,Vessel 6,13,Safe Area 3 Marina,Evac Area 4 Dock,327.6,345.6,345.6,348.6,25.0,0,None
14,Vessel 6,14,Evac Area 4 Dock,Safe Area 3 Marina,348.6,366.6,366.6,369.6,25.0,10,Evac Area 4
15,Vessel 6,15,Safe Area 3 Marina,Evac Area 4 Dock,369.6,387.6,387.6,390.6,25.0,0,None
16,Vessel 6,16,Evac Area 4 Dock,Safe Area 3 Marina,390.6,408.6,408.6,411.6,25.0,12,Evac Area 4
17,Vessel 6,17,Safe Area 3 Marina,Evac Area 4 Dock,411.6,429.6,429.6,432.6,25.0,0,None
18,Vessel 6,18,Evac Area 4 Dock,Safe Area 3 Marina,432.6,450.6,450.6,453.6,25.0,12,Evac Area 4
19,Vessel 6,19,Safe Area 3 Marina,Evac Area 4 Dock,453.6,471.6,471.6,474.6,25.0,0,None
20,Vessel 6,20,Evac Area 4 Dock,Safe Area 3 Marina,474.6,492.6,492.6,495.6,25.0,12,Evac Area 4
21,Vessel 6,21,Safe Area 3 Marina,Evac Area 4 Dock,495.6,513.6,513.6,516.6,25.0,0,None
22,Vessel 6,22,Evac Area 4 Dock,Safe Area 3 Marina,516.6,534.6,534.6,537.6,25.0,12,Evac Area 4
23,Vessel 6,23,Safe Area 3 Marina,Evac Area 4 Beach,537.6,555.6,555.6,558.6,25.0,0,None
24,Vessel 6,24,Evac Area 4 Beach,Safe Area 3 Marina,558.6,576.6,576.6,579.6,25.0,12,Evac Area 4
25,Vessel 6,25,Safe Area 3 Marina,Evac Area 4 Dock,579.6,597.6,597.6,600.6,25.0,0,None
26,Vessel 6,26,Evac Area 4 Dock,Safe Area 3 Marina,600.6,618.6,618.6,621.6,25.0,12,Evac Area 4
