segment_id,resource_id,route_segment_id,origin,destination,route_start_time,route_end_time,load_start_time,load_end_time,resource_speed,evacuees,evacuated_location
1,Vessel 1,1,Safe Area 1 Terminal,Evac Area 1 Ferry Terminal,15.0,29.0,29.0,39.0,12.0,0,None
2,Vessel 1,2,Evac Area 1 Ferry Terminal,Safe Area 1 Terminal,39.0,53.0,53.0,63.0,12.0,108,Evac Area 1
1,Vessel 1,1,Safe Area 1 Terminal,Evac Area 1 Ferry Terminal,63.0,77.0,77.0,87.0,12.0,0,None
2,Vessel 1,2,Evac Area 1 Ferry Terminal,Safe Area 1 Terminal,87.0,101.0,101.0,111.0,12.0,124,Evac Area 1
1,Vessel 2,1,Safe Area 2 Harbor,Evac Area 4 Dock,10.0,28.239999999999995,28.239999999999995,31.239999999999995,25.0,0,None
2,Vessel 2,2,Evac Area 4 Dock,Safe Area 3 Marina,31.239999999999995,49.24,49.24,52.24,25.0,12,Evac Area 4
1,Vessel 2,1,Safe Area 3 Marina,Evac Area 4 Beach,52.24,70.24000000000001,70.24000000000001,73.24000000000001,25.0,0,None
2,Vessel 2,2,Evac Area 4 Beach,Safe Area 3 Marina,73.24000000000001,91.24,91.24,94.24,25.0,12,Evac Area 4
1,Vessel 2,1,Safe Area 3 Marina,Evac Area 3 Dock,94.24,105.04,105.04,108.04,25.0,0,None
2,Vessel 2,2,Evac Area 3 Dock,Safe Area 2 Harbor,108.04,127.24,127.24,130.24,25.0,12,Evac Area 3
1,Vessel 3,1,Safe Area 3 Marina,Evac Area 4 Beach,60.0,78.0,78.0,81.0,25.0,0,None
2,Vessel 3,2,Evac Area 4 Beach,Safe Area 2 Harbor,81.0,99.24,99.24,102.24,25.0,12,Evac Area 4
1,Vessel 3,1,Safe Area 2 Harbor,Evac Area 3 Dock,102.24,121.44,121.44,124.44,25.0,0,None
2,Vessel 3,2,Evac Area 3 Dock,Safe Area 3 Marina,124.44,135.24,135.24,138.24,25.0,8,Evac Area 3
1,Vessel 4,1,Safe Area 1 Terminal,Evac Area 3 Dock,10.0,22.0,22.0,27.0,25.0,0,None
2,Vessel 4,2,Evac Area 3 Dock,Safe Area 3 Marina,27.0,37.8,37.8,42.8,25.0,38,Evac Area 3
1,Vessel 4,1,Safe Area 3 Marina,Evac Area 4 Dock,42.8,60.8,60.8,65.8,25.0,0,None
2,Vessel 4,2,Evac Area 4 Dock,Safe Area 3 Marina,65.8,83.8,83.8,88.8,25.0,38,Evac Area 4
1,Vessel 4,1,Safe Area 3 Marina,Evac Area 3 Dock,88.8,99.6,99.6,104.6,25.0,0,None
2,Vessel 4,2,Evac Area 3 Dock,Safe Area 2 Harbor,104.6,123.8,123.8,128.8,25.0,31,Evac Area 3
1,Vessel 5,1,Safe Area 1 Terminal,Evac Area 3 Dock,30.0,46.66666666666667,46.66666666666667,56.66666666666667,18.0,0,None
2,Vessel 5,2,Evac Area 3 Dock,Safe Area 3 Marina,56.66666666666667,71.66666666666667,71.66666666666667,81.66666666666667,18.0,120,Evac Area 3
1,Vessel 6,1,Safe Area 1 Terminal,Evac Area 4 Dock,30.0,51.6,51.6,54.6,25.0,0,None
2,Vessel 6,2,Evac Area 4 Dock,Safe Area 3 Marina,54.6,72.6,72.6,75.6,25.0,2,Evac Area 4
1,Vessel 6,1,Safe Area 3 Marina,Evac Area 3 Dock,75.6,86.39999999999999,86.39999999999999,89.39999999999999,25.0,0,None
2,Vessel 6,2,Evac Area 3 Dock,Safe Area 3 Marina,89.39999999999999,100.2,100.2,103.2,25.0,12,Evac Area 3
1,Vessel 6,1,Safe Area 3 Marina,Evac Area 3 Dock,103.2,114.0,114.0,117.0,25.0,0,None
2,Vessel 6,2,Evac Area 3 Dock,Safe Area 3 Marina,117.0,127.8,127.8,130.8,25.0,12,Evac Area 3
1,Vessel 1,1,Safe Area 1 Terminal,Evac Area 1 Ferry Terminal,111.0,125.0,125.0,135.0,12.0,0,None
2,Vessel 1,2,Evac Area 1 Ferry Terminal,Safe Area 1 Terminal,135.0,149.0,149.0,159.0,12.0,24,Evac Area 1
1,Vessel 2,1,Safe Area 2 Harbor,Evac Area 3 Dock,130.24,149.44,149.44,152.44,25.0,0,None
2,Vessel 2,2,Evac Area 3 Dock,Safe Area 2 Harbor,152.44,171.64000000000001,171.64000000000001,174.64000000000001,25.0,12,Evac Area 3
3,Vessel 2,3,Safe Area 2 Harbor,Evac Area 3 Dock,174.64000000000001,193.84000000000003,193.84000000000003,196.84000000000003,25.0,0,None
4,Vessel 2,4,Evac Area 3 Dock,Safe Area 3 Marina,196.84000000000003,207.64000000000001,207.64000000000001,210.64000000000001,25.0,12,Evac Area 3
1,Vessel 3,1,Safe Area 3 Marina,Evac Area 3 Dock,138.24,149.04000000000002,149.04000000000002,152.04000000000002,25.0,0,None
2,Vessel 3,2,Evac Area 3 Dock,Safe Area 3 Marina,152.04000000000002,162.84,162.84,165.84,25.0,12,Evac Area 3
3,Vessel 3,3,Safe Area 3 Marina,Evac Area 3 Dock,165.84,176.64,176.64,179.64,25.0,0,None
4,Vessel 3,4,Evac Area 3 Dock,Safe Area 3 Marina,179.64,190.44,190.44,193.44,25.0,1,Evac Area 3
1,Vessel 4,1,Safe Area 2 Harbor,Evac Area 3 Dock,128.8,148.0,148.0,153.0,25.0,0,None
2,Vessel 4,2,Evac Area 3 Dock,Safe Area 1 Terminal,153.0,165.0,165.0,170.0,25.0,38,Evac Area 3
3,Vessel 4,3,Safe Area 1 Terminal,Evac Area 3 Dock,170.0,182.0,182.0,187.0,25.0,0,None
4,Vessel 4,4,Evac Area 3 Dock,Safe Area 1 Terminal,187.0,199.0,199.0,204.0,25.0,38,Evac Area 3
1,Vessel 5,1,Safe Area 3 Marina,Evac Area 4 Dock,105.0,130.0,130.0,140.0,18.0,0,None
2,Vessel 5,2,Evac Area 4 Dock,Safe Area 3 Marina,140.0,165.0,165.0,175.0,18.0,100,Evac Area 4
1,Vessel 6,1,Safe Area 3 Marina,Evac Area 3 Dock,130.8,141.60000000000002,141.60000000000002,144.60000000000002,25.0,0,None
2,Vessel 6,2,Evac Area 3 Dock,Safe Area 3 Marina,144.60000000000002,155.4,155.4,158.4,25.0,12,Evac Area 3
3,Vessel 6,3,Safe Area 3 Marina,Evac Area 3 Dock,158.4,169.2,169.2,172.2,25.0,0,None
4,Vessel 6,4,Evac Area 3 Dock,Safe Area 3 Marina,172.2,183.0,183.0,186.0,25.0,12,Evac Area 3
5,Vessel 6,5,Safe Area 3 Marina,Evac Area 3 Dock,186.0,196.8,196.8,199.8,25.0,0,None
6,Vessel 6,6,Evac Area 3 Dock,Safe Area 3 Marina,199.8,210.6,210.6,213.6,25.0,12,Evac Area 3
