segment_id,resource_id,route_segment_id,origin,destination,route_start_time,route_end_time,load_start_time,load_end_time,resource_speed,evacuees,evacuated_location
1,Vessel 1,1,Safe Area 1 Terminal,Evac Area 1 Ferry Terminal,15.0,29.0,29.0,39.0,12.0,0,None
2,Vessel 1,2,Evac Area 1 Ferry Terminal,Safe Area 1 Terminal,39.0,53.0,53.0,63.0,12.0,108,Evac Area 1
1,Vessel 2,1,Safe Area 2 Harbor,Evac Area 4 Dock,10.0,28.24,28.24,31.24,25.0,0,None
2,Vessel 2,2,Evac Area 4 Dock,Safe Area 3 Marina,31.24,49.24,49.24,52.24,25.0,12,Evac Area 4
1,Vessel 2,1,Safe Area 3 Marina,Evac Area 4 Beach,52.24,70.24000000000001,70.24000000000001,73.24000000000001,25.0,0,None
2,Vessel 2,2,Evac Area 4 Beach,Safe Area 3 Marina,73.24000000000001,91.24,91.24,94.24,25.0,12,Evac Area 4
1,Vessel 3,1,Safe Area 3 Marina,Evac Area 4 Beach,60.0,78.0,78.0,81.0,25.0,0,None
2,Vessel 3,2,Evac Area 4 Beach,Safe Area 2 Harbor,81.0,99.24,99.24,102.24,25.0,12,Evac Area 4
1,Vessel 4,1,Safe Area 1 Terminal,Evac Area 3 Dock,10.0,22.0,22.0,27.0,25.0,0,None
2,Vessel 4,2,Evac Area 3 Dock,Safe Area 3 Marina,27.0,37.8,37.8,42.8,25.0,38,Evac Area 3
1,Vessel 4,1,Safe Area 3 Marina,Evac Area 4 Dock,42.8,60.8,60.8,65.8,25.0,0,None
2,Vessel 4,2,Evac Area 4 Dock,Safe Area 3 Marina,65.8,83.8,83.8,88.8,25.0,38,Evac Area 4
1,Vessel 5,1,Safe Area 1 Terminal,Evac Area 3 Dock,30.0,46.66666666666667,46.66666666666667,56.66666666666667,18.0,0,None
2,Vessel 5,2,Evac Area 3 Dock,Safe Area 3 Marina,56.66666666666667,71.66666666666667,71.66666666666667,81.66666666666667,18.0,120,Evac Area 3
1,Vessel 6,1,Safe Area 1 Terminal,Evac Area 4 Dock,30.0,51.6,51.6,54.6,25.0,0,None
2,Vessel 6,2,Evac Area 4 Dock,Safe Area 3 Marina,54.6,72.6,72.6,75.6,25.0,2,Evac Area 4
1,Vessel 1,1,Safe Area 1 Terminal,Evac Area 1 Ferry Terminal,63.0,77.0,77.0,87.0,12.0,0,None
2,Vessel 1,2,Evac Area 1 Ferry Terminal,Safe Area 1 Terminal,87.0,101.0,101.0,111.0,12.0,124,Evac Area 1
1,Vessel 2,1,Safe Area 3 Marina,Evac Area 4 Dock,94.24,112.24,112.24,115.24,25.0,0,None
2,Vessel 2,2,Evac Area 4 Dock,Safe Area 3 Marina,115.24,133.24,133.24,136.24,25.0,12,Evac Area 4
3,Vessel 2,3,Safe Area 3 Marina,Evac Area 4 Dock,136.24,154.24,154.24,157.24,25.0,0,None
4,Vessel 2,4,Evac Area 4 Dock,Safe Area 3 Marina,157.24,175.24,175.24,178.24,25.0,12,Evac Area 4
5,Vessel 2,5,Safe Area 3 Marina,Evac Area 4 Dock,178.24,196.24,196.24,199.24,25.0,0,None
6,Vessel 2,6,Evac Area 4 Dock,Safe Area 3 Marina,199.24,217.24,217.24,220.24,25.0,12,Evac Area 4
7,Vessel 2,7,Safe Area 3 Marina,Evac Area 4 Beach,220.24,238.24,238.24,241.24,25.0,0,None
8,Vessel 2,8,Evac Area 4 Beach,Safe Area 3 Marina,241.24,259.24,259.24,262.24,25.0,12,Evac Area 4
9,Vessel 2,9,Safe Area 3 Marina,Evac Area 4 Dock,262.24,280.24,280.24,283.24,25.0,0,None
10,Vessel 2,10,Evac Area 4 Dock,Safe Area 3 Marina,283.24,301.24,301.24,304.24,25.0,12,Evac Area 4
11,Vessel 2,11,Safe Area 3 Marina,Evac Area 4 Beach,304.24,322.24,322.24,325.24,25.0,0,None
12,Vessel 2,12,Evac Area 4 Beach,Safe Area 3 Marina,325.24,343.24,343.24,346.24,25.0,12,Evac Area 4
13,Vessel 2,13,Safe Area 3 Marina,Evac Area 4 Beach,346.24,364.24,364.24,367.24,25.0,0,None
14,Vessel 2,14,Evac Area 4 Beach,Safe Area 3 Marina,367.24,385.24,385.24,388.24,25.0,12,Evac Area 4
1,Vessel 3,1,Safe Area 2 Harbor,Evac Area 4 Beach,102.24,120.47999999999999,120.47999999999999,123.47999999999999,25.0,0,None
2,Vessel 3,2,Evac Area 4 Beach,Safe Area 3 Marina,123.47999999999999,141.48,141.48,144.48,25.0,12,Evac Area 4
3,Vessel 3,3,Safe Area 3 Marina,Evac Area 4 Beach,144.48,162.48,162.48,165.48,25.0,0,None
4,Vessel 3,4,Evac Area 4 Beach,Safe Area 3 Marina,165.48,183.48,183.48,186.48,25.0,12,Evac Area 4
5,Vessel 3,5,Safe Area 3 Marina,Evac Area 4 Dock,186.48,204.48,204.48,207.48,25.0,0,None
6,Vessel 3,6,Evac Area 4 Dock,Safe Area 3 Marina,207.48,225.48,225.48,228.48,25.0,12,Evac Area 4
7,Vessel 3,7,Safe Area 3 Marina,Evac Area 4 Beach,228.48,246.48,246.48,249.48,25.0,0,None
8,Vessel 3,8,Evac Area 4 Beach,Safe Area 3 Marina,249.48,267.48,267.48,270.48,25.0,12,Evac Area 4
9,Vessel 3,9,Safe Area 3 Marina,Evac Area 4 Dock,270.48,288.48,288.48,291.48,25.0,0,None
10,Vessel 3,10,Evac Area 4 Dock,Safe Area 3 Marina,291.48,309.48,309.48,312.48,25.0,12,Evac Area 4
11,Vessel 3,11,Safe Area 3 Marina,Evac Area 4 Beach,312.48,330.48,330.48,333.48,25.0,0,None
12,Vessel 3,12,Evac Area 4 Beach,Safe Area 3 Marina,333.48,351.48,351.48,354.48,25.0,12,Evac Area 4
13,Vessel 3,13,Safe Area 3 Marina,Evac Area 3 Dock,354.48,365.28000000000003,365.28000000000003,368.28000000000003,25.0,0,None
14,Vessel 3,14,Evac Area 3 Dock,Safe Area 3 Marina,368.28000000000003,379.08000000000004,379.08000000000004,382.08000000000004,25.0,12,Evac Area 3
1,Vessel 4,1,Safe Area 3 Marina,Evac Area 3 Dock,88.8,99.6,99.6,104.6,25.0,0,None
2,Vessel 4,2,Evac Area 3 Dock,Safe Area 3 Marina,104.6,115.39999999999999,115.39999999999999,120.39999999999999,25.0,38,Evac Area 3
3,Vessel 4,3,Safe Area 3 Marina,Evac Area 4 Dock,120.39999999999999,138.39999999999998,138.39999999999998,143.39999999999998,25.0,0,None
4,Vessel 4,4,Evac Area 4 Dock,Safe Area 3 Marina,143.39999999999998,161.39999999999998,161.39999999999998,166.39999999999998,25.0,38,Evac Area 4
5,Vessel 4,5,Safe Area 3 Marina,Evac Area 4 Dock,166.39999999999998,184.39999999999998,184.39999999999998,189.39999999999998,25.0,0,None
6,Vessel 4,6,Evac Area 4 Dock,Safe Area 3 Marina,189.39999999999998,207.39999999999998,207.39999999999998,212.39999999999998,25.0,38,Evac Area 4
7,Vessel 4,7,Safe Area 3 Marina,Evac Area 4 Dock,212.39999999999998,230.39999999999998,230.39999999999998,235.39999999999998,25.0,0,None
8,Vessel 4,8,Evac Area 4 Dock,Safe Area 3 Marina,235.39999999999998,253.39999999999998,253.39999999999998,258.4,25.0,38,Evac Area 4
9,Vessel 4,9,Safe Area 3 Marina,Evac Area 3 Dock,258.4,269.2,269.2,274.2,25.0,0,None
10,Vessel 4,10,Evac Area 3 Dock,Safe Area 3 Marina,274.2,285.0,285.0,290.0,25.0,38,Evac Area 3
11,Vessel 4,11,Safe Area 3 Marina,Evac Area 4 Dock,290.0,308.0,308.0,313.0,25.0,0,None
12,Vessel 4,12,Evac Area 4 Dock,Safe Area 3 Marina,313.0,331.0,331.0,336.0,25.0,38,Evac Area 4
13,Vessel 4,13,Safe Area 3 Marina,Evac Area 3 Dock,336.0,346.8,346.8,351.8,25.0,0,None
14,Vessel 4,14,Evac Area 3 Dock,Safe Area 3 Marina,351.8,362.6,362.6,367.6,25.0,38,Evac Area 3
15,Vessel 4,15,Safe Area 3 Marina,Evac Area 3 Dock,367.6,378.40000000000003,378.40000000000003,383.40000000000003,25.0,0,None
16,Vessel 4,16,Evac Area 3 Dock,Safe Area 3 Marina,383.40000000000003,394.20000000000005,394.20000000000005,399.20000000000005,25.0,38,Evac Area 3
1,Vessel 5,1,Safe Area 3 Marina,Evac Area 4 Dock,81.66666666666667,106.66666666666667,106.66666666666667,116.66666666666667,18.0,0,None
2,Vessel 5,2,Evac Area 4 Dock,Safe Area 2 Harbor,116.66666666666667,142.0,142.0,152.0,18.0,120,Evac Area 4
3,Vessel 5,3,Safe Area 2 Harbor,Evac Area 4 Dock,152.0,177.33333333333331,177.33333333333331,187.33333333333331,18.0,0,None
4,Vessel 5,4,Evac Area 4 Dock,Safe Area 2 Harbor,187.33333333333331,212.66666666666666,212.66666666666666,222.66666666666666,18.0,120,Evac Area 4
5,Vessel 5,5,Safe Area 2 Harbor,Evac Area 4 Dock,222.66666666666666,248.0,248.0,258.0,18.0,0,None
6,Vessel 5,6,Evac Area 4 Dock,Safe Area 3 Marina,258.0,283.0,283.0,293.0,18.0,120,Evac Area 4
7,Vessel 5,7,Safe Area 3 Marina,Evac Area 4 Dock,293.0,318.0,318.0,328.0,18.0,0,None
8,Vessel 5,8,Evac Area 4 Dock,Safe Area 3 Marina,328.0,353.0,353.0,363.0,18.0,120,Evac Area 4
1,Vessel 6,1,Safe Area 3 Marina,Evac Area 4 Dock,75.6,93.6,93.6,96.6,25.0,0,None
2,Vessel 6,2,Evac Area 4 Dock,Safe Area 3 Marina,96.6,114.6,114.6,117.6,25.0,12,Evac Area 4
3,Vessel 6,3,Safe Area 3 Marina,Evac Area 4 Beach,117.6,135.6,135.6,138.6,25.0,0,None
4,Vessel 6,4,Evac Area 4 Beach,Safe Area 3 Marina,138.6,156.6,156.6,159.6,25.0,12,Evac Area 4
5,Vessel 6,5,Safe Area 3 Marina,Evac Area 3 Dock,159.6,170.39999999999998,170.39999999999998,173.39999999999998,25.0,0,None
6,Vessel 6,6,Evac Area 3 Dock,Safe Area 3 Marina,173.39999999999998,184.2,184.2,187.2,25.0,10,Evac Area 3
7,Vessel 6,7,Safe Area 3 Marina,Evac Area 4 Beach,187.2,205.2,205.2,208.2,25.0,0,None
8,Vessel 6,8,Evac Area 4 Beach,Safe Area 3 Marina,208.2,226.2,226.2,229.2,25.0,12,Evac Area 4
9,Vessel 6,9,Safe Area 3 Marina,Evac Area 4 Dock,229.2,247.2,247.2,250.2,25.0,0,None
10,Vessel 6,10,Evac Area 4 Dock,Safe Area 3 Marina,250.2,268.2,268.2,271.2,25.0,12,Evac Area 4
11,Vessel 6,11,Safe Area 3 Marina,Evac Area 4 Dock,271.2,289.2,289.2,292.2,25.0,0,None
12,Vessel 6,12,Evac Area 4 Dock,Safe Area 3 Marina,292.2,310.2,310.2,313.2,25.0,12,Evac Area 4
13,Vessel 6,13,Safe Area 3 Marina,Evac Area 4 Dock,313.2,331.2,331.2,334.2,25.0,0,None
14,Vessel 6,14,Evac Area 4 Dock,Safe Area 3 Marina,334.2,352.2,352.2,355.2,25.0,12,Evac Area 4
15,Vessel 6,15,Safe Area 3 Marina,Evac Area 4 Dock,355.2,373.2,373.2,376.2,25.0,0,None
16,Vessel 6,16,Evac Area 4 Dock,Safe Area 2 Harbor,376.2,394.44,394.44,397.44,25.0,5,Evac Area 4
