segment_id,resource_id,route_segment_id,origin,destination,route_start_time,route_end_time,load_start_time,load_end_time,resource_speed,evacuees,evacuated_location
1,Vessel 1,1,Safe Area 1 Terminal,Evac Area 1 Ferry Terminal,10.0,24.0,24.0,34.0,12.0,0,None
2,Vessel 1,2,Evac Area 1 Ferry Terminal,Safe Area 1 Terminal,34.0,48.0,48.0,58.0,12.0,28,Evac Area 1
1,Vessel 1,1,Safe Area 1 Terminal,Evac Area 1 Ferry Terminal,60.0,74.0,74.0,84.0,12.0,0,None
2,Vessel 1,2,Evac Area 1 Ferry Terminal,Safe Area 1 Terminal,84.0,98.0,98.0,108.0,12.0,23,Evac Area 1
1,Vessel 2,1,Safe Area 2 Harbor,Evac Area 2 Marina,10.0,22.0,22.0,25.0,25.0,0,None
2,Vessel 2,2,Evac Area 2 Marina,Safe Area 2 Harbor,25.0,37.0,37.0,40.0,25.0,12,Evac Area 2
3,Vessel 2,3,Safe Area 2 Harbor,Evac Area 2 Marina,40.0,52.0,52.0,55.0,25.0,0,None
4,Vessel 2,4,Evac Area 2 Marina,Safe Area 2 Harbor,55.0,67.0,67.0,70.0,25.0,12,Evac Area 2
1,Vessel 2,1,Safe Area 2 Harbor,Evac Area 4 Dock,70.0,88.24,88.24,91.24,25.0,0,None
2,Vessel 2,2,Evac Area 4 Dock,Safe Area 3 Marina,91.24,109.24,109.24,112.24,25.0,12,Evac Area 4
3,Vessel 2,3,Safe Area 3 Marina,Evac Area 3 Dock,112.24,123.04,123.04,126.04,25.0,0,None
4,Vessel 2,4,Evac Area 3 Dock,Safe Area 3 Marina,126.04,136.83999999999995,136.83999999999995,139.83999999999995,25.0,12,Evac Area 3
1,Vessel 2,1,Safe Area 3 Marina,Evac Area 2 Marina,139.83999999999995,156.63999999999993,156.63999999999993,159.63999999999993,25.0,0,None
2,Vessel 2,2,Evac Area 2 Marina,Safe Area 2 Harbor,159.63999999999993,171.63999999999993,171.63999999999993,174.63999999999993,25.0,12,Evac Area 2
3,Vessel 2,3,Safe Area 2 Harbor,Evac Area 2 Marina,174.63999999999993,186.63999999999996,186.63999999999996,189.63999999999996,25.0,0,None
4,Vessel 2,4,Evac Area 2 Marina,Safe Area 2 Harbor,189.63999999999996,201.63999999999996,201.63999999999996,204.63999999999996,25.0,12,Evac Area 2
1,Vessel 3,1,Safe Area 3 Marina,Evac Area 4 Beach,60.0,78.0,78.0,81.0,25.0,0,None
2,Vessel 3,2,Evac Area 4 Beach,Safe Area 3 Marina,81.0,99.0,99.0,102.0,25.0,12,Evac Area 4
1,Vessel 3,1,Safe Area 3 Marina,Evac Area 4 Dock,102.0,120.0,120.0,123.0,25.0,0,None
2,Vessel 3,2,Evac Area 4 Dock,Safe Area 2 Harbor,123.0,141.24,141.24,144.24,25.0,12,Evac Area 4
1,Vessel 3,1,Safe Area 2 Harbor,Evac Area 2 Marina,144.24,156.24,156.24,159.24,25.0,0,None
2,Vessel 3,2,Evac Area 2 Marina,Safe Area 2 Harbor,159.24,171.24,171.24,174.24,25.0,12,Evac Area 2
3,Vessel 3,3,Safe Area 2 Harbor,Evac Area 2 Marina,174.24,186.24,186.24,189.24,25.0,0,None
4,Vessel 3,4,Evac Area 2 Marina,Safe Area 2 Harbor,189.24,201.24,201.24,204.24,25.0,12,Evac Area 2
1,Vessel 4,1,Safe Area 1 Terminal,Evac Area 3 Dock,10.0,22.0,22.0,27.0,25.0,0,None
2,Vessel 4,2,Evac Area 3 Dock,Safe Area 3 Marina,27.0,37.80000000000001,37.80000000000001,42.80000000000001,25.0,38,Evac Area 3
3,Vessel 4,3,Safe Area 3 Marina,Evac Area 3 Dock,42.80000000000001,53.599999999999994,53.599999999999994,58.599999999999994,25.0,0,None
4,Vessel 4,4,Evac Area 3 Dock,Safe Area 3 Marina,58.599999999999994,69.39999999999999,69.39999999999999,74.39999999999999,25.0,38,Evac Area 3
1,Vessel 4,1,Safe Area 3 Marina,Evac Area 4 Dock,74.39999999999999,92.4,92.4,97.4,25.0,0,None
2,Vessel 4,2,Evac Area 4 Dock,Safe Area 3 Marina,97.4,115.4,115.4,120.4,25.0,38,Evac Area 4
1,Vessel 4,1,Safe Area 3 Marina,Evac Area 2 Marina,120.4,137.20000000000002,137.20000000000002,142.20000000000002,25.0,0,None
2,Vessel 4,2,Evac Area 2 Marina,Safe Area 2 Harbor,142.20000000000002,154.2,154.2,159.2,25.0,38,Evac Area 2
3,Vessel 4,3,Safe Area 2 Harbor,Evac Area 2 Marina,159.2,171.2,171.2,176.2,25.0,0,None
4,Vessel 4,4,Evac Area 2 Marina,Safe Area 2 Harbor,176.2,188.2,188.2,193.2,25.0,38,Evac Area 2
1,Vessel 5,1,Safe Area 1 Terminal,Evac Area 3 Dock,30.0,46.666666666666686,46.666666666666686,56.66666666666667,18.0,0,None
2,Vessel 5,2,Evac Area 3 Dock,Safe Area 3 Marina,56.66666666666667,71.66666666666667,71.66666666666667,81.66666666666667,18.0,120,Evac Area 3
1,Vessel 5,1,Safe Area 3 Marina,Evac Area 4 Dock,81.66666666666667,106.66666666666669,106.66666666666669,116.66666666666669,18.0,0,None
2,Vessel 5,2,Evac Area 4 Dock,Safe Area 3 Marina,116.66666666666669,141.66666666666669,141.66666666666669,151.66666666666669,18.0,120,Evac Area 4
1,Vessel 5,1,Safe Area 3 Marina,Evac Area 2 Marina,151.66666666666669,175.0,175.0,185.0,18.0,0,None
2,Vessel 5,2,Evac Area 2 Marina,Safe Area 2 Harbor,185.0,201.66666666666669,201.66666666666669,211.66666666666669,18.0,120,Evac Area 2
1,Vessel 6,1,Safe Area 1 Terminal,Evac Area 3 Dock,30.0,42.0,42.0,45.0,25.0,0,None
2,Vessel 6,2,Evac Area 3 Dock,Safe Area 3 Marina,45.0,55.8,55.8,58.8,25.0,12,Evac Area 3
3,Vessel 6,3,Safe Area 3 Marina,Evac Area 4 Dock,58.8,76.8,76.8,79.8,25.0,0,None
4,Vessel 6,4,Evac Area 4 Dock,Safe Area 3 Marina,79.8,97.8,97.8,100.8,25.0,12,Evac Area 4
1,Vessel 6,1,Safe Area 3 Marina,Evac Area 4 Dock,100.8,118.8,118.8,121.8,25.0,0,None
2,Vessel 6,2,Evac Area 4 Dock,Safe Area 2 Harbor,121.8,140.04,140.04,143.04,25.0,12,Evac Area 4
1,Vessel 6,1,Safe Area 2 Harbor,Evac Area 2 Marina,143.04,155.04,155.04,158.04,25.0,0,None
2,Vessel 6,2,Evac Area 2 Marina,Safe Area 2 Harbor,158.04,170.04,170.04,173.04,25.0,12,Evac Area 2
3,Vessel 6,3,Safe Area 2 Harbor,Evac Area 2 Marina,173.04,185.04,185.04,188.04,25.0,0,None
4,Vessel 6,4,Evac Area 2 Marina,Safe Area 2 Harbor,188.04,200.04,200.04,203.04,25.0,12,Evac Area 2
1,Vessel 1,1,Safe Area 1 Terminal,Evac Area 1 Ferry Terminal,180.0,194.0,194.0,204.0,12.0,0,None
2,Vessel 1,2,Evac Area 1 Ferry Terminal,Safe Area 1 Terminal,204.0,218.0,218.0,228.0,12.0,62,Evac Area 1
1,Vessel 2,1,Safe Area 2 Harbor,Evac Area 2 Marina,204.63999999999996,216.63999999999996,216.63999999999996,219.63999999999996,25.0,0,None
2,Vessel 2,2,Evac Area 2 Marina,Safe Area 2 Harbor,219.63999999999996,231.63999999999996,231.63999999999996,234.63999999999996,25.0,12,Evac Area 2
3,Vessel 2,3,Safe Area 2 Harbor,Evac Area 3 Dock,234.63999999999996,253.83999999999997,253.83999999999997,256.84,25.0,0,None
4,Vessel 2,4,Evac Area 3 Dock,Safe Area 3 Marina,256.84,267.64,267.64,270.64,25.0,12,Evac Area 3
5,Vessel 2,5,Safe Area 3 Marina,Evac Area 3 Dock,270.64,281.43999999999994,281.43999999999994,284.43999999999994,25.0,0,None
6,Vessel 2,6,Evac Area 3 Dock,Safe Area 1 Terminal,284.43999999999994,296.43999999999994,296.43999999999994,299.43999999999994,25.0,12,Evac Area 3
7,Vessel 2,7,Safe Area 1 Terminal,Evac Area 4 Dock,299.43999999999994,321.03999999999996,321.03999999999996,324.03999999999996,25.0,0,None
8,Vessel 2,8,Evac Area 4 Dock,Safe Area 3 Marina,324.03999999999996,342.03999999999996,342.03999999999996,345.03999999999996,25.0,11,Evac Area 4
1,Vessel 3,1,Safe Area 2 Harbor,Evac Area 3 Dock,204.24,223.44,223.44,226.44,25.0,0,None
2,Vessel 3,2,Evac Area 3 Dock,Safe Area 3 Marina,226.44,237.24,237.24,240.24,25.0,12,Evac Area 3
3,Vessel 3,3,Safe Area 3 Marina,Evac Area 3 Dock,240.24,251.04000000000002,251.04000000000002,254.04000000000002,25.0,0,None
4,Vessel 3,4,Evac Area 3 Dock,Safe Area 3 Marina,254.04000000000002,264.84000000000003,264.84000000000003,267.84000000000003,25.0,6,Evac Area 3
5,Vessel 3,5,Safe Area 3 Marina,Evac Area 2 Marina,267.84000000000003,284.64,284.64,287.64,25.0,0,None
6,Vessel 3,6,Evac Area 2 Marina,Safe Area 3 Marina,287.64,304.44,304.44,307.44,25.0,12,Evac Area 2
7,Vessel 3,7,Safe Area 3 Marina,Evac Area 3 Dock,307.44,318.24,318.24,321.24,25.0,0,None
8,Vessel 3,8,Evac Area 3 Dock,Safe Area 3 Marina,321.24,332.04,332.04,335.04,25.0,12,Evac Area 3
9,Vessel 3,9,Safe Area 3 Marina,Evac Area 3 Dock,335.04,345.84000000000003,345.84000000000003,348.84000000000003,25.0,0,None
10,Vessel 3,10,Evac Area 3 Dock,Safe Area 3 Marina,348.84000000000003,359.64000000000004,359.64000000000004,362.64000000000004,25.0,12,Evac Area 3
1,Vessel 4,1,Safe Area 2 Harbor,Evac Area 2 Marina,193.2,205.2,205.2,210.2,25.0,0,None
2,Vessel 4,2,Evac Area 2 Marina,Safe Area 3 Marina,210.2,227.0,227.0,232.0,25.0,38,Evac Area 2
3,Vessel 4,3,Safe Area 3 Marina,Evac Area 3 Dock,232.0,242.79999999999998,242.79999999999998,247.79999999999998,25.0,0,None
4,Vessel 4,4,Evac Area 3 Dock,Safe Area 3 Marina,247.79999999999998,258.59999999999997,258.59999999999997,263.59999999999997,25.0,38,Evac Area 3
5,Vessel 4,5,Safe Area 3 Marina,Evac Area 3 Dock,263.59999999999997,274.4,274.4,279.4,25.0,0,None
6,Vessel 4,6,Evac Area 3 Dock,Safe Area 3 Marina,279.4,290.2,290.2,295.2,25.0,38,Evac Area 3
7,Vessel 4,7,Safe Area 3 Marina,Evac Area 3 Dock,295.2,306.0,306.0,311.0,25.0,0,None
8,Vessel 4,8,Evac Area 3 Dock,Safe Area 3 Marina,311.0,321.79999999999995,321.79999999999995,326.79999999999995,25.0,38,Evac Area 3
9,Vessel 4,9,Safe Area 3 Marina,Evac Area 2 Marina,326.79999999999995,343.6,343.6,348.6,25.0,0,None
10,Vessel 4,10,Evac Area 2 Marina,Safe Area 2 Harbor,348.6,360.6,360.6,365.6,25.0,38,Evac Area 2
1,Vessel 5,1,Safe Area 2 Harbor,Evac Area 2 Marina,211.66666666666669,228.33333333333337,228.33333333333337,238.33333333333337,18.0,0,None
2,Vessel 5,2,Evac Area 2 Marina,Safe Area 3 Marina,238.33333333333337,261.6666666666667,261.6666666666667,271.6666666666667,18.0,120,Evac Area 2
3,Vessel 5,3,Safe Area 3 Marina,Evac Area 3 Dock,271.6666666666667,286.6666666666667,286.6666666666667,296.6666666666667,18.0,0,None
4,Vessel 5,4,Evac Area 3 Dock,Safe Area 3 Marina,296.6666666666667,311.6666666666667,311.6666666666667,321.6666666666667,18.0,120,Evac Area 3
5,Vessel 5,5,Safe Area 3 Marina,Evac Area 3 Dock,321.6666666666667,336.6666666666667,336.6666666666667,346.6666666666667,18.0,0,None
6,Vessel 5,6,Evac Area 3 Dock,Safe Area 3 Marina,346.6666666666667,361.6666666666667,361.6666666666667,371.6666666666667,18.0,120,Evac Area 3
1,Vessel 6,1,Safe Area 2 Harbor,Evac Area 2 Marina,203.04,215.04,215.04,218.04,25.0,0,None
2,Vessel 6,2,Evac Area 2 Marina,Safe Area 2 Harbor,218.04,230.04,230.04,233.04,25.0,12,Evac Area 2
3,Vessel 6,3,Safe Area 2 Harbor,Evac Area 2 Marina,233.04,245.04,245.04,248.04,25.0,0,None
4,Vessel 6,4,Evac Area 2 Marina,Safe Area 2 Harbor,248.04,260.03999999999996,260.03999999999996,263.03999999999996,25.0,12,Evac Area 2
5,Vessel 6,5,Safe Area 2 Harbor,Evac Area 2 Marina,263.03999999999996,275.03999999999996,275.03999999999996,278.03999999999996,25.0,0,None
6,Vessel 6,6,Evac Area 2 Marina,Safe Area 2 Harbor,278.03999999999996,290.03999999999996,290.03999999999996,293.03999999999996,25.0,12,Evac Area 2
7,Vessel 6,7,Safe Area 2 Harbor,Evac Area 2 Marina,293.03999999999996,305.03999999999996,305.03999999999996,308.03999999999996,25.0,0,None
8,Vessel 6,8,Evac Area 2 Marina,Safe Area 2 Harbor,308.03999999999996,320.03999999999996,320.03999999999996,323.03999999999996,25.0,12,Evac Area 2
9,Vessel 6,9,Safe Area 2 Harbor,Evac Area 2 Marina,323.03999999999996,335.03999999999996,335.03999999999996,338.03999999999996,25.0,0,None
10,Vessel 6,10,Evac Area 2 Marina,Safe Area 2 Harbor,338.03999999999996,350.03999999999996,350.03999999999996,353.03999999999996,25.0,12,Evac Area 2
