segment_id,resource_id,route_segment_id,origin,destination,route_start_time,route_end_time,load_start_time,load_end_time,resource_speed,evacuees,evacuated_location,post_run_correction
1,Vessel 1,1,Safe Area 1 Terminal,Evac Area 1 Ferry Terminal,10.0,24.0,24.0,34.0,12.0,0,None,
2,Vessel 1,2,Evac Area 1 Ferry Terminal,Safe Area 1 Terminal,34.0,48.0,48.0,58.0,12.0,62,Evac Area 1,
1,Vessel 2,1,Safe Area 2 Harbor,Evac Area 4 Beach,10.0,28.24000000000001,28.24000000000001,31.24000000000001,25.0,0,None,
2,Vessel 2,2,Evac Area 4 Beach,Safe Area 3 Marina,31.24000000000001,49.24000000000001,49.24000000000001,52.24000000000001,25.0,12,Evac Area 4,
3,Vessel 2,3,Safe Area 3 Marina,Evac Area 4 Beach,52.24000000000001,70.24000000000001,70.24000000000001,73.24000000000001,25.0,0,None,
4,Vessel 2,4,Evac Area 4 Beach,Safe Area 3 Marina,73.24000000000001,91.24000000000001,91.24000000000001,94.24000000000001,25.0,12,Evac Area 4,
5,Vessel 2,5,Safe Area 3 Marina,Evac Area 4 Dock,94.24000000000001,112.24000000000001,112.24000000000001,115.24000000000001,25.0,0,None,
6,Vessel 2,6,Evac Area 4 Dock,Safe Area 3 Marina,115.24000000000001,133.24,133.24,136.24,25.0,12,Evac Area 4,
7,Vessel 2,7,Safe Area 3 Marina,Evac Area 4 Beach,136.24,154.24,154.24,157.24,25.0,0,None,
8,Vessel 2,8,Evac Area 4 Beach,Safe Area 3 Marina,157.24,175.24,175.24,178.24,25.0,12,Evac Area 4,
9,Vessel 2,9,Safe Area 3 Marina,Evac Area 4 Beach,178.24,196.24,196.24,199.24,25.0,0,None,
10,Vessel 2,10,Evac Area 4 Beach,Safe Area 3 Marina,199.24,217.24,217.24,220.24,25.0,12,Evac Area 4,
11,Vessel 2,11,Safe Area 3 Marina,Evac Area 3 Dock,220.24,231.04,231.04,234.04,25.0,0,None,
12,Vessel 2,12,Evac Area 3 Dock,Safe Area 3 Marina,234.04,244.84000000000003,244.84000000000003,247.84000000000003,25.0,12,Evac Area 3,
13,Vessel 2,13,Safe Area 3 Marina,Evac Area 4 Beach,247.84000000000003,265.84000000000003,265.84000000000003,268.84000000000003,25.0,0,None,
14,Vessel 2,14,Evac Area 4 Beach,Safe Area 2 Harbor,268.84000000000003,287.08000000000004,287.08000000000004,290.08000000000004,25.0,12,Evac Area 4,
15,Vessel 2,15,Safe Area 2 Harbor,Evac Area 2 Marina,290.08000000000004,302.08000000000004,302.08000000000004,305.08000000000004,25.0,0,None,
16,Vessel 2,16,Evac Area 2 Marina,Safe Area 2 Harbor,305.08000000000004,317.08000000000004,317.08000000000004,320.08000000000004,25.0,12,Evac Area 2,
17,Vessel 2,17,Safe Area 2 Harbor,Evac Area 2 Marina,320.08000000000004,332.08000000000004,332.08000000000004,335.08000000000004,25.0,0,None,
18,Vessel 2,18,Evac Area 2 Marina,Safe Area 2 Harbor,335.08000000000004,347.08000000000004,347.08000000000004,350.08000000000004,25.0,12,Evac Area 2,
19,Vessel 2,19,Safe Area 2 Harbor,Evac Area 2 Marina,350.08000000000004,362.08,362.08,365.08,25.0,0,None,
20,Vessel 2,20,Evac Area 2 Marina,Safe Area 2 Harbor,365.08,377.08,377.08,380.08,25.0,12,Evac Area 2,
21,Vessel 2,21,Safe Area 2 Harbor,Evac Area 2 Marina,380.08,392.08,392.08,395.08,25.0,0,None,
22,Vessel 2,22,Evac Area 2 Marina,Safe Area 2 Harbor,395.08,407.08,407.08,410.08,25.0,12,Evac Area 2,
23,Vessel 2,23,Safe Area 2 Harbor,Evac Area 2 Marina,410.08,422.08,422.08,425.08,25.0,0,None,
24,Vessel 2,24,Evac Area 2 Marina,Safe Area 2 Harbor,425.08,437.08,437.08,440.08,25.0,12,Evac Area 2,
25,Vessel 2,25,Safe Area 2 Harbor,Evac Area 2 Marina,440.08,452.08,452.08,455.08,25.0,0,None,
26,Vessel 2,26,Evac Area 2 Marina,Safe Area 2 Harbor,455.08,467.08,467.08,470.08,25.0,12,Evac Area 2,
1,Vessel 3,1,Safe Area 3 Marina,Evac Area 4 Dock,60.0,78.0,78.0,81.0,25.0,0,None,
2,Vessel 3,2,Evac Area 4 Dock,Safe Area 3 Marina,81.0,99.0,99.0,102.0,25.0,12,Evac Area 4,
3,Vessel 3,3,Safe Area 3 Marina,Evac Area 4 Dock,102.0,120.0,120.0,123.0,25.0,0,None,
4,Vessel 3,4,Evac Area 4 Dock,Safe Area 3 Marina,123.0,141.0,141.0,144.0,25.0,12,Evac Area 4,
5,Vessel 3,5,Safe Area 3 Marina,Evac Area 4 Dock,144.0,162.0,162.0,165.0,25.0,0,None,
6,Vessel 3,6,Evac Area 4 Dock,Safe Area 3 Marina,165.0,183.0,183.0,186.0,25.0,12,Evac Area 4,
7,Vessel 3,7,Safe Area 3 Marina,Evac Area 4 Dock,186.0,204.0,204.0,207.0,25.0,0,None,
8,Vessel 3,8,Evac Area 4 Dock,Safe Area 2 Harbor,207.0,225.24,225.24,228.24,25.0,12,Evac Area 4,
9,Vessel 3,9,Safe Area 2 Harbor,Evac Area 2 Marina,228.24,240.24,240.24,243.24,25.0,0,None,
10,Vessel 3,10,Evac Area 2 Marina,Safe Area 2 Harbor,243.24,255.24,255.24,258.24,25.0,12,Evac Area 2,
11,Vessel 3,11,Safe Area 2 Harbor,Evac Area 4 Beach,258.24,276.48,276.48,279.48,25.0,0,None,
12,Vessel 3,12,Evac Area 4 Beach,Safe Area 3 Marina,279.48,297.48,297.48,300.48,25.0,12,Evac Area 4,
13,Vessel 3,13,Safe Area 3 Marina,Evac Area 4 Dock,300.48,318.48,318.48,321.48,25.0,0,None,
14,Vessel 3,14,Evac Area 4 Dock,Safe Area 3 Marina,321.48,339.48,339.48,342.48,25.0,12,Evac Area 4,
15,Vessel 3,15,Safe Area 3 Marina,Evac Area 4 Beach,342.48,360.48,360.48,363.48,25.0,0,None,
16,Vessel 3,16,Evac Area 4 Beach,Safe Area 3 Marina,363.48,381.48,381.48,384.48,25.0,12,Evac Area 4,
17,Vessel 3,17,Safe Area 3 Marina,Evac Area 4 Beach,384.48,402.48,402.48,405.48,25.0,0,None,
18,Vessel 3,18,Evac Area 4 Beach,Safe Area 3 Marina,405.48,423.48,423.48,426.48,25.0,12,Evac Area 4,
19,Vessel 3,19,Safe Area 3 Marina,Evac Area 4 Beach,426.48,444.48,444.48,447.48,25.0,0,None,
20,Vessel 3,20,Evac Area 4 Beach,Safe Area 3 Marina,447.48,465.48,465.48,468.48,25.0,2,Evac Area 4,
1,Vessel 4,1,Safe Area 1 Terminal,Evac Area 3 Dock,10.0,22.0,22.0,27.0,25.0,0,None,
2,Vessel 4,2,Evac Area 3 Dock,Safe Area 3 Marina,27.0,37.80000000000001,37.80000000000001,42.80000000000001,25.0,38,Evac Area 3,
3,Vessel 4,3,Safe Area 3 Marina,Evac Area 3 Dock,42.80000000000001,53.60000000000002,53.60000000000002,58.60000000000002,25.0,0,None,
4,Vessel 4,4,Evac Area 3 Dock,Safe Area 3 Marina,58.60000000000002,69.39999999999998,69.39999999999998,74.39999999999998,25.0,38,Evac Area 3,
5,Vessel 4,5,Safe Area 3 Marina,Evac Area 4 Dock,74.39999999999998,92.40000000000003,92.40000000000003,97.40000000000003,25.0,0,None,
6,Vessel 4,6,Evac Area 4 Dock,Safe Area 3 Marina,97.40000000000003,115.40000000000003,115.40000000000003,120.40000000000003,25.0,38,Evac Area 4,
7,Vessel 4,7,Safe Area 3 Marina,Evac Area 3 Dock,120.40000000000003,131.2,131.2,136.2,25.0,0,None,
8,Vessel 4,8,Evac Area 3 Dock,Safe Area 3 Marina,136.2,147.0,147.0,152.0,25.0,38,Evac Area 3,
9,Vessel 4,9,Safe Area 3 Marina,Evac Area 3 Dock,152.0,162.8,162.8,167.8,25.0,0,None,
10,Vessel 4,10,Evac Area 3 Dock,Safe Area 3 Marina,167.8,178.60000000000002,178.60000000000002,183.59999999999997,25.0,38,Evac Area 3,
11,Vessel 4,11,Safe Area 3 Marina,Evac Area 3 Dock,183.59999999999997,194.40000000000003,194.40000000000003,199.40000000000003,25.0,0,None,
12,Vessel 4,12,Evac Area 3 Dock,Safe Area 3 Marina,199.40000000000003,210.20000000000005,210.20000000000005,215.20000000000005,25.0,38,Evac Area 3,
13,Vessel 4,13,Safe Area 3 Marina,Evac Area 3 Dock,215.20000000000005,226.00000000000009,226.00000000000009,231.00000000000009,25.0,0,None,
14,Vessel 4,14,Evac Area 3 Dock,Safe Area 3 Marina,231.00000000000009,241.80000000000007,241.80000000000007,246.80000000000007,25.0,38,Evac Area 3,
15,Vessel 4,15,Safe Area 3 Marina,Evac Area 3 Dock,246.80000000000007,257.6000000000001,257.6000000000001,262.6000000000001,25.0,0,None,
16,Vessel 4,16,Evac Area 3 Dock,Safe Area 3 Marina,262.6000000000001,273.4000000000001,273.4000000000001,278.4000000000001,25.0,38,Evac Area 3,
17,Vessel 4,17,Safe Area 3 Marina,Evac Area 3 Dock,278.4000000000001,289.2000000000001,289.2000000000001,294.2000000000001,25.0,0,None,
18,Vessel 4,18,Evac Area 3 Dock,Safe Area 3 Marina,294.2000000000001,305.0000000000001,305.0000000000001,310.0000000000001,25.0,38,Evac Area 3,
19,Vessel 4,19,Safe Area 3 Marina,Evac Area 3 Dock,310.0000000000001,320.8000000000001,320.8000000000001,325.8000000000001,25.0,0,None,
20,Vessel 4,20,Evac Area 3 Dock,Safe Area 3 Marina,325.8000000000001,336.60000000000014,336.60000000000014,341.60000000000014,25.0,38,Evac Area 3,
21,Vessel 4,21,Safe Area 3 Marina,Evac Area 3 Dock,341.60000000000014,352.40000000000015,352.40000000000015,357.40000000000015,25.0,0,None,
22,Vessel 4,22,Evac Area 3 Dock,Safe Area 3 Marina,357.40000000000015,368.20000000000016,368.20000000000016,373.20000000000016,25.0,38,Evac Area 3,
23,Vessel 4,23,Safe Area 3 Marina,Evac Area 3 Dock,373.20000000000016,384.00000000000017,384.00000000000017,389.00000000000017,25.0,0,None,
24,Vessel 4,24,Evac Area 3 Dock,Safe Area 3 Marina,389.00000000000017,399.8000000000002,399.8000000000002,404.8000000000002,25.0,38,Evac Area 3,
25,Vessel 4,25,Safe Area 3 Marina,Evac Area 3 Dock,404.8000000000002,415.6000000000002,415.6000000000002,420.6000000000002,25.0,0,None,
26,Vessel 4,26,Evac Area 3 Dock,Safe Area 3 Marina,420.6000000000002,431.4000000000002,431.4000000000002,436.4000000000002,25.0,38,Evac Area 3,
27,Vessel 4,27,Safe Area 3 Marina,Evac Area 3 Dock,436.4000000000002,447.2000000000002,447.2000000000002,452.2000000000002,25.0,0,None,
28,Vessel 4,28,Evac Area 3 Dock,Safe Area 3 Marina,452.2000000000002,463.0000000000002,463.0000000000002,468.0000000000002,25.0,38,Evac Area 3,
1,Vessel 5,1,Safe Area 1 Terminal,Evac Area 3 Dock,30.0,46.666666666666686,46.666666666666686,56.666666666666686,18.0,0,None,
2,Vessel 5,2,Evac Area 3 Dock,Safe Area 3 Marina,56.666666666666686,71.66666666666669,71.66666666666669,81.66666666666669,18.0,120,Evac Area 3,
3,Vessel 5,3,Safe Area 3 Marina,Evac Area 3 Dock,81.66666666666669,96.66666666666669,96.66666666666669,106.66666666666669,18.0,0,None,
4,Vessel 5,4,Evac Area 3 Dock,Safe Area 3 Marina,106.66666666666669,121.66666666666669,121.66666666666669,131.66666666666669,18.0,120,Evac Area 3,
5,Vessel 5,5,Safe Area 3 Marina,Evac Area 3 Dock,131.66666666666669,146.66666666666669,146.66666666666669,156.66666666666669,18.0,0,None,
6,Vessel 5,6,Evac Area 3 Dock,Safe Area 3 Marina,156.66666666666669,171.66666666666669,171.66666666666669,181.66666666666669,18.0,120,Evac Area 3,
7,Vessel 5,7,Safe Area 3 Marina,Evac Area 3 Dock,181.66666666666669,196.66666666666669,196.66666666666669,206.66666666666669,18.0,0,None,
8,Vessel 5,8,Evac Area 3 Dock,Safe Area 3 Marina,206.66666666666669,221.66666666666669,221.66666666666669,231.66666666666669,18.0,120,Evac Area 3,
9,Vessel 5,9,Safe Area 3 Marina,Evac Area 4 Dock,231.66666666666669,256.6666666666667,256.6666666666667,266.6666666666667,18.0,0,None,
10,Vessel 5,10,Evac Area 4 Dock,Safe Area 2 Harbor,266.6666666666667,292.0,292.0,302.0,18.0,120,Evac Area 4,
11,Vessel 5,11,Safe Area 2 Harbor,Evac Area 2 Marina,302.0,318.6666666666667,318.6666666666667,328.6666666666667,18.0,0,None,
12,Vessel 5,12,Evac Area 2 Marina,Safe Area 2 Harbor,328.6666666666667,345.33333333333337,345.33333333333337,355.33333333333337,18.0,116,Evac Area 2,
13,Vessel 5,13,Safe Area 2 Harbor,Evac Area 2 Marina,355.33333333333337,372.00000000000006,372.00000000000006,382.00000000000006,18.0,0,None,
14,Vessel 5,14,Evac Area 2 Marina,Safe Area 2 Harbor,382.00000000000006,398.66666666666674,398.66666666666674,408.66666666666674,18.0,120,Evac Area 2,
15,Vessel 5,15,Safe Area 2 Harbor,Evac Area 2 Marina,408.66666666666674,425.3333333333334,425.3333333333334,435.3333333333334,18.0,0,None,
16,Vessel 5,16,Evac Area 2 Marina,Safe Area 2 Harbor,435.3333333333334,452.0000000000001,452.0000000000001,462.0000000000001,18.0,120,Evac Area 2,
1,Vessel 6,1,Safe Area 1 Terminal,Evac Area 3 Dock,30.0,42.0,42.0,45.0,25.0,0,None,
2,Vessel 6,2,Evac Area 3 Dock,Safe Area 3 Marina,45.0,55.80000000000001,55.80000000000001,58.80000000000001,25.0,12,Evac Area 3,
3,Vessel 6,3,Safe Area 3 Marina,Evac Area 4 Dock,58.80000000000001,76.80000000000001,76.80000000000001,79.80000000000001,25.0,0,None,
4,Vessel 6,4,Evac Area 4 Dock,Safe Area 3 Marina,79.80000000000001,97.80000000000001,97.80000000000001,100.80000000000001,25.0,12,Evac Area 4,
5,Vessel 6,5,Safe Area 3 Marina,Evac Area 4 Dock,100.80000000000001,118.80000000000001,118.80000000000001,121.80000000000001,25.0,0,None,
6,Vessel 6,6,Evac Area 4 Dock,Safe Area 3 Marina,121.80000000000001,139.8,139.8,142.8,25.0,12,Evac Area 4,
7,Vessel 6,7,Safe Area 3 Marina,Evac Area 4 Dock,142.8,160.8,160.8,163.8,25.0,0,None,
8,Vessel 6,8,Evac Area 4 Dock,Safe Area 3 Marina,163.8,181.8,181.8,184.8,25.0,12,Evac Area 4,
9,Vessel 6,9,Safe Area 3 Marina,Evac Area 4 Dock,184.8,202.8,202.8,205.8,25.0,0,None,
10,Vessel 6,10,Evac Area 4 Dock,Safe Area 3 Marina,205.8,223.8,223.8,226.8,25.0,12,Evac Area 4,
11,Vessel 6,11,Safe Area 3 Marina,Evac Area 4 Beach,226.8,244.8,244.8,247.8,25.0,0,None,
12,Vessel 6,12,Evac Area 4 Beach,Safe Area 3 Marina,247.8,265.8,265.8,268.8,25.0,12,Evac Area 4,
13,Vessel 6,13,Safe Area 3 Marina,Evac Area 4 Dock,268.8,286.8,286.8,289.8,25.0,0,None,
14,Vessel 6,14,Evac Area 4 Dock,Safe Area 3 Marina,289.8,307.8,307.8,310.8,25.0,12,Evac Area 4,
15,Vessel 6,15,Safe Area 3 Marina,Evac Area 4 Dock,310.8,328.8,328.8,331.8,25.0,0,None,
16,Vessel 6,16,Evac Area 4 Dock,Safe Area 3 Marina,331.8,349.8,349.8,352.8,25.0,12,Evac Area 4,
17,Vessel 6,17,Safe Area 3 Marina,Evac Area 4 Beach,352.8,370.8,370.8,373.8,25.0,0,None,
18,Vessel 6,18,Evac Area 4 Beach,Safe Area 3 Marina,373.8,391.8,391.8,394.8,25.0,12,Evac Area 4,
19,Vessel 6,19,Safe Area 3 Marina,Evac Area 4 Beach,394.8,412.8,412.8,415.8,25.0,0,None,
20,Vessel 6,20,Evac Area 4 Beach,Safe Area 2 Harbor,415.8,434.04,434.04,437.04,25.0,12,Evac Area 4,
21,Vessel 6,21,Safe Area 2 Harbor,Evac Area 2 Marina,437.04,449.04,449.04,452.04,25.0,0,None,
22,Vessel 6,22,Evac Area 2 Marina,Safe Area 2 Harbor,452.04,464.04,464.04,467.04,25.0,12,Evac Area 2,
1,Vessel 1,1,Safe Area 1 Terminal,Evac Area 1 Ferry Terminal,470.08,484.08,484.08,494.08,12.0,0,None,yes
2,Vessel 1,2,Evac Area 1 Ferry Terminal,Safe Area 1 Terminal,494.08,508.08,508.08,518.0799999999999,12.0,19,Evac Area 1,yes
1,Vessel 2,1,Safe Area 2 Harbor,Evac Area 2 Marina,470.08,482.08,482.08,485.08,25.0,0,None,yes
2,Vessel 2,2,Evac Area 2 Marina,Safe Area 2 Harbor,485.08,497.08,497.08,500.08,25.0,12,Evac Area 2,yes
3,Vessel 2,3,Safe Area 2 Harbor,Evac Area 2 Marina,500.08,512.0799999999999,512.0799999999999,515.0799999999999,25.0,0,None,yes
4,Vessel 2,4,Evac Area 2 Marina,Safe Area 2 Harbor,515.0799999999999,527.0799999999999,527.0799999999999,530.0799999999999,25.0,9,Evac Area 2,yes
5,Vessel 2,5,Safe Area 2 Harbor,Evac Area 2 Marina,530.0799999999999,542.0799999999999,542.0799999999999,545.0799999999999,25.0,0,None,yes
6,Vessel 2,6,Evac Area 2 Marina,Safe Area 2 Harbor,545.0799999999999,557.0799999999999,557.0799999999999,560.0799999999999,25.0,12,Evac Area 2,yes
7,Vessel 2,7,Safe Area 2 Harbor,Evac Area 2 Marina,560.0799999999999,572.0799999999999,572.0799999999999,575.0799999999999,25.0,0,None,yes
8,Vessel 2,8,Evac Area 2 Marina,Safe Area 2 Harbor,575.0799999999999,587.0799999999999,587.0799999999999,590.0799999999999,25.0,12,Evac Area 2,yes
9,Vessel 2,9,Safe Area 2 Harbor,Evac Area 2 Marina,590.0799999999999,602.0799999999999,602.0799999999999,605.0799999999999,25.0,0,None,yes
10,Vessel 2,10,Evac Area 2 Marina,Safe Area 2 Harbor,605.0799999999999,617.0799999999999,617.0799999999999,620.0799999999999,25.0,12,Evac Area 2,yes
1,Vessel 3,1,Safe Area 3 Marina,Evac Area 4 Dock,470.08,488.08,488.08,491.08,25.0,0,None,yes
2,Vessel 3,2,Evac Area 4 Dock,Safe Area 3 Marina,491.08,509.08,509.08,512.0799999999999,25.0,12,Evac Area 4,yes
3,Vessel 3,3,Safe Area 3 Marina,Evac Area 3 Dock,512.0799999999999,522.88,522.88,525.88,25.0,0,None,yes
4,Vessel 3,4,Evac Area 3 Dock,Safe Area 3 Marina,525.88,536.68,536.68,539.68,25.0,12,Evac Area 3,yes
5,Vessel 3,5,Safe Area 3 Marina,Evac Area 3 Dock,539.68,550.48,550.48,553.48,25.0,0,None,yes
6,Vessel 3,6,Evac Area 3 Dock,Safe Area 3 Marina,553.48,564.28,564.28,567.28,25.0,12,Evac Area 3,yes
7,Vessel 3,7,Safe Area 3 Marina,Evac Area 3 Dock,567.28,578.0799999999999,578.0799999999999,581.0799999999999,25.0,0,None,yes
8,Vessel 3,8,Evac Area 3 Dock,Safe Area 3 Marina,581.0799999999999,591.88,591.88,594.88,25.0,12,Evac Area 3,yes
1,Vessel 4,1,Safe Area 3 Marina,Evac Area 4 Dock,470.08,488.08,488.08,493.08,25.0,0,None,yes
2,Vessel 4,2,Evac Area 4 Dock,Safe Area 3 Marina,493.08,511.08,511.08,516.0799999999999,25.0,38,Evac Area 4,yes
3,Vessel 4,3,Safe Area 3 Marina,Evac Area 3 Dock,516.0799999999999,526.88,526.88,531.88,25.0,0,None,yes
4,Vessel 4,4,Evac Area 3 Dock,Safe Area 3 Marina,531.88,542.68,542.68,547.68,25.0,38,Evac Area 3,yes
5,Vessel 4,5,Safe Area 3 Marina,Evac Area 4 Dock,547.68,565.68,565.68,570.68,25.0,0,None,yes
6,Vessel 4,6,Evac Area 4 Dock,Safe Area 3 Marina,570.68,588.68,588.68,593.68,25.0,38,Evac Area 4,yes
7,Vessel 4,7,Safe Area 3 Marina,Evac Area 4 Dock,593.68,611.68,611.68,616.68,25.0,0,None,yes
8,Vessel 4,8,Evac Area 4 Dock,Safe Area 3 Marina,616.68,634.68,634.68,639.68,25.0,38,Evac Area 4,yes
1,Vessel 5,1,Safe Area 2 Harbor,Evac Area 2 Marina,470.08,486.74666666666667,486.74666666666667,496.74666666666667,18.0,0,None,yes
2,Vessel 5,2,Evac Area 2 Marina,Safe Area 2 Harbor,496.74666666666667,513.4133333333333,513.4133333333333,523.4133333333333,18.0,120,Evac Area 2,yes
3,Vessel 5,3,Safe Area 2 Harbor,Evac Area 4 Dock,523.4133333333333,548.7466666666667,548.7466666666667,558.7466666666667,18.0,0,None,yes
4,Vessel 5,4,Evac Area 4 Dock,Safe Area 3 Marina,558.7466666666667,583.7466666666667,583.7466666666667,593.7466666666667,18.0,120,Evac Area 4,yes
5,Vessel 5,5,Safe Area 3 Marina,Evac Area 3 Dock,593.7466666666667,608.7466666666667,608.7466666666667,618.7466666666667,18.0,0,None,yes
6,Vessel 5,6,Evac Area 3 Dock,Safe Area 3 Marina,618.7466666666667,633.7466666666667,633.7466666666667,643.7466666666667,18.0,118,Evac Area 3,yes
1,Vessel 6,1,Safe Area 2 Harbor,Evac Area 2 Marina,470.08,482.08,482.08,485.08,25.0,0,None,yes
2,Vessel 6,2,Evac Area 2 Marina,Safe Area 2 Harbor,485.08,497.08,497.08,500.08,25.0,12,Evac Area 2,yes
3,Vessel 6,3,Safe Area 2 Harbor,Evac Area 4 Dock,500.08,518.3199999999999,518.3199999999999,521.3199999999999,25.0,0,None,yes
4,Vessel 6,4,Evac Area 4 Dock,Safe Area 3 Marina,521.3199999999999,539.3199999999999,539.3199999999999,542.3199999999999,25.0,10,Evac Area 4,yes
