segment_id,resource_id,route_segment_id,origin,destination,route_start_time,route_end_time,load_start_time,load_end_time,resource_speed,evacuees,evacuated_location
1,Vessel 1,1,Safe Area 1 Terminal,Evac Area 1 Ferry Terminal,10.0,24.0,24.0,34.0,12.0,0,None
2,Vessel 1,2,Evac Area 1 Ferry Terminal,Safe Area 1 Terminal,34.0,48.0,48.0,58.0,12.0,28,Evac Area 1
1,Vessel 2,1,Safe Area 2 Harbor,Evac Area 2 Marina,10.0,22.0,22.0,25.0,25.0,0,None
2,Vessel 2,2,Evac Area 2 Marina,Safe Area 2 Harbor,25.0,37.0,37.0,40.0,25.0,12,Evac Area 2
3,Vessel 2,3,Safe Area 2 Harbor,Evac Area 2 Marina,40.0,52.0,52.0,55.0,25.0,0,None
4,Vessel 2,4,Evac Area 2 Marina,Safe Area 2 Harbor,55.0,67.0,67.0,70.0,25.0,12,Evac Area 2
1,Vessel 3,1,Safe Area 3 Marina,Evac Area 4 Beach,60.0,78.0,78.0,81.0,25.0,0,None
2,Vessel 3,2,Evac Area 4 Beach,Safe Area 3 Marina,81.0,99.0,99.0,102.0,25.0,12,Evac Area 4
1,Vessel 4,1,Safe Area 1 Terminal,Evac Area 3 Dock,10.0,22.0,22.0,27.0,25.0,0,None
2,Vessel 4,2,Evac Area 3 Dock,Safe Area 3 Marina,27.0,37.8,37.8,42.8,25.0,38,Evac Area 3
3,Vessel 4,3,Safe Area 3 Marina,Evac Area 3 Dock,42.8,53.6,53.6,58.6,25.0,0,None
4,Vessel 4,4,Evac Area 3 Dock,Safe Area 3 Marina,58.6,69.39999999999999,69.39999999999999,74.39999999999999,25.0,38,Evac Area 3
1,Vessel 5,1,Safe Area 1 Terminal,Evac Area 3 Dock,30.0,46.66666666666667,46.66666666666667,56.66666666666667,18.0,0,None
2,Vessel 5,2,Evac Area 3 Dock,Safe Area 3 Marina,56.66666666666667,71.66666666666667,71.66666666666667,81.66666666666667,18.0,120,Evac Area 3
1,Vessel 6,1,Safe Area 1 Terminal,Evac Area 3 Dock,30.0,42.0,42.0,45.0,25.0,0,None
2,Vessel 6,2,Evac Area 3 Dock,Safe Area 3 Marina,45.0,55.8,55.8,58.8,25.0,12,Evac Area 3
3,Vessel 6,3,Safe Area 3 Marina,Evac Area 4 Dock,58.8,76.8,76.8,79.8,25.0,0,None
4,Vessel 6,4,Evac Area 4 Dock,Safe Area 3 Marina,79.8,97.8,97.8,100.8,25.0,12,Evac Area 4
1,Vessel 1,1,Safe Area 1 Terminal,Evac Area 1 Ferry Terminal,60.0,74.0,74.0,84.0,12.0,0,None
2,Vessel 1,2,Evac Area 1 Ferry Terminal,Safe Area 1 Terminal,84.0,98.0,98.0,108.0,12.0,23,Evac Area 1
1,Vessel 2,1,Safe Area 2 Harbor,Evac Area 4 Dock,70.0,88.24,88.24,91.24,25.0,0,None
2,Vessel 2,2,Evac Area 4 Dock,Safe Area 3 Marina,91.24,109.24,109.24,112.24,25.0,12,Evac Area 4
3,Vessel 2,3,Safe Area 3 Marina,Evac Area 3 Dock,112.24,123.03999999999999,123.03999999999999,126.03999999999999,25.0,0,None
4,Vessel 2,4,Evac Area 3 Dock,Safe Area 3 Marina,126.03999999999999,136.83999999999997,136.83999999999997,139.83999999999997,25.0,12,Evac Area 3
5,Vessel 2,5,Safe Area 3 Marina,Evac Area 3 Dock,139.83999999999997,150.64,150.64,153.64,25.0,0,None
6,Vessel 2,6,Evac Area 3 Dock,Safe Area 3 Marina,153.64,164.44,164.44,167.44,25.0,12,Evac Area 3
7,Vessel 2,7,Safe Area 3 Marina,Evac Area 3 Dock,167.44,178.23999999999998,178.23999999999998,181.23999999999998,25.0,0,None
8,Vessel 2,8,Evac Area 3 Dock,Safe Area 3 Marina,181.23999999999998,192.04,192.04,195.04,25.0,12,Evac Area 3
9,Vessel 2,9,Safe Area 3 Marina,Evac Area 3 Dock,195.04,205.84,205.84,208.84,25.0,0,None
10,Vessel 2,10,Evac Area 3 Dock,Safe Area 3 Marina,208.84,219.64000000000001,219.64000000000001,222.64000000000001,25.0,12,Evac Area 3
11,Vessel 2,11,Safe Area 3 Marina,Evac Area 3 Dock,222.64000000000001,233.44000000000003,233.44000000000003,236.44000000000003,25.0,0,None
12,Vessel 2,12,Evac Area 3 Dock,Safe Area 3 Marina,236.44000000000003,247.24000000000004,247.24000000000004,250.24000000000004,25.0,12,Evac Area 3
13,Vessel 2,13,Safe Area 3 Marina,Evac Area 4 Beach,250.24000000000004,268.24,268.24,271.24,25.0,0,None
14,Vessel 2,14,Evac Area 4 Beach,Safe Area 3 Marina,271.24,289.24,289.24,292.24,25.0,12,Evac Area 4
15,Vessel 2,15,Safe Area 3 Marina,Evac Area 4 Dock,292.24,310.24,310.24,313.24,25.0,0,None
16,Vessel 2,16,Evac Area 4 Dock,Safe Area 3 Marina,313.24,331.24,331.24,334.24,25.0,12,Evac Area 4
17,Vessel 2,17,Safe Area 3 Marina,Evac Area 3 Dock,334.24,345.04,345.04,348.04,25.0,0,None
18,Vessel 2,18,Evac Area 3 Dock,Safe Area 3 Marina,348.04,358.84000000000003,358.84000000000003,361.84000000000003,25.0,12,Evac Area 3
1,Vessel 3,1,Safe Area 3 Marina,Evac Area 4 Dock,102.0,120.0,120.0,123.0,25.0,0,None
2,Vessel 3,2,Evac Area 4 Dock,Safe Area 2 Harbor,123.0,141.24,141.24,144.24,25.0,12,Evac Area 4
3,Vessel 3,3,Safe Area 2 Harbor,Evac Area 4 Dock,144.24,162.48,162.48,165.48,25.0,0,None
4,Vessel 3,4,Evac Area 4 Dock,Safe Area 3 Marina,165.48,183.48,183.48,186.48,25.0,12,Evac Area 4
5,Vessel 3,5,Safe Area 3 Marina,Evac Area 4 Beach,186.48,204.48,204.48,207.48,25.0,0,None
6,Vessel 3,6,Evac Area 4 Beach,Safe Area 2 Harbor,207.48,225.72,225.72,228.72,25.0,12,Evac Area 4
7,Vessel 3,7,Safe Area 2 Harbor,Evac Area 4 Dock,228.72,246.96,246.96,249.96,25.0,0,None
8,Vessel 3,8,Evac Area 4 Dock,Safe Area 3 Marina,249.96,267.96000000000004,267.96000000000004,270.96000000000004,25.0,12,Evac Area 4
9,Vessel 3,9,Safe Area 3 Marina,Evac Area 4 Dock,270.96000000000004,288.96000000000004,288.96000000000004,291.96000000000004,25.0,0,None
10,Vessel 3,10,Evac Area 4 Dock,Safe Area 3 Marina,291.96000000000004,309.96000000000004,309.96000000000004,312.96000000000004,25.0,12,Evac Area 4
11,Vessel 3,11,Safe Area 3 Marina,Evac Area 4 Dock,312.96000000000004,330.96000000000004,330.96000000000004,333.96000000000004,25.0,0,None
12,Vessel 3,12,Evac Area 4 Dock,Safe Area 3 Marina,333.96000000000004,351.96000000000004,351.96000000000004,354.96000000000004,25.0,12,Evac Area 4
13,Vessel 3,13,Safe Area 3 Marina,Evac Area 4 Dock,354.96000000000004,372.96000000000004,372.96000000000004,375.96000000000004,25.0,0,None
14,Vessel 3,14,Evac Area 4 Dock,Safe Area 3 Marina,375.96000000000004,393.96000000000004,393.96000000000004,396.96000000000004,25.0,12,Evac Area 4
1,Vessel 4,1,Safe Area 3 Marina,Evac Area 4 Dock,74.39999999999999,92.39999999999999,92.39999999999999,97.39999999999999,25.0,0,None
2,Vessel 4,2,Evac Area 4 Dock,Safe Area 3 Marina,97.39999999999999,115.39999999999999,115.39999999999999,120.39999999999999,25.0,38,Evac Area 4
3,Vessel 4,3,Safe Area 3 Marina,Evac Area 3 Dock,120.39999999999999,131.2,131.2,136.2,25.0,0,None
4,Vessel 4,4,Evac Area 3 Dock,Safe Area 3 Marina,136.2,147.0,147.0,152.0,25.0,32,Evac Area 3
5,Vessel 4,5,Safe Area 3 Marina,Evac Area 3 Dock,152.0,162.79999999999998,162.79999999999998,167.79999999999998,25.0,0,None
6,Vessel 4,6,Evac Area 3 Dock,Safe Area 3 Marina,167.79999999999998,178.59999999999997,178.59999999999997,183.59999999999997,25.0,38,Evac Area 3
7,Vessel 4,7,Safe Area 3 Marina,Evac Area 3 Dock,183.59999999999997,194.39999999999998,194.39999999999998,199.39999999999998,25.0,0,None
8,Vessel 4,8,Evac Area 3 Dock,Safe Area 3 Marina,199.39999999999998,210.2,210.2,215.2,25.0,38,Evac Area 3
9,Vessel 4,9,Safe Area 3 Marina,Evac Area 4 Dock,215.2,233.2,233.2,238.2,25.0,0,None
10,Vessel 4,10,Evac Area 4 Dock,Safe Area 3 Marina,238.2,256.2,256.2,261.2,25.0,38,Evac Area 4
11,Vessel 4,11,Safe Area 3 Marina,Evac Area 3 Dock,261.2,272.0,272.0,277.0,25.0,0,None
12,Vessel 4,12,Evac Area 3 Dock,Safe Area 3 Marina,277.0,287.8,287.8,292.8,25.0,38,Evac Area 3
13,Vessel 4,13,Safe Area 3 Marina,Evac Area 3 Dock,292.8,303.6,303.6,308.6,25.0,0,None
14,Vessel 4,14,Evac Area 3 Dock,Safe Area 3 Marina,308.6,319.40000000000003,319.40000000000003,324.40000000000003,25.0,38,Evac Area 3
15,Vessel 4,15,Safe Area 3 Marina,Evac Area 3 Dock,324.40000000000003,335.20000000000005,335.20000000000005,340.20000000000005,25.0,0,None
16,Vessel 4,16,Evac Area 3 Dock,Safe Area 3 Marina,340.20000000000005,351.00000000000006,351.00000000000006,356.00000000000006,25.0,38,Evac Area 3
17,Vessel 4,17,Safe Area 3 Marina,Evac Area 3 Dock,356.00000000000006,366.80000000000007,366.80000000000007,371.80000000000007,25.0,0,None
18,Vessel 4,18,Evac Area 3 Dock,Safe Area 3 Marina,371.80000000000007,382.6000000000001,382.6000000000001,387.6000000000001,25.0,38,Evac Area 3
1,Vessel 5,1,Safe Area 3 Marina,Evac Area 4 Dock,81.66666666666667,106.66666666666667,106.66666666666667,116.66666666666667,18.0,0,None
2,Vessel 5,2,Evac Area 4 Dock,Safe Area 3 Marina,116.66666666666667,141.66666666666669,141.66666666666669,151.66666666666669,18.0,120,Evac Area 4
3,Vessel 5,3,Safe Area 3 Marina,Evac Area 4 Dock,151.66666666666669,176.66666666666669,176.66666666666669,186.66666666666669,18.0,0,None
4,Vessel 5,4,Evac Area 4 Dock,Safe Area 3 Marina,186.66666666666669,211.66666666666669,211.66666666666669,221.66666666666669,18.0,120,Evac Area 4
5,Vessel 5,5,Safe Area 3 Marina,Evac Area 4 Dock,221.66666666666669,246.66666666666669,246.66666666666669,256.6666666666667,18.0,0,None
6,Vessel 5,6,Evac Area 4 Dock,Safe Area 2 Harbor,256.6666666666667,282.0,282.0,292.0,18.0,120,Evac Area 4
7,Vessel 5,7,Safe Area 2 Harbor,Evac Area 2 Marina,292.0,308.6666666666667,308.6666666666667,318.6666666666667,18.0,0,None
8,Vessel 5,8,Evac Area 2 Marina,Safe Area 2 Harbor,318.6666666666667,335.33333333333337,335.33333333333337,345.33333333333337,18.0,84,Evac Area 2
9,Vessel 5,9,Safe Area 2 Harbor,Evac Area 2 Marina,345.33333333333337,362.00000000000006,362.00000000000006,372.00000000000006,18.0,0,None
10,Vessel 5,10,Evac Area 2 Marina,Safe Area 2 Harbor,372.00000000000006,388.66666666666674,388.66666666666674,398.66666666666674,18.0,120,Evac Area 2
1,Vessel 6,1,Safe Area 3 Marina,Evac Area 4 Dock,100.8,118.8,118.8,121.8,25.0,0,None
2,Vessel 6,2,Evac Area 4 Dock,Safe Area 2 Harbor,121.8,140.04,140.04,143.04,25.0,12,Evac Area 4
3,Vessel 6,3,Safe Area 2 Harbor,Evac Area 4 Beach,143.04,161.27999999999997,161.27999999999997,164.27999999999997,25.0,0,None
4,Vessel 6,4,Evac Area 4 Beach,Safe Area 2 Harbor,164.27999999999997,182.51999999999998,182.51999999999998,185.51999999999998,25.0,12,Evac Area 4
5,Vessel 6,5,Safe Area 2 Harbor,Evac Area 4 Beach,185.51999999999998,203.76,203.76,206.76,25.0,0,None
6,Vessel 6,6,Evac Area 4 Beach,Safe Area 2 Harbor,206.76,225.0,225.0,228.0,25.0,12,Evac Area 4
7,Vessel 6,7,Safe Area 2 Harbor,Evac Area 4 Beach,228.0,246.24,246.24,249.24,25.0,0,None
8,Vessel 6,8,Evac Area 4 Beach,Safe Area 2 Harbor,249.24,267.48,267.48,270.48,25.0,12,Evac Area 4
9,Vessel 6,9,Safe Area 2 Harbor,Evac Area 4 Dock,270.48,288.72,288.72,291.72,25.0,0,None
10,Vessel 6,10,Evac Area 4 Dock,Safe Area 3 Marina,291.72,309.72,309.72,312.72,25.0,12,Evac Area 4
11,Vessel 6,11,Safe Area 3 Marina,Evac Area 4 Beach,312.72,330.72,330.72,333.72,25.0,0,None
12,Vessel 6,12,Evac Area 4 Beach,Safe Area 3 Marina,333.72,351.72,351.72,354.72,25.0,12,Evac Area 4
13,Vessel 6,13,Safe Area 3 Marina,Evac Area 4 Beach,354.72,372.72,372.72,375.72,25.0,0,None
14,Vessel 6,14,Evac Area 4 Beach,Safe Area 3 Marina,375.72,393.72,393.72,396.72,25.0,8,Evac Area 4
