segment_id,resource_id,route_segment_id,origin,destination,route_start_time,route_end_time,load_start_time,load_end_time,resource_speed,evacuees,evacuated_location,post_run_correction
1,Vessel 2,1,Safe Area 2 Harbor,Evac Area 2 Marina,10.0,22.0,22.0,25.0,25.0,0.0,None,
2,Vessel 2,2,Evac Area 2 Marina,Safe Area 2 Harbor,25.0,37.0,37.0,40.0,25.0,12.0,Evac Area 2,
3,Vessel 2,3,Safe Area 2 Harbor,Evac Area 4 Beach,40.0,58.24000000000001,58.24000000000001,61.24000000000001,25.0,0.0,None,
4,Vessel 2,4,Evac Area 4 Beach,Safe Area 2 Harbor,61.24000000000001,79.47999999999999,79.47999999999999,82.47999999999999,25.0,12.0,Evac Area 4,
5,Vessel 2,5,Safe Area 2 Harbor,Evac Area 4 Dock,82.47999999999999,100.71999999999998,100.71999999999998,103.71999999999998,25.0,0.0,None,
6,Vessel 2,6,Evac Area 4 Dock,Safe Area 2 Harbor,103.71999999999998,121.95999999999998,121.95999999999998,124.95999999999998,25.0,12.0,Evac Area 4,
7,Vessel 2,7,Safe Area 2 Harbor,Evac Area 2 Marina,124.95999999999998,136.95999999999998,136.95999999999998,139.95999999999998,25.0,0.0,None,
8,Vessel 2,8,Evac Area 2 Marina,Safe Area 2 Harbor,139.95999999999998,151.95999999999998,151.95999999999998,154.95999999999998,25.0,12.0,Evac Area 2,
1,Vessel 3,1,Safe Area 3 Marina,Evac Area 3 Dock,60.0,70.8,70.8,73.8,25.0,0.0,None,
2,Vessel 3,2,Evac Area 3 Dock,Safe Area 3 Marina,73.8,84.6,84.6,87.6,25.0,12.0,Evac Area 3,
3,Vessel 3,3,Safe Area 3 Marina,Evac Area 2 Marina,87.6,104.4,104.4,107.4,25.0,0.0,None,
4,Vessel 3,4,Evac Area 2 Marina,Safe Area 2 Harbor,107.4,119.4,119.4,122.4,25.0,12.0,Evac Area 2,
5,Vessel 3,5,Safe Area 2 Harbor,Evac Area 2 Marina,122.4,134.39999999999998,134.39999999999998,137.39999999999998,25.0,0.0,None,
6,Vessel 3,6,Evac Area 2 Marina,Safe Area 2 Harbor,137.39999999999998,149.39999999999998,149.39999999999998,152.39999999999998,25.0,12.0,Evac Area 2,
1,Vessel 4,1,Safe Area 1 Terminal,Evac Area 4 Dock,10.0,31.599999999999994,31.599999999999994,36.599999999999994,25.0,0.0,None,
2,Vessel 4,2,Evac Area 4 Dock,Safe Area 2 Harbor,36.599999999999994,54.83999999999999,54.83999999999999,59.83999999999999,25.0,27.0,Evac Area 4,
3,Vessel 4,3,Safe Area 2 Harbor,Evac Area 2 Marina,59.83999999999999,71.83999999999999,71.83999999999999,76.83999999999999,25.0,0.0,None,
4,Vessel 4,4,Evac Area 2 Marina,Safe Area 2 Harbor,76.83999999999999,88.83999999999999,88.83999999999999,93.84,25.0,30.0,Evac Area 2,
5,Vessel 4,5,Safe Area 2 Harbor,Evac Area 2 Marina,93.84,105.84,105.84,110.84,25.0,0.0,None,
6,Vessel 4,6,Evac Area 2 Marina,Safe Area 2 Harbor,110.84,122.84,122.84,127.84,25.0,38.0,Evac Area 2,
7,Vessel 4,7,Safe Area 2 Harbor,Evac Area 2 Marina,127.84,139.83999999999995,139.83999999999995,144.83999999999995,25.0,0.0,None,
8,Vessel 4,8,Evac Area 2 Marina,Safe Area 2 Harbor,144.83999999999995,156.83999999999995,156.83999999999995,161.83999999999995,25.0,38.0,Evac Area 2,
1,Vessel 5,1,Safe Area 1 Terminal,Evac Area 2 Marina,30.0,63.33333333333334,63.33333333333334,73.33333333333334,18.0,0.0,None,
2,Vessel 5,2,Evac Area 2 Marina,Safe Area 2 Harbor,73.33333333333334,90.00000000000001,90.00000000000001,100.0,18.0,120.0,Evac Area 2,
3,Vessel 5,3,Safe Area 2 Harbor,Evac Area 2 Marina,100.0,116.66666666666669,116.66666666666669,126.66666666666669,18.0,0.0,None,
4,Vessel 5,4,Evac Area 2 Marina,Safe Area 2 Harbor,126.66666666666669,143.33333333333334,143.33333333333334,153.33333333333334,18.0,120.0,Evac Area 2,
1,Vessel 6,1,Safe Area 1 Terminal,Evac Area 3 Dock,30.0,42.0,42.0,45.0,25.0,0.0,None,
2,Vessel 6,2,Evac Area 3 Dock,Safe Area 3 Marina,45.0,55.8,55.8,58.8,25.0,12.0,Evac Area 3,
3,Vessel 6,3,Safe Area 3 Marina,Evac Area 2 Marina,58.8,75.6,75.6,78.6,25.0,0.0,None,
4,Vessel 6,4,Evac Area 2 Marina,Safe Area 2 Harbor,78.6,90.6,90.6,93.6,25.0,12.0,Evac Area 2,
5,Vessel 6,5,Safe Area 2 Harbor,Evac Area 2 Marina,93.6,105.6,105.6,108.6,25.0,0.0,None,
6,Vessel 6,6,Evac Area 2 Marina,Safe Area 2 Harbor,108.6,120.6,120.6,123.6,25.0,12.0,Evac Area 2,
7,Vessel 6,7,Safe Area 2 Harbor,Evac Area 3 Dock,123.6,142.79999999999998,142.79999999999998,145.79999999999998,25.0,0.0,None,
8,Vessel 6,8,Evac Area 3 Dock,Safe Area 3 Marina,145.79999999999998,156.6,156.6,159.6,25.0,10.0,Evac Area 3,
1,Vessel 1,1,Safe Area 1 Terminal,Evac Area 1 Ferry Terminal,180.0,194.0,194.0,204.0,12.0,0.0,None,yes
2,Vessel 1,2,Evac Area 1 Ferry Terminal,Safe Area 1 Terminal,204.0,218.0,218.0,228.0,12.0,84.0,Evac Area 1,yes
3,Vessel 1,3,Safe Area 1 Terminal,Evac Area 1 Ferry Terminal,228.0,242.0,242.0,252.0,12.0,0.0,None,yes
4,Vessel 1,4,Evac Area 1 Ferry Terminal,Safe Area 1 Terminal,252.0,266.0,266.0,276.0,12.0,457.0,Evac Area 1,yes
1,Vessel 2,1,Safe Area 2 Harbor,Evac Area 4 Beach,180.0,198.24,198.24,201.24,25.0,0.0,None,yes
2,Vessel 2,2,Evac Area 4 Beach,Safe Area 3 Marina,201.24,219.24,219.24,222.24,25.0,12.0,Evac Area 4,yes
3,Vessel 2,3,Safe Area 3 Marina,Evac Area 4 Beach,222.24,240.24,240.24,243.24,25.0,0.0,None,yes
4,Vessel 2,4,Evac Area 4 Beach,Safe Area 3 Marina,243.24,261.24,261.24,264.24,25.0,12.0,Evac Area 4,yes
5,Vessel 2,5,Safe Area 3 Marina,Evac Area 4 Beach,264.24,282.24,282.24,285.24,25.0,0.0,None,yes
6,Vessel 2,6,Evac Area 4 Beach,Safe Area 2 Harbor,285.24,303.48,303.48,306.48,25.0,12.0,Evac Area 4,yes
7,Vessel 2,7,Safe Area 2 Harbor,Evac Area 4 Beach,306.48,324.72,324.72,327.72,25.0,0.0,None,yes
8,Vessel 2,8,Evac Area 4 Beach,Safe Area 2 Harbor,327.72,345.96000000000004,345.96000000000004,348.96000000000004,25.0,12.0,Evac Area 4,yes
9,Vessel 2,9,Safe Area 2 Harbor,Evac Area 2 Marina,348.96000000000004,360.96000000000004,360.96000000000004,363.96000000000004,25.0,0.0,None,yes
10,Vessel 2,10,Evac Area 2 Marina,Safe Area 2 Harbor,363.96000000000004,375.96000000000004,375.96000000000004,378.96000000000004,25.0,12.0,Evac Area 2,yes
11,Vessel 2,11,Safe Area 2 Harbor,Evac Area 2 Marina,378.96000000000004,390.96000000000004,390.96000000000004,393.96000000000004,25.0,0.0,None,yes
12,Vessel 2,12,Evac Area 2 Marina,Safe Area 2 Harbor,393.96000000000004,405.96000000000004,405.96000000000004,408.96000000000004,25.0,12.0,Evac Area 2,yes
1,Vessel 3,1,Safe Area 2 Harbor,Evac Area 2 Marina,180.0,192.0,192.0,195.0,25.0,0.0,None,yes
2,Vessel 3,2,Evac Area 2 Marina,Safe Area 2 Harbor,195.0,207.0,207.0,210.0,25.0,12.0,Evac Area 2,yes
3,Vessel 3,3,Safe Area 2 Harbor,Evac Area 2 Marina,210.0,222.0,222.0,225.0,25.0,0.0,None,yes
4,Vessel 3,4,Evac Area 2 Marina,Safe Area 2 Harbor,225.0,237.0,237.0,240.0,25.0,12.0,Evac Area 2,yes
5,Vessel 3,5,Safe Area 2 Harbor,Evac Area 4 Beach,240.0,258.24,258.24,261.24,25.0,0.0,None,yes
6,Vessel 3,6,Evac Area 4 Beach,Safe Area 2 Harbor,261.24,279.48,279.48,282.48,25.0,12.0,Evac Area 4,yes
7,Vessel 3,7,Safe Area 2 Harbor,Evac Area 2 Marina,282.48,294.48,294.48,297.48,25.0,0.0,None,yes
8,Vessel 3,8,Evac Area 2 Marina,Safe Area 2 Harbor,297.48,309.48,309.48,312.48,25.0,12.0,Evac Area 2,yes
9,Vessel 3,9,Safe Area 2 Harbor,Evac Area 4 Dock,312.48,330.72,330.72,333.72,25.0,0.0,None,yes
10,Vessel 3,10,Evac Area 4 Dock,Safe Area 2 Harbor,333.72,351.96000000000004,351.96000000000004,354.96000000000004,25.0,12.0,Evac Area 4,yes
11,Vessel 3,11,Safe Area 2 Harbor,Evac Area 4 Beach,354.96000000000004,373.20000000000005,373.20000000000005,376.20000000000005,25.0,0.0,None,yes
12,Vessel 3,12,Evac Area 4 Beach,Safe Area 3 Marina,376.20000000000005,394.20000000000005,394.20000000000005,397.20000000000005,25.0,12.0,Evac Area 4,yes
1,Vessel 4,1,Safe Area 2 Harbor,Evac Area 2 Marina,180.0,192.0,192.0,197.0,25.0,0.0,None,yes
2,Vessel 4,2,Evac Area 2 Marina,Safe Area 2 Harbor,197.0,209.0,209.0,214.0,25.0,38.0,Evac Area 2,yes
3,Vessel 4,3,Safe Area 2 Harbor,Evac Area 4 Dock,214.0,232.24,232.24,237.24,25.0,0.0,None,yes
4,Vessel 4,4,Evac Area 4 Dock,Safe Area 2 Harbor,237.24,255.48,255.48,260.48,25.0,38.0,Evac Area 4,yes
5,Vessel 4,5,Safe Area 2 Harbor,Evac Area 2 Marina,260.48,272.48,272.48,277.48,25.0,0.0,None,yes
6,Vessel 4,6,Evac Area 2 Marina,Safe Area 2 Harbor,277.48,289.48,289.48,294.48,25.0,38.0,Evac Area 2,yes
7,Vessel 4,7,Safe Area 2 Harbor,Evac Area 2 Marina,294.48,306.48,306.48,311.48,25.0,0.0,None,yes
8,Vessel 4,8,Evac Area 2 Marina,Safe Area 2 Harbor,311.48,323.48,323.48,328.48,25.0,38.0,Evac Area 2,yes
9,Vessel 4,9,Safe Area 2 Harbor,Evac Area 2 Marina,328.48,340.48,340.48,345.48,25.0,0.0,None,yes
10,Vessel 4,10,Evac Area 2 Marina,Safe Area 2 Harbor,345.48,357.48,357.48,362.48,25.0,38.0,Evac Area 2,yes
11,Vessel 4,11,Safe Area 2 Harbor,Evac Area 2 Marina,362.48,374.48,374.48,379.48,25.0,0.0,None,yes
12,Vessel 4,12,Evac Area 2 Marina,Safe Area 2 Harbor,379.48,391.48,391.48,396.48,25.0,38.0,Evac Area 2,yes
1,Vessel 5,1,Safe Area 2 Harbor,Evac Area 2 Marina,180.0,196.66666666666666,196.66666666666666,206.66666666666666,18.0,0.0,None,yes
2,Vessel 5,2,Evac Area 2 Marina,Safe Area 2 Harbor,206.66666666666666,223.33333333333334,223.33333333333334,233.33333333333334,18.0,120.0,Evac Area 2,yes
3,Vessel 5,3,Safe Area 2 Harbor,Evac Area 2 Marina,233.33333333333334,250.0,250.0,260.0,18.0,0.0,None,yes
4,Vessel 5,4,Evac Area 2 Marina,Safe Area 2 Harbor,260.0,276.6666666666667,276.6666666666667,286.6666666666667,18.0,120.0,Evac Area 2,yes
5,Vessel 5,5,Safe Area 2 Harbor,Evac Area 2 Marina,286.6666666666667,303.33333333333337,303.33333333333337,313.33333333333337,18.0,0.0,None,yes
6,Vessel 5,6,Evac Area 2 Marina,Safe Area 2 Harbor,313.33333333333337,330.0,330.0,340.0,18.0,120.0,Evac Area 2,yes
7,Vessel 5,7,Safe Area 2 Harbor,Evac Area 4 Dock,340.0,365.33333333333337,365.33333333333337,375.33333333333337,18.0,0.0,None,yes
8,Vessel 5,8,Evac Area 4 Dock,Safe Area 3 Marina,375.33333333333337,400.33333333333337,400.33333333333337,410.33333333333337,18.0,120.0,Evac Area 4,yes
1,Vessel 6,1,Safe Area 3 Marina,Evac Area 4 Dock,180.0,198.0,198.0,201.0,25.0,0.0,None,yes
2,Vessel 6,2,Evac Area 4 Dock,Safe Area 2 Harbor,201.0,219.24,219.24,222.24,25.0,11.0,Evac Area 4,yes
3,Vessel 6,3,Safe Area 2 Harbor,Evac Area 2 Marina,222.24,234.24,234.24,237.24,25.0,0.0,None,yes
4,Vessel 6,4,Evac Area 2 Marina,Safe Area 1 Terminal,237.24,261.24,261.24,264.24,25.0,9.0,Evac Area 2,yes
5,Vessel 6,5,Safe Area 1 Terminal,Evac Area 2 Marina,264.24,288.24,288.24,291.24,25.0,0.0,None,yes
6,Vessel 6,6,Evac Area 2 Marina,Safe Area 2 Harbor,291.24,303.24,303.24,306.24,25.0,12.0,Evac Area 2,yes
7,Vessel 6,7,Safe Area 2 Harbor,Evac Area 4 Beach,306.24,324.48,324.48,327.48,25.0,0.0,None,yes
8,Vessel 6,8,Evac Area 4 Beach,Safe Area 2 Harbor,327.48,345.72,345.72,348.72,25.0,12.0,Evac Area 4,yes
9,Vessel 6,9,Safe Area 2 Harbor,Evac Area 4 Beach,348.72,366.96000000000004,366.96000000000004,369.96000000000004,25.0,0.0,None,yes
10,Vessel 6,10,Evac Area 4 Beach,Safe Area 2 Harbor,369.96000000000004,388.20000000000005,388.20000000000005,391.20000000000005,25.0,12.0,Evac Area 4,yes
