segment_id,resource_id,route_segment_id,origin,destination,route_start_time,route_end_time,load_start_time,load_end_time,resource_speed,evacuees,evacuated_location,post_run_correction
1,Vessel 1,1,Safe Area 1 Terminal,Evac Area 1 Ferry Terminal,10.0,24.0,24.0,34.0,12.0,0,None,
2,Vessel 1,2,Evac Area 1 Ferry Terminal,Safe Area 1 Terminal,34.0,48.0,48.0,58.0,12.0,400,Evac Area 1,
1,Vessel 2,1,Safe Area 2 Harbor,Evac Area 4 Dock,10.0,28.24000000000001,28.24000000000001,31.24000000000001,25.0,0,None,
2,Vessel 2,2,Evac Area 4 Dock,Safe Area 2 Harbor,31.24000000000001,49.48000000000002,49.48000000000002,52.48000000000002,25.0,12,Evac Area 4,
3,Vessel 2,3,Safe Area 2 Harbor,Evac Area 2 Marina,52.48000000000002,64.48000000000002,64.48000000000002,67.48000000000002,25.0,0,None,
4,Vessel 2,4,Evac Area 2 Marina,Safe Area 2 Harbor,67.48000000000002,79.48000000000002,79.48000000000002,82.48000000000002,25.0,12,Evac Area 2,
5,Vessel 2,5,Safe Area 2 Harbor,Evac Area 4 Beach,82.48000000000002,100.71999999999997,100.71999999999997,103.71999999999997,25.0,0,None,
6,Vessel 2,6,Evac Area 4 Beach,Safe Area 2 Harbor,103.71999999999997,121.95999999999998,121.95999999999998,124.95999999999998,25.0,12,Evac Area 4,
7,Vessel 2,7,Safe Area 2 Harbor,Evac Area 2 Marina,124.95999999999998,136.95999999999998,136.95999999999998,139.95999999999998,25.0,0,None,
8,Vessel 2,8,Evac Area 2 Marina,Safe Area 2 Harbor,139.95999999999998,151.95999999999998,151.95999999999998,154.95999999999998,25.0,12,Evac Area 2,
9,Vessel 2,9,Safe Area 2 Harbor,Evac Area 4 Beach,154.95999999999998,173.2,173.2,176.2,25.0,0,None,
10,Vessel 2,10,Evac Area 4 Beach,Safe Area 2 Harbor,176.2,194.44,194.44,197.44,25.0,12,Evac Area 4,
11,Vessel 2,11,Safe Area 2 Harbor,Evac Area 2 Marina,197.44,209.44,209.44,212.44,25.0,0,None,
12,Vessel 2,12,Evac Area 2 Marina,Safe Area 2 Harbor,212.44,224.44,224.44,227.44,25.0,12,Evac Area 2,
13,Vessel 2,13,Safe Area 2 Harbor,Evac Area 4 Beach,227.44,245.68,245.68,248.68,25.0,0,None,
14,Vessel 2,14,Evac Area 4 Beach,Safe Area 3 Marina,248.68,266.68,266.68,269.68,25.0,12,Evac Area 4,
15,Vessel 2,15,Safe Area 3 Marina,Evac Area 4 Beach,269.68,287.68,287.68,290.68,25.0,0,None,
16,Vessel 2,16,Evac Area 4 Beach,Safe Area 3 Marina,290.68,308.68,308.68,311.68,25.0,12,Evac Area 4,
17,Vessel 2,17,Safe Area 3 Marina,Evac Area 4 Dock,311.68,329.68,329.68,332.68,25.0,0,None,
18,Vessel 2,18,Evac Area 4 Dock,Safe Area 3 Marina,332.68,350.68,350.68,353.68,25.0,12,Evac Area 4,
1,Vessel 3,1,Safe Area 3 Marina,Evac Area 4 Dock,60.0,78.0,78.0,81.0,25.0,0,None,
2,Vessel 3,2,Evac Area 4 Dock,Safe Area 2 Harbor,81.0,99.24000000000001,99.24000000000001,102.24000000000001,25.0,12,Evac Area 4,
3,Vessel 3,3,Safe Area 2 Harbor,Evac Area 2 Marina,102.24000000000001,114.24000000000001,114.24000000000001,117.24000000000001,25.0,0,None,
4,Vessel 3,4,Evac Area 2 Marina,Safe Area 2 Harbor,117.24000000000001,129.24,129.24,132.24,25.0,12,Evac Area 2,
5,Vessel 3,5,Safe Area 2 Harbor,Evac Area 2 Marina,132.24,144.24,144.24,147.24,25.0,0,None,
6,Vessel 3,6,Evac Area 2 Marina,Safe Area 2 Harbor,147.24,159.24,159.24,162.24,25.0,12,Evac Area 2,
7,Vessel 3,7,Safe Area 2 Harbor,Evac Area 2 Marina,162.24,174.24,174.24,177.24,25.0,0,None,
8,Vessel 3,8,Evac Area 2 Marina,Safe Area 2 Harbor,177.24,189.24,189.24,192.24,25.0,12,Evac Area 2,
9,Vessel 3,9,Safe Area 2 Harbor,Evac Area 2 Marina,192.24,204.24,204.24,207.24,25.0,0,None,
10,Vessel 3,10,Evac Area 2 Marina,Safe Area 2 Harbor,207.24,219.24,219.24,222.24,25.0,12,Evac Area 2,
11,Vessel 3,11,Safe Area 2 Harbor,Evac Area 2 Marina,222.24,234.24,234.24,237.24,25.0,0,None,
12,Vessel 3,12,Evac Area 2 Marina,Safe Area 2 Harbor,237.24,249.24,249.24,252.24,25.0,12,Evac Area 2,
13,Vessel 3,13,Safe Area 2 Harbor,Evac Area 4 Dock,252.24,270.48,270.48,273.48,25.0,0,None,
14,Vessel 3,14,Evac Area 4 Dock,Safe Area 3 Marina,273.48,291.48,291.48,294.48,25.0,12,Evac Area 4,
15,Vessel 3,15,Safe Area 3 Marina,Evac Area 4 Dock,294.48,312.48,312.48,315.48,25.0,0,None,
16,Vessel 3,16,Evac Area 4 Dock,Safe Area 2 Harbor,315.48,333.72,333.72,336.72,25.0,12,Evac Area 4,
17,Vessel 3,17,Safe Area 2 Harbor,Evac Area 2 Marina,336.72,348.72,348.72,351.72,25.0,0,None,
18,Vessel 3,18,Evac Area 2 Marina,Safe Area 2 Harbor,351.72,363.72,363.72,366.72,25.0,12,Evac Area 2,
1,Vessel 4,1,Safe Area 1 Terminal,Evac Area 4 Dock,10.0,31.600000000000023,31.600000000000023,36.60000000000002,25.0,0,None,
2,Vessel 4,2,Evac Area 4 Dock,Safe Area 3 Marina,36.60000000000002,54.60000000000002,54.60000000000002,59.60000000000002,25.0,38,Evac Area 4,
3,Vessel 4,3,Safe Area 3 Marina,Evac Area 4 Dock,59.60000000000002,77.60000000000002,77.60000000000002,82.60000000000002,25.0,0,None,
4,Vessel 4,4,Evac Area 4 Dock,Safe Area 2 Harbor,82.60000000000002,100.84000000000003,100.84000000000003,105.84000000000003,25.0,38,Evac Area 4,
5,Vessel 4,5,Safe Area 2 Harbor,Evac Area 2 Marina,105.84000000000003,117.84,117.84,122.84,25.0,0,None,
6,Vessel 4,6,Evac Area 2 Marina,Safe Area 2 Harbor,122.84,134.83999999999995,134.83999999999995,139.83999999999995,25.0,38,Evac Area 2,
7,Vessel 4,7,Safe Area 2 Harbor,Evac Area 2 Marina,139.83999999999995,151.83999999999995,151.83999999999995,156.83999999999995,25.0,0,None,
8,Vessel 4,8,Evac Area 2 Marina,Safe Area 2 Harbor,156.83999999999995,168.83999999999995,168.83999999999995,173.83999999999995,25.0,26,Evac Area 2,
9,Vessel 4,9,Safe Area 2 Harbor,Evac Area 2 Marina,173.83999999999995,185.84,185.84,190.84,25.0,0,None,
10,Vessel 4,10,Evac Area 2 Marina,Safe Area 2 Harbor,190.84,202.84,202.84,207.84,25.0,38,Evac Area 2,
11,Vessel 4,11,Safe Area 2 Harbor,Evac Area 4 Dock,207.84,226.08,226.08,231.08,25.0,0,None,
12,Vessel 4,12,Evac Area 4 Dock,Safe Area 2 Harbor,231.08,249.32,249.32,254.32,25.0,38,Evac Area 4,
13,Vessel 4,13,Safe Area 2 Harbor,Evac Area 2 Marina,254.32,266.32,266.32,271.32,25.0,0,None,
14,Vessel 4,14,Evac Area 2 Marina,Safe Area 2 Harbor,271.32,283.32,283.32,288.32,25.0,38,Evac Area 2,
15,Vessel 4,15,Safe Area 2 Harbor,Evac Area 4 Dock,288.32,306.56,306.56,311.56,25.0,0,None,
16,Vessel 4,16,Evac Area 4 Dock,Safe Area 3 Marina,311.56,329.56,329.56,334.56,25.0,38,Evac Area 4,
17,Vessel 4,17,Safe Area 3 Marina,Evac Area 3 Dock,334.56,345.36,345.36,350.36,25.0,0,None,
18,Vessel 4,18,Evac Area 3 Dock,Safe Area 3 Marina,350.36,361.16,361.16,366.16,25.0,36,Evac Area 3,
1,Vessel 5,1,Safe Area 1 Terminal,Evac Area 4 Dock,30.0,60.0,60.0,70.0,18.0,0,None,
2,Vessel 5,2,Evac Area 4 Dock,Safe Area 2 Harbor,70.0,95.33333333333331,95.33333333333331,105.33333333333331,18.0,120,Evac Area 4,
3,Vessel 5,3,Safe Area 2 Harbor,Evac Area 2 Marina,105.33333333333331,122.0,122.0,132.0,18.0,0,None,
4,Vessel 5,4,Evac Area 2 Marina,Safe Area 2 Harbor,132.0,148.66666666666666,148.66666666666666,158.66666666666666,18.0,120,Evac Area 2,
5,Vessel 5,5,Safe Area 2 Harbor,Evac Area 2 Marina,158.66666666666666,175.33333333333331,175.33333333333331,185.3333333333333,18.0,0,None,
6,Vessel 5,6,Evac Area 2 Marina,Safe Area 2 Harbor,185.3333333333333,202.0,202.0,212.0,18.0,120,Evac Area 2,
7,Vessel 5,7,Safe Area 2 Harbor,Evac Area 2 Marina,212.0,228.66666666666663,228.66666666666663,238.66666666666663,18.0,0,None,
8,Vessel 5,8,Evac Area 2 Marina,Safe Area 2 Harbor,238.66666666666663,255.3333333333333,255.3333333333333,265.33333333333326,18.0,120,Evac Area 2,
9,Vessel 5,9,Safe Area 2 Harbor,Evac Area 2 Marina,265.33333333333326,281.99999999999994,281.99999999999994,291.99999999999994,18.0,0,None,
10,Vessel 5,10,Evac Area 2 Marina,Safe Area 2 Harbor,291.99999999999994,308.66666666666663,308.66666666666663,318.66666666666663,18.0,120,Evac Area 2,
11,Vessel 5,11,Safe Area 2 Harbor,Evac Area 2 Marina,318.66666666666663,335.3333333333333,335.3333333333333,345.3333333333333,18.0,0,None,
12,Vessel 5,12,Evac Area 2 Marina,Safe Area 2 Harbor,345.3333333333333,362.0,362.0,372.0,18.0,120,Evac Area 2,
1,Vessel 6,1,Safe Area 1 Terminal,Evac Area 4 Beach,30.0,51.60000000000002,51.60000000000002,54.60000000000002,25.0,0,None,
2,Vessel 6,2,Evac Area 4 Beach,Safe Area 3 Marina,54.60000000000002,72.60000000000002,72.60000000000002,75.60000000000002,25.0,12,Evac Area 4,
3,Vessel 6,3,Safe Area 3 Marina,Evac Area 4 Dock,75.60000000000002,93.60000000000002,93.60000000000002,96.60000000000002,25.0,0,None,
4,Vessel 6,4,Evac Area 4 Dock,Safe Area 2 Harbor,96.60000000000002,114.84000000000003,114.84000000000003,117.84,25.0,12,Evac Area 4,
5,Vessel 6,5,Safe Area 2 Harbor,Evac Area 2 Marina,117.84,129.83999999999995,129.83999999999995,132.83999999999995,25.0,0,None,
6,Vessel 6,6,Evac Area 2 Marina,Safe Area 2 Harbor,132.83999999999995,144.83999999999995,144.83999999999995,147.83999999999995,25.0,12,Evac Area 2,
7,Vessel 6,7,Safe Area 2 Harbor,Evac Area 2 Marina,147.83999999999995,159.83999999999995,159.83999999999995,162.83999999999995,25.0,0,None,
8,Vessel 6,8,Evac Area 2 Marina,Safe Area 2 Harbor,162.83999999999995,174.83999999999995,174.83999999999995,177.83999999999995,25.0,12,Evac Area 2,
9,Vessel 6,9,Safe Area 2 Harbor,Evac Area 2 Marina,177.83999999999995,189.84,189.84,192.84,25.0,0,None,
10,Vessel 6,10,Evac Area 2 Marina,Safe Area 2 Harbor,192.84,204.84,204.84,207.84,25.0,12,Evac Area 2,
11,Vessel 6,11,Safe Area 2 Harbor,Evac Area 4 Beach,207.84,226.08,226.08,229.08,25.0,0,None,
12,Vessel 6,12,Evac Area 4 Beach,Safe Area 2 Harbor,229.08,247.32,247.32,250.32,25.0,12,Evac Area 4,
13,Vessel 6,13,Safe Area 2 Harbor,Evac Area 4 Dock,250.32,268.56,268.56,271.56,25.0,0,None,
14,Vessel 6,14,Evac Area 4 Dock,Safe Area 3 Marina,271.56,289.56,289.56,292.56,25.0,12,Evac Area 4,
15,Vessel 6,15,Safe Area 3 Marina,Evac Area 4 Beach,292.56,310.56,310.56,313.56,25.0,0,None,
16,Vessel 6,16,Evac Area 4 Beach,Safe Area 2 Harbor,313.56,331.8,331.8,334.8,25.0,12,Evac Area 4,
17,Vessel 6,17,Safe Area 2 Harbor,Evac Area 2 Marina,334.8,346.8,346.8,349.8,25.0,0,None,
18,Vessel 6,18,Evac Area 2 Marina,Safe Area 2 Harbor,349.8,361.8,361.8,364.8,25.0,12,Evac Area 2,
1,Vessel 1,1,Safe Area 1 Terminal,Evac Area 1 Ferry Terminal,372.0,386.0,386.0,396.0,12.0,0,None,yes
2,Vessel 1,2,Evac Area 1 Ferry Terminal,Safe Area 1 Terminal,396.0,410.0,410.0,420.0,12.0,141,Evac Area 1,yes
1,Vessel 4,1,Safe Area 3 Marina,Evac Area 2 Marina,372.0,388.8,388.8,393.8,25.0,0,None,yes
2,Vessel 4,2,Evac Area 2 Marina,Safe Area 2 Harbor,393.8,405.8,405.8,410.8,25.0,33,Evac Area 2,yes
1,Vessel 5,1,Safe Area 2 Harbor,Evac Area 2 Marina,372.0,388.6666666666667,388.6666666666667,398.6666666666667,18.0,0,None,yes
2,Vessel 5,2,Evac Area 2 Marina,Safe Area 2 Harbor,398.6666666666667,415.3333333333333,415.3333333333333,425.3333333333333,18.0,120,Evac Area 2,yes
