segment_id,resource_id,route_segment_id,origin,destination,route_start_time,route_end_time,load_start_time,load_end_time,resource_speed,evacuees,evacuated_location
1,Vessel 1,1,Safe Area 1 Terminal,Evac Area 1 Ferry Terminal,10.0,24.0,24.0,34.0,12.0,0,None
2,Vessel 1,2,Evac Area 1 Ferry Terminal,Safe Area 1 Terminal,34.0,48.0,48.0,58.0,12.0,457,Evac Area 1
3,Vessel 1,3,Safe Area 1 Terminal,Evac Area 1 Ferry Terminal,58.0,72.0,72.0,82.0,12.0,0,None
4,Vessel 1,4,Evac Area 1 Ferry Terminal,Safe Area 1 Terminal,82.0,96.0,96.0,106.0,12.0,282,Evac Area 1
1,Vessel 1,1,Safe Area 1 Terminal,Evac Area 1 Ferry Terminal,106.0,120.0,120.0,130.0,12.0,0,None
2,Vessel 1,2,Evac Area 1 Ferry Terminal,Safe Area 1 Terminal,130.0,144.0,144.0,154.0,12.0,210,Evac Area 1
1,Vessel 2,1,Safe Area 2 Harbor,Evac Area 4 Dock,10.0,28.24000000000001,28.24000000000001,31.24000000000001,25.0,0,None
2,Vessel 2,2,Evac Area 4 Dock,Safe Area 3 Marina,31.24000000000001,49.24000000000001,49.24000000000001,52.24000000000001,25.0,12,Evac Area 4
3,Vessel 2,3,Safe Area 3 Marina,Evac Area 4 Beach,52.24000000000001,70.24000000000001,70.24000000000001,73.24000000000001,25.0,0,None
4,Vessel 2,4,Evac Area 4 Beach,Safe Area 2 Harbor,73.24000000000001,91.48000000000002,91.48000000000002,94.48000000000002,25.0,12,Evac Area 4
1,Vessel 2,1,Safe Area 2 Harbor,Evac Area 4 Beach,94.48000000000002,112.72,112.72,115.72,25.0,0,None
2,Vessel 2,2,Evac Area 4 Beach,Safe Area 3 Marina,115.72,133.72,133.72,136.72,25.0,12,Evac Area 4
1,Vessel 2,1,Safe Area 3 Marina,Evac Area 3 Dock,136.72,147.51999999999998,147.51999999999998,150.51999999999998,25.0,0,None
2,Vessel 2,2,Evac Area 3 Dock,Safe Area 3 Marina,150.51999999999998,161.32,161.32,164.32,25.0,4,Evac Area 3
3,Vessel 2,3,Safe Area 3 Marina,Evac Area 4 Beach,164.32,182.32,182.32,185.32,25.0,0,None
4,Vessel 2,4,Evac Area 4 Beach,Safe Area 3 Marina,185.32,203.32,203.32,206.32,25.0,12,Evac Area 4
1,Vessel 2,1,Safe Area 3 Marina,Evac Area 4 Dock,206.32,224.32,224.32,227.32,25.0,0,None
2,Vessel 2,2,Evac Area 4 Dock,Safe Area 3 Marina,227.32,245.32,245.32,248.32,25.0,6,Evac Area 4
1,Vessel 3,1,Safe Area 3 Marina,Evac Area 4 Beach,60.0,78.0,78.0,81.0,25.0,0,None
2,Vessel 3,2,Evac Area 4 Beach,Safe Area 3 Marina,81.0,99.0,99.0,102.0,25.0,12,Evac Area 4
1,Vessel 3,1,Safe Area 3 Marina,Evac Area 4 Beach,102.0,120.0,120.0,123.0,25.0,0,None
2,Vessel 3,2,Evac Area 4 Beach,Safe Area 3 Marina,123.0,141.0,141.0,144.0,25.0,8,Evac Area 4
1,Vessel 3,1,Safe Area 3 Marina,Evac Area 3 Dock,144.0,154.8,154.8,157.8,25.0,0,None
2,Vessel 3,2,Evac Area 3 Dock,Safe Area 3 Marina,157.8,168.6,168.6,171.6,25.0,12,Evac Area 3
3,Vessel 3,3,Safe Area 3 Marina,Evac Area 3 Dock,171.6,182.4,182.4,185.4,25.0,0,None
4,Vessel 3,4,Evac Area 3 Dock,Safe Area 1 Terminal,185.4,197.4,197.4,200.4,25.0,12,Evac Area 3
1,Vessel 3,1,Safe Area 1 Terminal,Evac Area 4 Beach,200.4,222.0,222.0,225.0,25.0,0,None
2,Vessel 3,2,Evac Area 4 Beach,Safe Area 3 Marina,225.0,243.0,243.0,246.0,25.0,12,Evac Area 4
1,Vessel 4,1,Safe Area 1 Terminal,Evac Area 3 Dock,10.0,22.0,22.0,27.0,25.0,0,None
2,Vessel 4,2,Evac Area 3 Dock,Safe Area 3 Marina,27.0,37.80000000000001,37.80000000000001,42.80000000000001,25.0,31,Evac Area 3
3,Vessel 4,3,Safe Area 3 Marina,Evac Area 4 Dock,42.80000000000001,60.80000000000001,60.80000000000001,65.80000000000001,25.0,0,None
4,Vessel 4,4,Evac Area 4 Dock,Safe Area 2 Harbor,65.80000000000001,84.03999999999999,84.03999999999999,89.03999999999999,25.0,38,Evac Area 4
1,Vessel 4,1,Safe Area 2 Harbor,Evac Area 2 Marina,89.03999999999999,101.04000000000002,101.04000000000002,106.04000000000002,25.0,0,None
2,Vessel 4,2,Evac Area 2 Marina,Safe Area 2 Harbor,106.04000000000002,118.04,118.04,123.04,25.0,38,Evac Area 2
1,Vessel 4,1,Safe Area 2 Harbor,Evac Area 4 Dock,123.04,141.28,141.28,146.28,25.0,0,None
2,Vessel 4,2,Evac Area 4 Dock,Safe Area 2 Harbor,146.28,164.52,164.52,169.52,25.0,38,Evac Area 4
3,Vessel 4,3,Safe Area 2 Harbor,Evac Area 2 Marina,169.52,181.52,181.52,186.52,25.0,0,None
4,Vessel 4,4,Evac Area 2 Marina,Safe Area 2 Harbor,186.52,198.52,198.52,203.52,25.0,38,Evac Area 2
1,Vessel 4,1,Safe Area 2 Harbor,Evac Area 2 Marina,203.52,215.52,215.52,220.52,25.0,0,None
2,Vessel 4,2,Evac Area 2 Marina,Safe Area 2 Harbor,220.52,232.52,232.52,237.52,25.0,38,Evac Area 2
3,Vessel 4,3,Safe Area 2 Harbor,Evac Area 2 Marina,237.52,249.52,249.52,254.52,25.0,0,None
4,Vessel 4,4,Evac Area 2 Marina,Safe Area 2 Harbor,254.52,266.52,266.52,271.52,25.0,38,Evac Area 2
1,Vessel 5,1,Safe Area 1 Terminal,Evac Area 4 Dock,30.0,60.0,60.0,70.0,18.0,0,None
2,Vessel 5,2,Evac Area 4 Dock,Safe Area 2 Harbor,70.0,95.33333333333331,95.33333333333331,105.33333333333331,18.0,120,Evac Area 4
1,Vessel 5,1,Safe Area 2 Harbor,Evac Area 2 Marina,105.33333333333331,122.0,122.0,132.0,18.0,0,None
2,Vessel 5,2,Evac Area 2 Marina,Safe Area 2 Harbor,132.0,148.66666666666666,148.66666666666666,158.66666666666666,18.0,120,Evac Area 2
1,Vessel 5,1,Safe Area 2 Harbor,Evac Area 2 Marina,158.66666666666666,175.33333333333331,175.33333333333331,185.3333333333333,18.0,0,None
2,Vessel 5,2,Evac Area 2 Marina,Safe Area 2 Harbor,185.3333333333333,202.0,202.0,212.0,18.0,120,Evac Area 2
1,Vessel 5,1,Safe Area 2 Harbor,Evac Area 2 Marina,212.0,228.66666666666669,228.66666666666669,238.66666666666669,18.0,0,None
2,Vessel 5,2,Evac Area 2 Marina,Safe Area 2 Harbor,238.66666666666669,255.33333333333331,255.33333333333331,265.33333333333337,18.0,120,Evac Area 2
1,Vessel 6,1,Safe Area 1 Terminal,Evac Area 4 Beach,30.0,51.599999999999994,51.599999999999994,54.599999999999994,25.0,0,None
2,Vessel 6,2,Evac Area 4 Beach,Safe Area 3 Marina,54.599999999999994,72.6,72.6,75.6,25.0,12,Evac Area 4
1,Vessel 6,1,Safe Area 3 Marina,Evac Area 4 Dock,75.6,93.6,93.6,96.6,25.0,0,None
2,Vessel 6,2,Evac Area 4 Dock,Safe Area 3 Marina,96.6,114.6,114.6,117.6,25.0,12,Evac Area 4
3,Vessel 6,3,Safe Area 3 Marina,Evac Area 4 Dock,117.6,135.6,135.6,138.6,25.0,0,None
4,Vessel 6,4,Evac Area 4 Dock,Safe Area 2 Harbor,138.6,156.83999999999995,156.83999999999995,159.83999999999995,25.0,12,Evac Area 4
1,Vessel 6,1,Safe Area 2 Harbor,Evac Area 2 Marina,159.83999999999995,171.83999999999995,171.83999999999995,174.83999999999995,25.0,0,None
2,Vessel 6,2,Evac Area 2 Marina,Safe Area 2 Harbor,174.83999999999995,186.83999999999995,186.83999999999995,189.83999999999995,25.0,12,Evac Area 2
1,Vessel 6,1,Safe Area 2 Harbor,Evac Area 4 Dock,189.83999999999995,208.08,208.08,211.08,25.0,0,None
2,Vessel 6,2,Evac Area 4 Dock,Safe Area 2 Harbor,211.08,229.31999999999996,229.31999999999996,232.31999999999996,25.0,12,Evac Area 4
3,Vessel 6,3,Safe Area 2 Harbor,Evac Area 4 Beach,232.31999999999996,250.55999999999997,250.55999999999997,253.55999999999997,25.0,0,None
4,Vessel 6,4,Evac Area 4 Beach,Safe Area 1 Terminal,253.55999999999997,275.16,275.16,278.16,25.0,12,Evac Area 4
1,Vessel 1,1,Safe Area 1 Terminal,Evac Area 1 Ferry Terminal,240.0,254.0,254.0,264.0,12.0,0,None
2,Vessel 1,2,Evac Area 1 Ferry Terminal,Safe Area 1 Terminal,264.0,278.0,278.0,288.0,12.0,15,Evac Area 1
1,Vessel 2,1,Safe Area 3 Marina,Evac Area 4 Beach,248.32,266.32,266.32,269.32,25.0,0,None
2,Vessel 2,2,Evac Area 4 Beach,Safe Area 2 Harbor,269.32,287.56,287.56,290.56,25.0,12,Evac Area 4
3,Vessel 2,3,Safe Area 2 Harbor,Evac Area 2 Marina,290.56,302.56,302.56,305.56,25.0,0,None
4,Vessel 2,4,Evac Area 2 Marina,Safe Area 2 Harbor,305.56,317.56,317.56,320.56,25.0,12,Evac Area 2
5,Vessel 2,5,Safe Area 2 Harbor,Evac Area 2 Marina,320.56,332.56,332.56,335.56,25.0,0,None
6,Vessel 2,6,Evac Area 2 Marina,Safe Area 2 Harbor,335.56,347.56,347.56,350.56,25.0,12,Evac Area 2
7,Vessel 2,7,Safe Area 2 Harbor,Evac Area 4 Dock,350.56,368.79999999999995,368.79999999999995,371.79999999999995,25.0,0,None
8,Vessel 2,8,Evac Area 4 Dock,Safe Area 2 Harbor,371.79999999999995,390.03999999999996,390.03999999999996,393.03999999999996,25.0,12,Evac Area 4
9,Vessel 2,9,Safe Area 2 Harbor,Evac Area 2 Marina,393.03999999999996,405.03999999999996,405.03999999999996,408.03999999999996,25.0,0,None
10,Vessel 2,10,Evac Area 2 Marina,Safe Area 2 Harbor,408.03999999999996,420.03999999999996,420.03999999999996,423.03999999999996,25.0,12,Evac Area 2
1,Vessel 3,1,Safe Area 3 Marina,Evac Area 4 Dock,246.0,264.0,264.0,267.0,25.0,0,None
2,Vessel 3,2,Evac Area 4 Dock,Safe Area 2 Harbor,267.0,285.24,285.24,288.24,25.0,12,Evac Area 4
3,Vessel 3,3,Safe Area 2 Harbor,Evac Area 2 Marina,288.24,300.24,300.24,303.24,25.0,0,None
4,Vessel 3,4,Evac Area 2 Marina,Safe Area 2 Harbor,303.24,315.24,315.24,318.24,25.0,12,Evac Area 2
5,Vessel 3,5,Safe Area 2 Harbor,Evac Area 4 Dock,318.24,336.48,336.48,339.48,25.0,0,None
6,Vessel 3,6,Evac Area 4 Dock,Safe Area 3 Marina,339.48,357.48,357.48,360.48,25.0,12,Evac Area 4
7,Vessel 3,7,Safe Area 3 Marina,Evac Area 4 Beach,360.48,378.48,378.48,381.48,25.0,0,None
8,Vessel 3,8,Evac Area 4 Beach,Safe Area 3 Marina,381.48,399.48,399.48,402.48,25.0,12,Evac Area 4
9,Vessel 3,9,Safe Area 3 Marina,Evac Area 4 Beach,402.48,420.48,420.48,423.48,25.0,0,None
10,Vessel 3,10,Evac Area 4 Beach,Safe Area 3 Marina,423.48,441.48,441.48,444.48,25.0,12,Evac Area 4
1,Vessel 4,1,Safe Area 2 Harbor,Evac Area 2 Marina,271.52,283.52,283.52,288.52,25.0,0,None
2,Vessel 4,2,Evac Area 2 Marina,Safe Area 2 Harbor,288.52,300.52,300.52,305.52,25.0,38,Evac Area 2
3,Vessel 4,3,Safe Area 2 Harbor,Evac Area 2 Marina,305.52,317.52,317.52,322.52,25.0,0,None
4,Vessel 4,4,Evac Area 2 Marina,Safe Area 2 Harbor,322.52,334.52,334.52,339.52,25.0,38,Evac Area 2
5,Vessel 4,5,Safe Area 2 Harbor,Evac Area 2 Marina,339.52,351.52,351.52,356.52,25.0,0,None
6,Vessel 4,6,Evac Area 2 Marina,Safe Area 2 Harbor,356.52,368.52,368.52,373.52,25.0,38,Evac Area 2
7,Vessel 4,7,Safe Area 2 Harbor,Evac Area 2 Marina,373.52,385.52,385.52,390.52,25.0,0,None
8,Vessel 4,8,Evac Area 2 Marina,Safe Area 2 Harbor,390.52,402.52,402.52,407.52,25.0,38,Evac Area 2
9,Vessel 4,9,Safe Area 2 Harbor,Evac Area 2 Marina,407.52,419.52,419.52,424.52,25.0,0,None
10,Vessel 4,10,Evac Area 2 Marina,Safe Area 2 Harbor,424.52,436.52,436.52,441.52,25.0,38,Evac Area 2
1,Vessel 5,1,Safe Area 2 Harbor,Evac Area 2 Marina,265.33333333333337,282.00000000000006,282.00000000000006,292.00000000000006,18.0,0,None
2,Vessel 5,2,Evac Area 2 Marina,Safe Area 2 Harbor,292.00000000000006,308.66666666666674,308.66666666666674,318.66666666666674,18.0,120,Evac Area 2
3,Vessel 5,3,Safe Area 2 Harbor,Evac Area 4 Dock,318.66666666666674,344.00000000000006,344.00000000000006,354.00000000000006,18.0,0,None
4,Vessel 5,4,Evac Area 4 Dock,Safe Area 3 Marina,354.00000000000006,379.00000000000006,379.00000000000006,389.00000000000006,18.0,120,Evac Area 4
5,Vessel 5,5,Safe Area 3 Marina,Evac Area 4 Dock,389.00000000000006,414.00000000000006,414.00000000000006,424.00000000000006,18.0,0,None
6,Vessel 5,6,Evac Area 4 Dock,Safe Area 3 Marina,424.00000000000006,449.00000000000006,449.00000000000006,459.00000000000006,18.0,116,Evac Area 4
1,Vessel 6,1,Safe Area 1 Terminal,Evac Area 3 Dock,278.16,290.16,290.16,293.16,25.0,0,None
2,Vessel 6,2,Evac Area 3 Dock,Safe Area 3 Marina,293.16,303.96000000000004,303.96000000000004,306.96000000000004,25.0,1,Evac Area 3
3,Vessel 6,3,Safe Area 3 Marina,Evac Area 4 Beach,306.96000000000004,324.96000000000004,324.96000000000004,327.96000000000004,25.0,0,None
4,Vessel 6,4,Evac Area 4 Beach,Safe Area 2 Harbor,327.96000000000004,346.20000000000005,346.20000000000005,349.20000000000005,25.0,12,Evac Area 4
5,Vessel 6,5,Safe Area 2 Harbor,Evac Area 2 Marina,349.20000000000005,361.20000000000005,361.20000000000005,364.20000000000005,25.0,0,None
6,Vessel 6,6,Evac Area 2 Marina,Safe Area 2 Harbor,364.20000000000005,376.20000000000005,376.20000000000005,379.20000000000005,25.0,12,Evac Area 2
7,Vessel 6,7,Safe Area 2 Harbor,Evac Area 2 Marina,379.20000000000005,391.20000000000005,391.20000000000005,394.20000000000005,25.0,0,None
8,Vessel 6,8,Evac Area 2 Marina,Safe Area 2 Harbor,394.20000000000005,406.20000000000005,406.20000000000005,409.20000000000005,25.0,12,Evac Area 2
9,Vessel 6,9,Safe Area 2 Harbor,Evac Area 2 Marina,409.20000000000005,421.20000000000005,421.20000000000005,424.20000000000005,25.0,0,None
10,Vessel 6,10,Evac Area 2 Marina,Safe Area 2 Harbor,424.20000000000005,436.20000000000005,436.20000000000005,439.20000000000005,25.0,12,Evac Area 2
