segment_id,resource_id,route_segment_id,origin,destination,route_start_time,route_end_time,load_start_time,load_end_time,resource_speed,evacuees,evacuated_location,post_run_correction
1,Vessel 1,1,Safe Area 1 Terminal,Evac Area 1 Ferry Terminal,10.0,24.0,24.0,34.0,12.0,0,None,
2,Vessel 1,2,Evac Area 1 Ferry Terminal,Safe Area 1 Terminal,34.0,48.0,48.0,58.0,12.0,209,Evac Area 1,
1,Vessel 2,1,Safe Area 2 Harbor,Evac Area 2 Marina,10.0,22.0,22.0,25.0,25.0,0,None,
2,Vessel 2,2,Evac Area 2 Marina,Safe Area 2 Harbor,25.0,37.0,37.0,40.0,25.0,12,Evac Area 2,
3,Vessel 2,3,Safe Area 2 Harbor,Evac Area 2 Marina,40.0,52.0,52.0,55.0,25.0,0,None,
4,Vessel 2,4,Evac Area 2 Marina,Safe Area 2 Harbor,55.0,67.0,67.0,70.0,25.0,12,Evac Area 2,
5,Vessel 2,5,Safe Area 2 Harbor,Evac Area 2 Marina,70.0,82.0,82.0,85.0,25.0,0,None,
6,Vessel 2,6,Evac Area 2 Marina,Safe Area 2 Harbor,85.0,97.0,97.0,100.0,25.0,12,Evac Area 2,
7,Vessel 2,7,Safe Area 2 Harbor,Evac Area 2 Marina,100.0,112.0,112.0,115.0,25.0,0,None,
8,Vessel 2,8,Evac Area 2 Marina,Safe Area 2 Harbor,115.0,127.0,127.0,130.0,25.0,12,Evac Area 2,
9,Vessel 2,9,Safe Area 2 Harbor,Evac Area 2 Marina,130.0,142.0,142.0,145.0,25.0,0,None,
10,Vessel 2,10,Evac Area 2 Marina,Safe Area 2 Harbor,145.0,157.0,157.0,160.0,25.0,12,Evac Area 2,
11,Vessel 2,11,Safe Area 2 Harbor,Evac Area 2 Marina,160.0,172.0,172.0,175.0,25.0,0,None,
12,Vessel 2,12,Evac Area 2 Marina,Safe Area 2 Harbor,175.0,187.0,187.0,190.0,25.0,12,Evac Area 2,
13,Vessel 2,13,Safe Area 2 Harbor,Evac Area 2 Marina,190.0,202.0,202.0,205.0,25.0,0,None,
14,Vessel 2,14,Evac Area 2 Marina,Safe Area 2 Harbor,205.0,217.0,217.0,220.0,25.0,12,Evac Area 2,
15,Vessel 2,15,Safe Area 2 Harbor,Evac Area 2 Marina,220.0,232.0,232.0,235.0,25.0,0,None,
16,Vessel 2,16,Evac Area 2 Marina,Safe Area 2 Harbor,235.0,247.0,247.0,250.0,25.0,12,Evac Area 2,
17,Vessel 2,17,Safe Area 2 Harbor,Evac Area 2 Marina,250.0,262.0,262.0,265.0,25.0,0,None,
18,Vessel 2,18,Evac Area 2 Marina,Safe Area 2 Harbor,265.0,277.0,277.0,280.0,25.0,12,Evac Area 2,
19,Vessel 2,19,Safe Area 2 Harbor,Evac Area 2 Marina,280.0,292.0,292.0,295.0,25.0,0,None,
20,Vessel 2,20,Evac Area 2 Marina,Safe Area 2 Harbor,295.0,307.0,307.0,310.0,25.0,12,Evac Area 2,
21,Vessel 2,21,Safe Area 2 Harbor,Evac Area 2 Marina,310.0,322.0,322.0,325.0,25.0,0,None,
22,Vessel 2,22,Evac Area 2 Marina,Safe Area 2 Harbor,325.0,337.0,337.0,340.0,25.0,12,Evac Area 2,
23,Vessel 2,23,Safe Area 2 Harbor,Evac Area 2 Marina,340.0,352.0,352.0,355.0,25.0,0,None,
24,Vessel 2,24,Evac Area 2 Marina,Safe Area 2 Harbor,355.0,367.0,367.0,370.0,25.0,12,Evac Area 2,
25,Vessel 2,25,Safe Area 2 Harbor,Evac Area 2 Marina,370.0,382.0,382.0,385.0,25.0,0,None,
26,Vessel 2,26,Evac Area 2 Marina,Safe Area 2 Harbor,385.0,397.0,397.0,400.0,25.0,12,Evac Area 2,
27,Vessel 2,27,Safe Area 2 Harbor,Evac Area 2 Marina,400.0,412.0,412.0,415.0,25.0,0,None,
28,Vessel 2,28,Evac Area 2 Marina,Safe Area 2 Harbor,415.0,427.0,427.0,430.0,25.0,12,Evac Area 2,
29,Vessel 2,29,Safe Area 2 Harbor,Evac Area 2 Marina,430.0,442.0,442.0,445.0,25.0,0,None,
30,Vessel 2,30,Evac Area 2 Marina,Safe Area 2 Harbor,445.0,457.0,457.0,460.0,25.0,12,Evac Area 2,
31,Vessel 2,31,Safe Area 2 Harbor,Evac Area 2 Marina,460.0,472.0,472.0,475.0,25.0,0,None,
32,Vessel 2,32,Evac Area 2 Marina,Safe Area 2 Harbor,475.0,487.0,487.0,490.0,25.0,12,Evac Area 2,
33,Vessel 2,33,Safe Area 2 Harbor,Evac Area 2 Marina,490.0,502.0,502.0,505.0,25.0,0,None,
34,Vessel 2,34,Evac Area 2 Marina,Safe Area 2 Harbor,505.0,517.0,517.0,520.0,25.0,12,Evac Area 2,
1,Vessel 3,1,Safe Area 3 Marina,Evac Area 3 Dock,60.0,70.80000000000001,70.80000000000001,73.80000000000001,25.0,0,None,
2,Vessel 3,2,Evac Area 3 Dock,Safe Area 3 Marina,73.80000000000001,84.60000000000002,84.60000000000002,87.60000000000002,25.0,12,Evac Area 3,
3,Vessel 3,3,Safe Area 3 Marina,Evac Area 3 Dock,87.60000000000002,98.39999999999998,98.39999999999998,101.39999999999998,25.0,0,None,
4,Vessel 3,4,Evac Area 3 Dock,Safe Area 3 Marina,101.39999999999998,112.19999999999999,112.19999999999999,115.19999999999999,25.0,12,Evac Area 3,
5,Vessel 3,5,Safe Area 3 Marina,Evac Area 4 Dock,115.19999999999999,133.2,133.2,136.2,25.0,0,None,
6,Vessel 3,6,Evac Area 4 Dock,Safe Area 3 Marina,136.2,154.2,154.2,157.2,25.0,12,Evac Area 4,
7,Vessel 3,7,Safe Area 3 Marina,Evac Area 4 Beach,157.2,175.2,175.2,178.2,25.0,0,None,
8,Vessel 3,8,Evac Area 4 Beach,Safe Area 3 Marina,178.2,196.2,196.2,199.2,25.0,12,Evac Area 4,
9,Vessel 3,9,Safe Area 3 Marina,Evac Area 4 Beach,199.2,217.2,217.2,220.2,25.0,0,None,
10,Vessel 3,10,Evac Area 4 Beach,Safe Area 2 Harbor,220.2,238.44,238.44,241.44,25.0,12,Evac Area 4,
11,Vessel 3,11,Safe Area 2 Harbor,Evac Area 4 Dock,241.44,259.68,259.68,262.68,25.0,0,None,
12,Vessel 3,12,Evac Area 4 Dock,Safe Area 3 Marina,262.68,280.68,280.68,283.68,25.0,12,Evac Area 4,
13,Vessel 3,13,Safe Area 3 Marina,Evac Area 4 Beach,283.68,301.68,301.68,304.68,25.0,0,None,
14,Vessel 3,14,Evac Area 4 Beach,Safe Area 2 Harbor,304.68,322.92,322.92,325.92,25.0,12,Evac Area 4,
15,Vessel 3,15,Safe Area 2 Harbor,Evac Area 2 Marina,325.92,337.92,337.92,340.92,25.0,0,None,
16,Vessel 3,16,Evac Area 2 Marina,Safe Area 2 Harbor,340.92,352.92,352.92,355.92,25.0,6,Evac Area 2,
17,Vessel 3,17,Safe Area 2 Harbor,Evac Area 4 Dock,355.92,374.16,374.16,377.16,25.0,0,None,
18,Vessel 3,18,Evac Area 4 Dock,Safe Area 3 Marina,377.16,395.16,395.16,398.16,25.0,12,Evac Area 4,
19,Vessel 3,19,Safe Area 3 Marina,Evac Area 4 Dock,398.16,416.16,416.16,419.16,25.0,0,None,
20,Vessel 3,20,Evac Area 4 Dock,Safe Area 3 Marina,419.16,437.16,437.16,440.16,25.0,12,Evac Area 4,
21,Vessel 3,21,Safe Area 3 Marina,Evac Area 4 Beach,440.16,458.16,458.16,461.16,25.0,0,None,
22,Vessel 3,22,Evac Area 4 Beach,Safe Area 2 Harbor,461.16,479.4,479.4,482.4,25.0,12,Evac Area 4,
23,Vessel 3,23,Safe Area 2 Harbor,Evac Area 2 Marina,482.4,494.4,494.4,497.4,25.0,0,None,
24,Vessel 3,24,Evac Area 2 Marina,Safe Area 2 Harbor,497.4,509.4,509.4,512.4000000000001,25.0,12,Evac Area 2,
25,Vessel 3,25,Safe Area 2 Harbor,Evac Area 4 Beach,512.4000000000001,530.6400000000001,530.6400000000001,533.6400000000001,25.0,0,None,
26,Vessel 3,26,Evac Area 4 Beach,Safe Area 3 Marina,533.6400000000001,551.6400000000001,551.6400000000001,554.6400000000001,25.0,12,Evac Area 4,
1,Vessel 4,1,Safe Area 1 Terminal,Evac Area 3 Dock,10.0,22.0,22.0,27.0,25.0,0,None,
2,Vessel 4,2,Evac Area 3 Dock,Safe Area 3 Marina,27.0,37.799999999999955,37.799999999999955,42.799999999999955,25.0,38,Evac Area 3,
3,Vessel 4,3,Safe Area 3 Marina,Evac Area 4 Dock,42.799999999999955,60.80000000000001,60.80000000000001,65.80000000000001,25.0,0,None,
4,Vessel 4,4,Evac Area 4 Dock,Safe Area 3 Marina,65.80000000000001,83.80000000000001,83.80000000000001,88.80000000000001,25.0,38,Evac Area 4,
5,Vessel 4,5,Safe Area 3 Marina,Evac Area 3 Dock,88.80000000000001,99.60000000000002,99.60000000000002,104.60000000000002,25.0,0,None,
6,Vessel 4,6,Evac Area 3 Dock,Safe Area 3 Marina,104.60000000000002,115.39999999999998,115.39999999999998,120.39999999999998,25.0,38,Evac Area 3,
7,Vessel 4,7,Safe Area 3 Marina,Evac Area 4 Dock,120.39999999999998,138.39999999999998,138.39999999999998,143.39999999999998,25.0,0,None,
8,Vessel 4,8,Evac Area 4 Dock,Safe Area 3 Marina,143.39999999999998,161.39999999999998,161.39999999999998,166.39999999999998,25.0,38,Evac Area 4,
9,Vessel 4,9,Safe Area 3 Marina,Evac Area 4 Dock,166.39999999999998,184.39999999999998,184.39999999999998,189.39999999999998,25.0,0,None,
10,Vessel 4,10,Evac Area 4 Dock,Safe Area 3 Marina,189.39999999999998,207.39999999999998,207.39999999999998,212.39999999999998,25.0,38,Evac Area 4,
11,Vessel 4,11,Safe Area 3 Marina,Evac Area 4 Dock,212.39999999999998,230.39999999999998,230.39999999999998,235.39999999999998,25.0,0,None,
12,Vessel 4,12,Evac Area 4 Dock,Safe Area 2 Harbor,235.39999999999998,253.64,253.64,258.64,25.0,38,Evac Area 4,
13,Vessel 4,13,Safe Area 2 Harbor,Evac Area 4 Dock,258.64,276.88,276.88,281.88,25.0,0,None,
14,Vessel 4,14,Evac Area 4 Dock,Safe Area 3 Marina,281.88,299.88,299.88,304.88,25.0,38,Evac Area 4,
15,Vessel 4,15,Safe Area 3 Marina,Evac Area 4 Dock,304.88,322.88,322.88,327.88,25.0,0,None,
16,Vessel 4,16,Evac Area 4 Dock,Safe Area 3 Marina,327.88,345.88,345.88,350.88,25.0,38,Evac Area 4,
17,Vessel 4,17,Safe Area 3 Marina,Evac Area 4 Dock,350.88,368.88,368.88,373.88,25.0,0,None,
18,Vessel 4,18,Evac Area 4 Dock,Safe Area 3 Marina,373.88,391.88,391.88,396.88,25.0,38,Evac Area 4,
19,Vessel 4,19,Safe Area 3 Marina,Evac Area 3 Dock,396.88,407.68,407.68,412.68,25.0,0,None,
20,Vessel 4,20,Evac Area 3 Dock,Safe Area 3 Marina,412.68,423.48,423.48,428.48,25.0,38,Evac Area 3,
21,Vessel 4,21,Safe Area 3 Marina,Evac Area 4 Dock,428.48,446.48,446.48,451.48,25.0,0,None,
22,Vessel 4,22,Evac Area 4 Dock,Safe Area 3 Marina,451.48,469.48,469.48,474.48,25.0,38,Evac Area 4,
23,Vessel 4,23,Safe Area 3 Marina,Evac Area 4 Dock,474.48,492.48,492.48,497.48,25.0,0,None,
24,Vessel 4,24,Evac Area 4 Dock,Safe Area 3 Marina,497.48,515.48,515.48,520.48,25.0,38,Evac Area 4,
25,Vessel 4,25,Safe Area 3 Marina,Evac Area 4 Dock,520.48,538.48,538.48,543.48,25.0,0,None,
26,Vessel 4,26,Evac Area 4 Dock,Safe Area 3 Marina,543.48,561.48,561.48,566.48,25.0,38,Evac Area 4,
1,Vessel 5,1,Safe Area 1 Terminal,Evac Area 3 Dock,30.0,46.66666666666663,46.66666666666663,56.66666666666663,18.0,0,None,
2,Vessel 5,2,Evac Area 3 Dock,Safe Area 3 Marina,56.66666666666663,71.66666666666669,71.66666666666669,81.66666666666669,18.0,120,Evac Area 3,
3,Vessel 5,3,Safe Area 3 Marina,Evac Area 4 Dock,81.66666666666669,106.66666666666669,106.66666666666669,116.66666666666669,18.0,0,None,
4,Vessel 5,4,Evac Area 4 Dock,Safe Area 3 Marina,116.66666666666669,141.66666666666669,141.66666666666669,151.66666666666669,18.0,120,Evac Area 4,
5,Vessel 5,5,Safe Area 3 Marina,Evac Area 4 Dock,151.66666666666669,176.66666666666669,176.66666666666669,186.66666666666669,18.0,0,None,
6,Vessel 5,6,Evac Area 4 Dock,Safe Area 3 Marina,186.66666666666669,211.66666666666669,211.66666666666669,221.66666666666669,18.0,120,Evac Area 4,
7,Vessel 5,7,Safe Area 3 Marina,Evac Area 4 Dock,221.66666666666669,246.66666666666669,246.66666666666669,256.6666666666667,18.0,0,None,
8,Vessel 5,8,Evac Area 4 Dock,Safe Area 3 Marina,256.6666666666667,281.6666666666667,281.6666666666667,291.6666666666667,18.0,120,Evac Area 4,
9,Vessel 5,9,Safe Area 3 Marina,Evac Area 4 Dock,291.6666666666667,316.6666666666667,316.6666666666667,326.6666666666667,18.0,0,None,
10,Vessel 5,10,Evac Area 4 Dock,Safe Area 3 Marina,326.6666666666667,351.6666666666667,351.6666666666667,361.6666666666667,18.0,120,Evac Area 4,
11,Vessel 5,11,Safe Area 3 Marina,Evac Area 4 Dock,361.6666666666667,386.6666666666667,386.6666666666667,396.6666666666667,18.0,0,None,
12,Vessel 5,12,Evac Area 4 Dock,Safe Area 3 Marina,396.6666666666667,421.6666666666667,421.6666666666667,431.6666666666667,18.0,120,Evac Area 4,
13,Vessel 5,13,Safe Area 3 Marina,Evac Area 4 Dock,431.6666666666667,456.6666666666667,456.6666666666667,466.6666666666667,18.0,0,None,
14,Vessel 5,14,Evac Area 4 Dock,Safe Area 3 Marina,466.6666666666667,491.6666666666667,491.6666666666667,501.6666666666667,18.0,120,Evac Area 4,
15,Vessel 5,15,Safe Area 3 Marina,Evac Area 4 Dock,501.6666666666667,526.6666666666667,526.6666666666667,536.6666666666667,18.0,0,None,
16,Vessel 5,16,Evac Area 4 Dock,Safe Area 3 Marina,536.6666666666667,561.6666666666667,561.6666666666667,571.6666666666667,18.0,120,Evac Area 4,
1,Vessel 6,1,Safe Area 1 Terminal,Evac Area 3 Dock,30.0,42.0,42.0,45.0,25.0,0,None,
2,Vessel 6,2,Evac Area 3 Dock,Safe Area 3 Marina,45.0,55.799999999999955,55.799999999999955,58.799999999999955,25.0,12,Evac Area 3,
3,Vessel 6,3,Safe Area 3 Marina,Evac Area 3 Dock,58.799999999999955,69.60000000000002,69.60000000000002,72.60000000000002,25.0,0,None,
4,Vessel 6,4,Evac Area 3 Dock,Safe Area 3 Marina,72.60000000000002,83.39999999999998,83.39999999999998,86.39999999999998,25.0,12,Evac Area 3,
5,Vessel 6,5,Safe Area 3 Marina,Evac Area 4 Dock,86.39999999999998,104.39999999999998,104.39999999999998,107.39999999999998,25.0,0,None,
6,Vessel 6,6,Evac Area 4 Dock,Safe Area 3 Marina,107.39999999999998,125.39999999999998,125.39999999999998,128.39999999999998,25.0,12,Evac Area 4,
7,Vessel 6,7,Safe Area 3 Marina,Evac Area 4 Dock,128.39999999999998,146.39999999999998,146.39999999999998,149.39999999999998,25.0,0,None,
8,Vessel 6,8,Evac Area 4 Dock,Safe Area 3 Marina,149.39999999999998,167.39999999999998,167.39999999999998,170.39999999999998,25.0,12,Evac Area 4,
9,Vessel 6,9,Safe Area 3 Marina,Evac Area 4 Beach,170.39999999999998,188.39999999999998,188.39999999999998,191.39999999999998,25.0,0,None,
10,Vessel 6,10,Evac Area 4 Beach,Safe Area 2 Harbor,191.39999999999998,209.64,209.64,212.64,25.0,12,Evac Area 4,
11,Vessel 6,11,Safe Area 2 Harbor,Evac Area 4 Beach,212.64,230.88,230.88,233.88,25.0,0,None,
12,Vessel 6,12,Evac Area 4 Beach,Safe Area 3 Marina,233.88,251.88,251.88,254.88,25.0,12,Evac Area 4,
13,Vessel 6,13,Safe Area 3 Marina,Evac Area 3 Dock,254.88,265.68,265.68,268.68,25.0,0,None,
14,Vessel 6,14,Evac Area 3 Dock,Safe Area 3 Marina,268.68,279.48,279.48,282.48,25.0,12,Evac Area 3,
15,Vessel 6,15,Safe Area 3 Marina,Evac Area 3 Dock,282.48,293.28000000000003,293.28000000000003,296.28000000000003,25.0,0,None,
16,Vessel 6,16,Evac Area 3 Dock,Safe Area 3 Marina,296.28000000000003,307.08000000000004,307.08000000000004,310.08000000000004,25.0,12,Evac Area 3,
17,Vessel 6,17,Safe Area 3 Marina,Evac Area 4 Beach,310.08000000000004,328.08000000000004,328.08000000000004,331.08000000000004,25.0,0,None,
18,Vessel 6,18,Evac Area 4 Beach,Safe Area 2 Harbor,331.08000000000004,349.32000000000005,349.32000000000005,352.32000000000005,25.0,12,Evac Area 4,
19,Vessel 6,19,Safe Area 2 Harbor,Evac Area 4 Beach,352.32000000000005,370.56000000000006,370.56000000000006,373.56000000000006,25.0,0,None,
20,Vessel 6,20,Evac Area 4 Beach,Safe Area 3 Marina,373.56000000000006,391.56000000000006,391.56000000000006,394.56000000000006,25.0,12,Evac Area 4,
21,Vessel 6,21,Safe Area 3 Marina,Evac Area 4 Beach,394.56000000000006,412.56000000000006,412.56000000000006,415.56000000000006,25.0,0,None,
22,Vessel 6,22,Evac Area 4 Beach,Safe Area 3 Marina,415.56000000000006,433.56000000000006,433.56000000000006,436.56000000000006,25.0,12,Evac Area 4,
23,Vessel 6,23,Safe Area 3 Marina,Evac Area 4 Beach,436.56000000000006,454.56000000000006,454.56000000000006,457.56000000000006,25.0,0,None,
24,Vessel 6,24,Evac Area 4 Beach,Safe Area 2 Harbor,457.56000000000006,475.80000000000007,475.80000000000007,478.80000000000007,25.0,12,Evac Area 4,
25,Vessel 6,25,Safe Area 2 Harbor,Evac Area 4 Beach,478.80000000000007,497.0400000000001,497.0400000000001,500.0400000000001,25.0,0,None,
26,Vessel 6,26,Evac Area 4 Beach,Safe Area 3 Marina,500.0400000000001,518.0400000000001,518.0400000000001,521.0400000000001,25.0,8,Evac Area 4,
1,Vessel 1,1,Safe Area 1 Terminal,Evac Area 1 Ferry Terminal,571.6666666666667,585.6666666666667,585.6666666666667,595.6666666666667,12.0,0,None,yes
2,Vessel 1,2,Evac Area 1 Ferry Terminal,Safe Area 1 Terminal,595.6666666666667,609.6666666666667,609.6666666666667,619.6666666666667,12.0,173,Evac Area 1,yes
1,Vessel 2,1,Safe Area 2 Harbor,Evac Area 3 Dock,571.6666666666667,590.8666666666668,590.8666666666668,593.8666666666668,25.0,0,None,yes
2,Vessel 2,2,Evac Area 3 Dock,Safe Area 3 Marina,593.8666666666668,604.6666666666667,604.6666666666667,607.6666666666667,25.0,12,Evac Area 3,yes
3,Vessel 2,3,Safe Area 3 Marina,Evac Area 3 Dock,607.6666666666667,618.4666666666667,618.4666666666667,621.4666666666667,25.0,0,None,yes
4,Vessel 2,4,Evac Area 3 Dock,Safe Area 3 Marina,621.4666666666667,632.2666666666668,632.2666666666668,635.2666666666668,25.0,12,Evac Area 3,yes
5,Vessel 2,5,Safe Area 3 Marina,Evac Area 3 Dock,635.2666666666668,646.0666666666667,646.0666666666667,649.0666666666667,25.0,0,None,yes
6,Vessel 2,6,Evac Area 3 Dock,Safe Area 3 Marina,649.0666666666667,659.8666666666668,659.8666666666668,662.8666666666668,25.0,12,Evac Area 3,yes
1,Vessel 3,1,Safe Area 3 Marina,Evac Area 3 Dock,571.6666666666667,582.4666666666667,582.4666666666667,585.4666666666667,25.0,0,None,yes
2,Vessel 3,2,Evac Area 3 Dock,Safe Area 3 Marina,585.4666666666667,596.2666666666668,596.2666666666668,599.2666666666668,25.0,9,Evac Area 3,yes
3,Vessel 3,3,Safe Area 3 Marina,Evac Area 3 Dock,599.2666666666668,610.0666666666667,610.0666666666667,613.0666666666667,25.0,0,None,yes
4,Vessel 3,4,Evac Area 3 Dock,Safe Area 3 Marina,613.0666666666667,623.8666666666668,623.8666666666668,626.8666666666668,25.0,12,Evac Area 3,yes
5,Vessel 3,5,Safe Area 3 Marina,Evac Area 3 Dock,626.8666666666668,637.6666666666667,637.6666666666667,640.6666666666667,25.0,0,None,yes
6,Vessel 3,6,Evac Area 3 Dock,Safe Area 3 Marina,640.6666666666667,651.4666666666667,651.4666666666667,654.4666666666667,25.0,12,Evac Area 3,yes
1,Vessel 4,1,Safe Area 3 Marina,Evac Area 3 Dock,571.6666666666667,582.4666666666667,582.4666666666667,587.4666666666667,25.0,0,None,yes
2,Vessel 4,2,Evac Area 3 Dock,Safe Area 3 Marina,587.4666666666667,598.2666666666668,598.2666666666668,603.2666666666668,25.0,38,Evac Area 3,yes
3,Vessel 4,3,Safe Area 3 Marina,Evac Area 3 Dock,603.2666666666668,614.0666666666667,614.0666666666667,619.0666666666667,25.0,0,None,yes
4,Vessel 4,4,Evac Area 3 Dock,Safe Area 3 Marina,619.0666666666667,629.8666666666668,629.8666666666668,634.8666666666668,25.0,38,Evac Area 3,yes
5,Vessel 4,5,Safe Area 3 Marina,Evac Area 3 Dock,634.8666666666668,645.6666666666667,645.6666666666667,650.6666666666667,25.0,0,None,yes
6,Vessel 4,6,Evac Area 3 Dock,Safe Area 3 Marina,650.6666666666667,661.4666666666667,661.4666666666667,666.4666666666667,25.0,38,Evac Area 3,yes
1,Vessel 5,1,Safe Area 3 Marina,Evac Area 2 Marina,571.6666666666667,595.0000000000001,595.0000000000001,605.0000000000001,18.0,0,None,yes
2,Vessel 5,2,Evac Area 2 Marina,Safe Area 1 Terminal,605.0000000000001,638.3333333333334,638.3333333333334,648.3333333333334,18.0,112,Evac Area 2,yes
1,Vessel 6,1,Safe Area 3 Marina,Evac Area 3 Dock,571.6666666666667,582.4666666666667,582.4666666666667,585.4666666666667,25.0,0,None,yes
2,Vessel 6,2,Evac Area 3 Dock,Safe Area 3 Marina,585.4666666666667,596.2666666666668,596.2666666666668,599.2666666666668,25.0,12,Evac Area 3,yes
3,Vessel 6,3,Safe Area 3 Marina,Evac Area 3 Dock,599.2666666666668,610.0666666666667,610.0666666666667,613.0666666666667,25.0,0,None,yes
4,Vessel 6,4,Evac Area 3 Dock,Safe Area 3 Marina,613.0666666666667,623.8666666666668,623.8666666666668,626.8666666666668,25.0,12,Evac Area 3,yes
5,Vessel 6,5,Safe Area 3 Marina,Evac Area 3 Dock,626.8666666666668,637.6666666666667,637.6666666666667,640.6666666666667,25.0,0,None,yes
6,Vessel 6,6,Evac Area 3 Dock,Safe Area 3 Marina,640.6666666666667,651.4666666666667,651.4666666666667,654.4666666666667,25.0,12,Evac Area 3,yes
