segment_id,resource_id,route_segment_id,origin,destination,route_start_time,route_end_time,load_start_time,load_end_time,resource_speed,evacuees,evacuated_location,post_run_correction
1,Vessel 1,1,Safe Area 1 Terminal,Evac Area 1 Ferry Terminal,10.0,24.0,24.0,34.0,12.0,0,None,
2,Vessel 1,2,Evac Area 1 Ferry Terminal,Safe Area 1 Terminal,34.0,48.0,48.0,58.0,12.0,457,Evac Area 1,
3,Vessel 1,3,Safe Area 1 Terminal,Evac Area 1 Ferry Terminal,58.0,72.0,72.0,82.0,12.0,0,None,
4,Vessel 1,4,Evac Area 1 Ferry Terminal,Safe Area 1 Terminal,82.0,96.0,96.0,106.0,12.0,457,Evac Area 1,
5,Vessel 1,5,Safe Area 1 Terminal,Evac Area 1 Ferry Terminal,106.0,120.0,120.0,130.0,12.0,0,None,
6,Vessel 1,6,Evac Area 1 Ferry Terminal,Safe Area 1 Terminal,130.0,144.0,144.0,154.0,12.0,457,Evac Area 1,
7,Vessel 1,7,Safe Area 1 Terminal,Evac Area 1 Ferry Terminal,154.0,168.0,168.0,178.0,12.0,0,None,
8,Vessel 1,8,Evac Area 1 Ferry Terminal,Safe Area 1 Terminal,178.0,192.0,192.0,202.0,12.0,457,Evac Area 1,
9,Vessel 1,9,Safe Area 1 Terminal,Evac Area 1 Ferry Terminal,202.0,216.0,216.0,226.0,12.0,0,None,
10,Vessel 1,10,Evac Area 1 Ferry Terminal,Safe Area 1 Terminal,226.0,240.0,240.0,250.0,12.0,154,Evac Area 1,
1,Vessel 2,1,Safe Area 2 Harbor,Evac Area 2 Marina,10.0,22.0,22.0,25.0,25.0,0,None,
2,Vessel 2,2,Evac Area 2 Marina,Safe Area 2 Harbor,25.0,37.0,37.0,40.0,25.0,6,Evac Area 2,
3,Vessel 2,3,Safe Area 2 Harbor,Evac Area 4 Beach,40.0,58.24000000000001,58.24000000000001,61.24000000000001,25.0,0,None,
4,Vessel 2,4,Evac Area 4 Beach,Safe Area 3 Marina,61.24000000000001,79.24000000000001,79.24000000000001,82.24000000000001,25.0,12,Evac Area 4,
5,Vessel 2,5,Safe Area 3 Marina,Evac Area 4 Beach,82.24000000000001,100.24000000000001,100.24000000000001,103.24000000000001,25.0,0,None,
6,Vessel 2,6,Evac Area 4 Beach,Safe Area 3 Marina,103.24000000000001,121.24000000000001,121.24000000000001,124.24000000000001,25.0,12,Evac Area 4,
7,Vessel 2,7,Safe Area 3 Marina,Evac Area 4 Beach,124.24000000000001,142.24,142.24,145.24,25.0,0,None,
8,Vessel 2,8,Evac Area 4 Beach,Safe Area 3 Marina,145.24,163.24,163.24,166.24,25.0,12,Evac Area 4,
9,Vessel 2,9,Safe Area 3 Marina,Evac Area 4 Beach,166.24,184.24,184.24,187.24,25.0,0,None,
10,Vessel 2,10,Evac Area 4 Beach,Safe Area 3 Marina,187.24,205.24,205.24,208.24,25.0,10,Evac Area 4,
11,Vessel 2,11,Safe Area 3 Marina,Evac Area 4 Beach,208.24,226.24,226.24,229.24,25.0,0,None,
12,Vessel 2,12,Evac Area 4 Beach,Safe Area 3 Marina,229.24,247.24,247.24,250.24,25.0,12,Evac Area 4,
13,Vessel 2,13,Safe Area 3 Marina,Evac Area 4 Beach,250.24,268.24,268.24,271.24,25.0,0,None,
14,Vessel 2,14,Evac Area 4 Beach,Safe Area 3 Marina,271.24,289.24,289.24,292.24,25.0,12,Evac Area 4,
15,Vessel 2,15,Safe Area 3 Marina,Evac Area 4 Beach,292.24,310.24,310.24,313.24,25.0,0,None,
16,Vessel 2,16,Evac Area 4 Beach,Safe Area 3 Marina,313.24,331.24,331.24,334.24,25.0,12,Evac Area 4,
1,Vessel 3,1,Safe Area 3 Marina,Evac Area 4 Dock,60.0,78.0,78.0,81.0,25.0,0,None,
2,Vessel 3,2,Evac Area 4 Dock,Safe Area 3 Marina,81.0,99.0,99.0,102.0,25.0,12,Evac Area 4,
3,Vessel 3,3,Safe Area 3 Marina,Evac Area 4 Dock,102.0,120.0,120.0,123.0,25.0,0,None,
4,Vessel 3,4,Evac Area 4 Dock,Safe Area 2 Harbor,123.0,141.24,141.24,144.24,25.0,12,Evac Area 4,
5,Vessel 3,5,Safe Area 2 Harbor,Evac Area 2 Marina,144.24,156.24,156.24,159.24,25.0,0,None,
6,Vessel 3,6,Evac Area 2 Marina,Safe Area 2 Harbor,159.24,171.24,171.24,174.24,25.0,12,Evac Area 2,
7,Vessel 3,7,Safe Area 2 Harbor,Evac Area 2 Marina,174.24,186.24,186.24,189.24,25.0,0,None,
8,Vessel 3,8,Evac Area 2 Marina,Safe Area 2 Harbor,189.24,201.24,201.24,204.24,25.0,12,Evac Area 2,
9,Vessel 3,9,Safe Area 2 Harbor,Evac Area 2 Marina,204.24,216.24,216.24,219.24,25.0,0,None,
10,Vessel 3,10,Evac Area 2 Marina,Safe Area 2 Harbor,219.24,231.24,231.24,234.24,25.0,12,Evac Area 2,
11,Vessel 3,11,Safe Area 2 Harbor,Evac Area 2 Marina,234.24,246.24,246.24,249.24,25.0,0,None,
12,Vessel 3,12,Evac Area 2 Marina,Safe Area 2 Harbor,249.24,261.24,261.24,264.24,25.0,12,Evac Area 2,
13,Vessel 3,13,Safe Area 2 Harbor,Evac Area 2 Marina,264.24,276.24,276.24,279.24,25.0,0,None,
14,Vessel 3,14,Evac Area 2 Marina,Safe Area 2 Harbor,279.24,291.24,291.24,294.24,25.0,12,Evac Area 2,
15,Vessel 3,15,Safe Area 2 Harbor,Evac Area 2 Marina,294.24,306.24,306.24,309.24,25.0,0,None,
16,Vessel 3,16,Evac Area 2 Marina,Safe Area 2 Harbor,309.24,321.24,321.24,324.24,25.0,12,Evac Area 2,
1,Vessel 4,1,Safe Area 1 Terminal,Evac Area 3 Dock,10.0,22.0,22.0,27.0,25.0,0,None,
2,Vessel 4,2,Evac Area 3 Dock,Safe Area 3 Marina,27.0,37.80000000000001,37.80000000000001,42.80000000000001,25.0,38,Evac Area 3,
3,Vessel 4,3,Safe Area 3 Marina,Evac Area 4 Dock,42.80000000000001,60.80000000000001,60.80000000000001,65.80000000000001,25.0,0,None,
4,Vessel 4,4,Evac Area 4 Dock,Safe Area 3 Marina,65.80000000000001,83.80000000000001,83.80000000000001,88.80000000000001,25.0,38,Evac Area 4,
5,Vessel 4,5,Safe Area 3 Marina,Evac Area 4 Dock,88.80000000000001,106.80000000000001,106.80000000000001,111.80000000000001,25.0,0,None,
6,Vessel 4,6,Evac Area 4 Dock,Safe Area 3 Marina,111.80000000000001,129.8,129.8,134.8,25.0,38,Evac Area 4,
7,Vessel 4,7,Safe Area 3 Marina,Evac Area 3 Dock,134.8,145.60000000000002,145.60000000000002,150.60000000000002,25.0,0,None,
8,Vessel 4,8,Evac Area 3 Dock,Safe Area 3 Marina,150.60000000000002,161.40000000000003,161.40000000000003,166.40000000000003,25.0,34,Evac Area 3,
9,Vessel 4,9,Safe Area 3 Marina,Evac Area 4 Dock,166.40000000000003,184.40000000000003,184.40000000000003,189.40000000000003,25.0,0,None,
10,Vessel 4,10,Evac Area 4 Dock,Safe Area 3 Marina,189.40000000000003,207.40000000000003,207.40000000000003,212.40000000000003,25.0,38,Evac Area 4,
11,Vessel 4,11,Safe Area 3 Marina,Evac Area 4 Dock,212.40000000000003,230.40000000000003,230.40000000000003,235.40000000000003,25.0,0,None,
12,Vessel 4,12,Evac Area 4 Dock,Safe Area 3 Marina,235.40000000000003,253.40000000000003,253.40000000000003,258.40000000000003,25.0,38,Evac Area 4,
13,Vessel 4,13,Safe Area 3 Marina,Evac Area 3 Dock,258.40000000000003,269.20000000000005,269.20000000000005,274.20000000000005,25.0,0,None,
14,Vessel 4,14,Evac Area 3 Dock,Safe Area 3 Marina,274.20000000000005,285.00000000000006,285.00000000000006,290.00000000000006,25.0,38,Evac Area 3,
15,Vessel 4,15,Safe Area 3 Marina,Evac Area 4 Dock,290.00000000000006,308.00000000000006,308.00000000000006,313.00000000000006,25.0,0,None,
16,Vessel 4,16,Evac Area 4 Dock,Safe Area 3 Marina,313.00000000000006,331.00000000000006,331.00000000000006,336.00000000000006,25.0,38,Evac Area 4,
1,Vessel 5,1,Safe Area 1 Terminal,Evac Area 4 Dock,30.0,60.0,60.0,70.0,18.0,0,None,
2,Vessel 5,2,Evac Area 4 Dock,Safe Area 1 Terminal,70.0,100.0,100.0,110.0,18.0,120,Evac Area 4,
3,Vessel 5,3,Safe Area 1 Terminal,Evac Area 4 Dock,110.0,140.0,140.0,150.0,18.0,0,None,
4,Vessel 5,4,Evac Area 4 Dock,Safe Area 3 Marina,150.0,175.0,175.0,185.0,18.0,120,Evac Area 4,
5,Vessel 5,5,Safe Area 3 Marina,Evac Area 4 Dock,185.0,210.0,210.0,220.0,18.0,0,None,
6,Vessel 5,6,Evac Area 4 Dock,Safe Area 3 Marina,220.0,245.0,245.0,255.0,18.0,120,Evac Area 4,
7,Vessel 5,7,Safe Area 3 Marina,Evac Area 4 Dock,255.0,280.0,280.0,290.0,18.0,0,None,
8,Vessel 5,8,Evac Area 4 Dock,Safe Area 3 Marina,290.0,315.0,315.0,325.0,18.0,120,Evac Area 4,
1,Vessel 6,1,Safe Area 1 Terminal,Evac Area 3 Dock,30.0,42.0,42.0,45.0,25.0,0,None,
2,Vessel 6,2,Evac Area 3 Dock,Safe Area 3 Marina,45.0,55.80000000000001,55.80000000000001,58.80000000000001,25.0,12,Evac Area 3,
3,Vessel 6,3,Safe Area 3 Marina,Evac Area 3 Dock,58.80000000000001,69.59999999999997,69.59999999999997,72.59999999999997,25.0,0,None,
4,Vessel 6,4,Evac Area 3 Dock,Safe Area 3 Marina,72.59999999999997,83.39999999999998,83.39999999999998,86.39999999999998,25.0,12,Evac Area 3,
5,Vessel 6,5,Safe Area 3 Marina,Evac Area 3 Dock,86.39999999999998,97.19999999999999,97.19999999999999,100.19999999999999,25.0,0,None,
6,Vessel 6,6,Evac Area 3 Dock,Safe Area 3 Marina,100.19999999999999,111.0,111.0,114.0,25.0,12,Evac Area 3,
7,Vessel 6,7,Safe Area 3 Marina,Evac Area 3 Dock,114.0,124.79999999999998,124.79999999999998,127.79999999999998,25.0,0,None,
8,Vessel 6,8,Evac Area 3 Dock,Safe Area 3 Marina,127.79999999999998,138.6,138.6,141.6,25.0,12,Evac Area 3,
9,Vessel 6,9,Safe Area 3 Marina,Evac Area 4 Beach,141.6,159.6,159.6,162.6,25.0,0,None,
10,Vessel 6,10,Evac Area 4 Beach,Safe Area 3 Marina,162.6,180.6,180.6,183.6,25.0,12,Evac Area 4,
11,Vessel 6,11,Safe Area 3 Marina,Evac Area 3 Dock,183.6,194.4,194.4,197.4,25.0,0,None,
12,Vessel 6,12,Evac Area 3 Dock,Safe Area 3 Marina,197.4,208.2,208.2,211.2,25.0,12,Evac Area 3,
13,Vessel 6,13,Safe Area 3 Marina,Evac Area 3 Dock,211.2,222.00000000000003,222.00000000000003,225.00000000000003,25.0,0,None,
14,Vessel 6,14,Evac Area 3 Dock,Safe Area 3 Marina,225.00000000000003,235.80000000000004,235.80000000000004,238.80000000000004,25.0,12,Evac Area 3,
15,Vessel 6,15,Safe Area 3 Marina,Evac Area 4 Dock,238.80000000000004,256.80000000000007,256.80000000000007,259.80000000000007,25.0,0,None,
16,Vessel 6,16,Evac Area 4 Dock,Safe Area 3 Marina,259.80000000000007,277.80000000000007,277.80000000000007,280.80000000000007,25.0,12,Evac Area 4,
17,Vessel 6,17,Safe Area 3 Marina,Evac Area 4 Dock,280.80000000000007,298.80000000000007,298.80000000000007,301.80000000000007,25.0,0,None,
18,Vessel 6,18,Evac Area 4 Dock,Safe Area 3 Marina,301.80000000000007,319.80000000000007,319.80000000000007,322.80000000000007,25.0,12,Evac Area 4,
1,Vessel 2,1,Safe Area 3 Marina,Evac Area 2 Marina,336.00000000000006,352.80000000000007,352.80000000000007,355.80000000000007,25.0,0,None,yes
2,Vessel 2,2,Evac Area 2 Marina,Safe Area 2 Harbor,355.80000000000007,367.80000000000007,367.80000000000007,370.80000000000007,25.0,12,Evac Area 2,yes
1,Vessel 3,1,Safe Area 2 Harbor,Evac Area 2 Marina,336.00000000000006,348.00000000000006,348.00000000000006,351.00000000000006,25.0,0,None,yes
2,Vessel 3,2,Evac Area 2 Marina,Safe Area 2 Harbor,351.00000000000006,363.00000000000006,363.00000000000006,366.00000000000006,25.0,8,Evac Area 2,yes
1,Vessel 4,1,Safe Area 3 Marina,Evac Area 3 Dock,336.00000000000006,346.80000000000007,346.80000000000007,351.80000000000007,25.0,0,None,yes
2,Vessel 4,2,Evac Area 3 Dock,Safe Area 3 Marina,351.80000000000007,362.6000000000001,362.6000000000001,367.6000000000001,25.0,38,Evac Area 3,yes
1,Vessel 6,1,Safe Area 3 Marina,Evac Area 3 Dock,336.00000000000006,346.80000000000007,346.80000000000007,349.80000000000007,25.0,0,None,yes
2,Vessel 6,2,Evac Area 3 Dock,Safe Area 3 Marina,349.80000000000007,360.6000000000001,360.6000000000001,363.6000000000001,25.0,7,Evac Area 3,yes
