segment_id,resource_id,route_segment_id,origin,destination,route_start_time,route_end_time,load_start_time,load_end_time,resource_speed,evacuees,evacuated_location,post_run_correction
1,Vessel 1,1,Safe Area 1 Terminal,Evac Area 1 Ferry Terminal,10.0,24.0,24.0,34.0,12.0,0,None,
2,Vessel 1,2,Evac Area 1 Ferry Terminal,Safe Area 1 Terminal,34.0,48.0,48.0,58.0,12.0,457,Evac Area 1,
3,Vessel 1,3,Safe Area 1 Terminal,Evac Area 1 Ferry Terminal,58.0,72.0,72.0,82.0,12.0,0,None,
4,Vessel 1,4,Evac Area 1 Ferry Terminal,Safe Area 1 Terminal,82.0,96.0,96.0,106.0,12.0,282,Evac Area 1,
1,Vessel 2,1,Safe Area 2 Harbor,Evac Area 4 Dock,10.0,28.24000000000001,28.24000000000001,31.24000000000001,25.0,0,None,
2,Vessel 2,2,Evac Area 4 Dock,Safe Area 3 Marina,31.24000000000001,49.24000000000001,49.24000000000001,52.24000000000001,25.0,12,Evac Area 4,
3,Vessel 2,3,Safe Area 3 Marina,Evac Area 4 Beach,52.24000000000001,70.24000000000001,70.24000000000001,73.24000000000001,25.0,0,None,
4,Vessel 2,4,Evac Area 4 Beach,Safe Area 2 Harbor,73.24000000000001,91.48000000000002,91.48000000000002,94.48000000000002,25.0,12,Evac Area 4,
5,Vessel 2,5,Safe Area 2 Harbor,Evac Area 2 Marina,94.48000000000002,106.48000000000002,106.48000000000002,109.48000000000002,25.0,0,None,
6,Vessel 2,6,Evac Area 2 Marina,Safe Area 1 Terminal,109.48000000000002,133.48,133.48,136.48,25.0,12,Evac Area 2,
7,Vessel 2,7,Safe Area 1 Terminal,Evac Area 4 Dock,136.48,158.07999999999998,158.07999999999998,161.07999999999998,25.0,0,None,
8,Vessel 2,8,Evac Area 4 Dock,Safe Area 3 Marina,161.07999999999998,179.07999999999998,179.07999999999998,182.08,25.0,12,Evac Area 4,
9,Vessel 2,9,Safe Area 3 Marina,Evac Area 4 Dock,182.08,200.08,200.08,203.08,25.0,0,None,
10,Vessel 2,10,Evac Area 4 Dock,Safe Area 2 Harbor,203.08,221.32,221.32,224.32,25.0,12,Evac Area 4,
11,Vessel 2,11,Safe Area 2 Harbor,Evac Area 4 Dock,224.32,242.56,242.56,245.56,25.0,0,None,
12,Vessel 2,12,Evac Area 4 Dock,Safe Area 3 Marina,245.56,263.56,263.56,266.56,25.0,12,Evac Area 4,
13,Vessel 2,13,Safe Area 3 Marina,Evac Area 4 Beach,266.56,284.56,284.56,287.56,25.0,0,None,
14,Vessel 2,14,Evac Area 4 Beach,Safe Area 1 Terminal,287.56,309.16,309.16,312.16,25.0,9,Evac Area 4,
1,Vessel 3,1,Safe Area 3 Marina,Evac Area 4 Beach,60.0,78.0,78.0,81.0,25.0,0,None,
2,Vessel 3,2,Evac Area 4 Beach,Safe Area 3 Marina,81.0,99.0,99.0,102.0,25.0,12,Evac Area 4,
3,Vessel 3,3,Safe Area 3 Marina,Evac Area 4 Beach,102.0,120.0,120.0,123.0,25.0,0,None,
4,Vessel 3,4,Evac Area 4 Beach,Safe Area 2 Harbor,123.0,141.24,141.24,144.24,25.0,12,Evac Area 4,
5,Vessel 3,5,Safe Area 2 Harbor,Evac Area 2 Marina,144.24,156.24,156.24,159.24,25.0,0,None,
6,Vessel 3,6,Evac Area 2 Marina,Safe Area 2 Harbor,159.24,171.24,171.24,174.24,25.0,12,Evac Area 2,
7,Vessel 3,7,Safe Area 2 Harbor,Evac Area 2 Marina,174.24,186.24,186.24,189.24,25.0,0,None,
8,Vessel 3,8,Evac Area 2 Marina,Safe Area 2 Harbor,189.24,201.24,201.24,204.24,25.0,12,Evac Area 2,
9,Vessel 3,9,Safe Area 2 Harbor,Evac Area 4 Dock,204.24,222.48,222.48,225.48,25.0,0,None,
10,Vessel 3,10,Evac Area 4 Dock,Safe Area 3 Marina,225.48,243.48,243.48,246.48,25.0,12,Evac Area 4,
11,Vessel 3,11,Safe Area 3 Marina,Evac Area 4 Beach,246.48,264.48,264.48,267.48,25.0,0,None,
12,Vessel 3,12,Evac Area 4 Beach,Safe Area 3 Marina,267.48,285.48,285.48,288.48,25.0,12,Evac Area 4,
13,Vessel 3,13,Safe Area 3 Marina,Evac Area 3 Dock,288.48,299.28000000000003,299.28000000000003,302.28000000000003,25.0,0,None,
14,Vessel 3,14,Evac Area 3 Dock,Safe Area 3 Marina,302.28000000000003,313.08000000000004,313.08000000000004,316.08000000000004,25.0,12,Evac Area 3,
1,Vessel 4,1,Safe Area 1 Terminal,Evac Area 3 Dock,10.0,22.0,22.0,27.0,25.0,0,None,
2,Vessel 4,2,Evac Area 3 Dock,Safe Area 3 Marina,27.0,37.80000000000001,37.80000000000001,42.80000000000001,25.0,31,Evac Area 3,
3,Vessel 4,3,Safe Area 3 Marina,Evac Area 4 Dock,42.80000000000001,60.80000000000001,60.80000000000001,65.80000000000001,25.0,0,None,
4,Vessel 4,4,Evac Area 4 Dock,Safe Area 2 Harbor,65.80000000000001,84.03999999999999,84.03999999999999,89.03999999999999,25.0,38,Evac Area 4,
5,Vessel 4,5,Safe Area 2 Harbor,Evac Area 2 Marina,89.03999999999999,101.04000000000002,101.04000000000002,106.04000000000002,25.0,0,None,
6,Vessel 4,6,Evac Area 2 Marina,Safe Area 2 Harbor,106.04000000000002,118.04000000000002,118.04000000000002,123.04000000000002,25.0,38,Evac Area 2,
7,Vessel 4,7,Safe Area 2 Harbor,Evac Area 2 Marina,123.04000000000002,135.04,135.04,140.04,25.0,0,None,
8,Vessel 4,8,Evac Area 2 Marina,Safe Area 2 Harbor,140.04,152.04,152.04,157.04,25.0,38,Evac Area 2,
9,Vessel 4,9,Safe Area 2 Harbor,Evac Area 2 Marina,157.04,169.04,169.04,174.04,25.0,0,None,
10,Vessel 4,10,Evac Area 2 Marina,Safe Area 2 Harbor,174.04,186.04,186.04,191.04,25.0,38,Evac Area 2,
11,Vessel 4,11,Safe Area 2 Harbor,Evac Area 2 Marina,191.04,203.04,203.04,208.04,25.0,0,None,
12,Vessel 4,12,Evac Area 2 Marina,Safe Area 2 Harbor,208.04,220.04,220.04,225.04,25.0,35,Evac Area 2,
13,Vessel 4,13,Safe Area 2 Harbor,Evac Area 4 Dock,225.04,243.28,243.28,248.28,25.0,0,None,
14,Vessel 4,14,Evac Area 4 Dock,Safe Area 3 Marina,248.28,266.28,266.28,271.28,25.0,38,Evac Area 4,
15,Vessel 4,15,Safe Area 3 Marina,Evac Area 4 Dock,271.28,289.28,289.28,294.28,25.0,0,None,
16,Vessel 4,16,Evac Area 4 Dock,Safe Area 3 Marina,294.28,312.28,312.28,317.28,25.0,38,Evac Area 4,
1,Vessel 5,1,Safe Area 1 Terminal,Evac Area 4 Dock,30.0,60.0,60.0,70.0,18.0,0,None,
2,Vessel 5,2,Evac Area 4 Dock,Safe Area 2 Harbor,70.0,95.33333333333331,95.33333333333331,105.33333333333331,18.0,120,Evac Area 4,
3,Vessel 5,3,Safe Area 2 Harbor,Evac Area 2 Marina,105.33333333333331,122.0,122.0,132.0,18.0,0,None,
4,Vessel 5,4,Evac Area 2 Marina,Safe Area 2 Harbor,132.0,148.66666666666666,148.66666666666666,158.66666666666666,18.0,120,Evac Area 2,
5,Vessel 5,5,Safe Area 2 Harbor,Evac Area 2 Marina,158.66666666666666,175.33333333333331,175.33333333333331,185.3333333333333,18.0,0,None,
6,Vessel 5,6,Evac Area 2 Marina,Safe Area 2 Harbor,185.3333333333333,202.0,202.0,212.0,18.0,120,Evac Area 2,
7,Vessel 5,7,Safe Area 2 Harbor,Evac Area 2 Marina,212.0,228.66666666666663,228.66666666666663,238.66666666666663,18.0,0,None,
8,Vessel 5,8,Evac Area 2 Marina,Safe Area 2 Harbor,238.66666666666663,255.3333333333333,255.3333333333333,265.33333333333326,18.0,120,Evac Area 2,
9,Vessel 5,9,Safe Area 2 Harbor,Evac Area 2 Marina,265.33333333333326,281.99999999999994,281.99999999999994,291.99999999999994,18.0,0,None,
10,Vessel 5,10,Evac Area 2 Marina,Safe Area 2 Harbor,291.99999999999994,308.66666666666663,308.66666666666663,318.66666666666663,18.0,120,Evac Area 2,
1,Vessel 6,1,Safe Area 1 Terminal,Evac Area 4 Beach,30.0,51.60000000000002,51.60000000000002,54.60000000000002,25.0,0,None,
2,Vessel 6,2,Evac Area 4 Beach,Safe Area 3 Marina,54.60000000000002,72.6,72.6,75.6,25.0,12,Evac Area 4,
3,Vessel 6,3,Safe Area 3 Marina,Evac Area 4 Dock,75.6,93.6,93.6,96.6,25.0,0,None,
4,Vessel 6,4,Evac Area 4 Dock,Safe Area 3 Marina,96.6,114.6,114.6,117.6,25.0,12,Evac Area 4,
5,Vessel 6,5,Safe Area 3 Marina,Evac Area 4 Beach,117.6,135.6,135.6,138.6,25.0,0,None,
6,Vessel 6,6,Evac Area 4 Beach,Safe Area 3 Marina,138.6,156.6,156.6,159.6,25.0,12,Evac Area 4,
7,Vessel 6,7,Safe Area 3 Marina,Evac Area 4 Beach,159.6,177.6,177.6,180.6,25.0,0,None,
8,Vessel 6,8,Evac Area 4 Beach,Safe Area 2 Harbor,180.6,198.84,198.84,201.84,25.0,12,Evac Area 4,
9,Vessel 6,9,Safe Area 2 Harbor,Evac Area 2 Marina,201.84,213.84,213.84,216.84,25.0,0,None,
10,Vessel 6,10,Evac Area 2 Marina,Safe Area 2 Harbor,216.84,228.84,228.84,231.84,25.0,12,Evac Area 2,
11,Vessel 6,11,Safe Area 2 Harbor,Evac Area 2 Marina,231.84,243.84,243.84,246.84,25.0,0,None,
12,Vessel 6,12,Evac Area 2 Marina,Safe Area 2 Harbor,246.84,258.84000000000003,258.84000000000003,261.84000000000003,25.0,12,Evac Area 2,
13,Vessel 6,13,Safe Area 2 Harbor,Evac Area 2 Marina,261.84000000000003,273.84000000000003,273.84000000000003,276.84000000000003,25.0,0,None,
14,Vessel 6,14,Evac Area 2 Marina,Safe Area 2 Harbor,276.84000000000003,288.84000000000003,288.84000000000003,291.84000000000003,25.0,12,Evac Area 2,
15,Vessel 6,15,Safe Area 2 Harbor,Evac Area 2 Marina,291.84000000000003,303.84000000000003,303.84000000000003,306.84000000000003,25.0,0,None,
16,Vessel 6,16,Evac Area 2 Marina,Safe Area 2 Harbor,306.84000000000003,318.84000000000003,318.84000000000003,321.84000000000003,25.0,12,Evac Area 2,
1,Vessel 1,1,Safe Area 1 Terminal,Evac Area 1 Ferry Terminal,321.84000000000003,335.84000000000003,335.84000000000003,345.84000000000003,12.0,0,None,yes
2,Vessel 1,2,Evac Area 1 Ferry Terminal,Safe Area 1 Terminal,345.84000000000003,359.84000000000003,359.84000000000003,369.84000000000003,12.0,225,Evac Area 1,yes
1,Vessel 2,1,Safe Area 1 Terminal,Evac Area 2 Marina,321.84000000000003,345.84000000000003,345.84000000000003,348.84000000000003,25.0,0,None,yes
2,Vessel 2,2,Evac Area 2 Marina,Safe Area 3 Marina,348.84000000000003,365.64000000000004,365.64000000000004,368.64000000000004,25.0,12,Evac Area 2,yes
3,Vessel 2,3,Safe Area 3 Marina,Evac Area 2 Marina,368.64000000000004,385.44000000000005,385.44000000000005,388.44000000000005,25.0,0,None,yes
4,Vessel 2,4,Evac Area 2 Marina,Safe Area 2 Harbor,388.44000000000005,400.44000000000005,400.44000000000005,403.44000000000005,25.0,12,Evac Area 2,yes
5,Vessel 2,5,Safe Area 2 Harbor,Evac Area 2 Marina,403.44000000000005,415.44000000000005,415.44000000000005,418.44000000000005,25.0,0,None,yes
6,Vessel 2,6,Evac Area 2 Marina,Safe Area 3 Marina,418.44000000000005,435.24,435.24,438.24,25.0,12,Evac Area 2,yes
1,Vessel 3,1,Safe Area 3 Marina,Evac Area 2 Marina,321.84000000000003,338.64000000000004,338.64000000000004,341.64000000000004,25.0,0,None,yes
2,Vessel 3,2,Evac Area 2 Marina,Safe Area 3 Marina,341.64000000000004,358.44000000000005,358.44000000000005,361.44000000000005,25.0,7,Evac Area 2,yes
3,Vessel 3,3,Safe Area 3 Marina,Evac Area 2 Marina,361.44000000000005,378.24,378.24,381.24,25.0,0,None,yes
4,Vessel 3,4,Evac Area 2 Marina,Safe Area 2 Harbor,381.24,393.24,393.24,396.24,25.0,12,Evac Area 2,yes
5,Vessel 3,5,Safe Area 2 Harbor,Evac Area 2 Marina,396.24,408.24,408.24,411.24,25.0,0,None,yes
6,Vessel 3,6,Evac Area 2 Marina,Safe Area 2 Harbor,411.24,423.24,423.24,426.24,25.0,12,Evac Area 2,yes
7,Vessel 3,7,Safe Area 2 Harbor,Evac Area 2 Marina,426.24,438.24,438.24,441.24,25.0,0,None,yes
8,Vessel 3,8,Evac Area 2 Marina,Safe Area 2 Harbor,441.24,453.24,453.24,456.24,25.0,12,Evac Area 2,yes
1,Vessel 4,1,Safe Area 3 Marina,Evac Area 3 Dock,321.84000000000003,332.64000000000004,332.64000000000004,337.64000000000004,25.0,0,None,yes
2,Vessel 4,2,Evac Area 3 Dock,Safe Area 3 Marina,337.64000000000004,348.44000000000005,348.44000000000005,353.44000000000005,25.0,17,Evac Area 3,yes
3,Vessel 4,3,Safe Area 3 Marina,Evac Area 2 Marina,353.44000000000005,370.24,370.24,375.24,25.0,0,None,yes
4,Vessel 4,4,Evac Area 2 Marina,Safe Area 2 Harbor,375.24,387.24,387.24,392.24,25.0,38,Evac Area 2,yes
5,Vessel 4,5,Safe Area 2 Harbor,Evac Area 2 Marina,392.24,404.24,404.24,409.24,25.0,0,None,yes
6,Vessel 4,6,Evac Area 2 Marina,Safe Area 2 Harbor,409.24,421.24,421.24,426.24,25.0,38,Evac Area 2,yes
7,Vessel 4,7,Safe Area 2 Harbor,Evac Area 2 Marina,426.24,438.24,438.24,443.24,25.0,0,None,yes
8,Vessel 4,8,Evac Area 2 Marina,Safe Area 2 Harbor,443.24,455.24,455.24,460.24,25.0,38,Evac Area 2,yes
1,Vessel 5,1,Safe Area 2 Harbor,Evac Area 4 Dock,321.84000000000003,347.17333333333335,347.17333333333335,357.17333333333335,18.0,0,None,yes
2,Vessel 5,2,Evac Area 4 Dock,Safe Area 3 Marina,357.17333333333335,382.17333333333335,382.17333333333335,392.17333333333335,18.0,120,Evac Area 4,yes
3,Vessel 5,3,Safe Area 3 Marina,Evac Area 4 Dock,392.17333333333335,417.17333333333335,417.17333333333335,427.17333333333335,18.0,0,None,yes
4,Vessel 5,4,Evac Area 4 Dock,Safe Area 3 Marina,427.17333333333335,452.17333333333335,452.17333333333335,462.17333333333335,18.0,120,Evac Area 4,yes
1,Vessel 6,1,Safe Area 2 Harbor,Evac Area 2 Marina,321.84000000000003,333.84000000000003,333.84000000000003,336.84000000000003,25.0,0,None,yes
2,Vessel 6,2,Evac Area 2 Marina,Safe Area 1 Terminal,336.84000000000003,360.84000000000003,360.84000000000003,363.84000000000003,25.0,12,Evac Area 2,yes
3,Vessel 6,3,Safe Area 1 Terminal,Evac Area 4 Beach,363.84000000000003,385.44000000000005,385.44000000000005,388.44000000000005,25.0,0,None,yes
4,Vessel 6,4,Evac Area 4 Beach,Safe Area 1 Terminal,388.44000000000005,410.04,410.04,413.04,25.0,12,Evac Area 4,yes
5,Vessel 6,5,Safe Area 1 Terminal,Evac Area 4 Beach,413.04,434.64,434.64,437.64,25.0,0,None,yes
6,Vessel 6,6,Evac Area 4 Beach,Safe Area 2 Harbor,437.64,455.88,455.88,458.88,25.0,11,Evac Area 4,yes
