segment_id,resource_id,route_segment_id,origin,destination,route_start_time,route_end_time,load_start_time,load_end_time,resource_speed,evacuees,evacuated_location,post_run_correction
1,Vessel 1,1,Safe Area 1 Terminal,Evac Area 1 Ferry Terminal,10.0,24.0,24.0,34.0,12.0,0,None,
2,Vessel 1,2,Evac Area 1 Ferry Terminal,Safe Area 1 Terminal,34.0,48.0,48.0,58.0,12.0,1,Evac Area 1,
1,Vessel 2,1,Safe Area 2 Harbor,Evac Area 4 Beach,10.0,28.24000000000001,28.24000000000001,31.24000000000001,25.0,0,None,
2,Vessel 2,2,Evac Area 4 Beach,Safe Area 3 Marina,31.24000000000001,49.24000000000001,49.24000000000001,52.24000000000001,25.0,12,Evac Area 4,
3,Vessel 2,3,Safe Area 3 Marina,Evac Area 3 Dock,52.24000000000001,63.039999999999964,63.039999999999964,66.03999999999996,25.0,0,None,
4,Vessel 2,4,Evac Area 3 Dock,Safe Area 3 Marina,66.03999999999996,76.84000000000003,76.84000000000003,79.84000000000003,25.0,0,Evac Area 3,
5,Vessel 2,5,Safe Area 3 Marina,Evac Area 4 Beach,79.84000000000003,97.84000000000003,97.84000000000003,100.84000000000003,25.0,0,None,
6,Vessel 2,6,Evac Area 4 Beach,Safe Area 3 Marina,100.84000000000003,118.84000000000003,118.84000000000003,121.84000000000003,25.0,12,Evac Area 4,
7,Vessel 2,7,Safe Area 3 Marina,Evac Area 4 Beach,121.84000000000003,139.83999999999992,139.83999999999992,142.83999999999992,25.0,0,None,
8,Vessel 2,8,Evac Area 4 Beach,Safe Area 3 Marina,142.83999999999992,160.83999999999992,160.83999999999992,163.83999999999992,25.0,12,Evac Area 4,
9,Vessel 2,9,Safe Area 3 Marina,Evac Area 3 Dock,163.83999999999992,174.64,174.64,177.64,25.0,0,None,
10,Vessel 2,10,Evac Area 3 Dock,Safe Area 3 Marina,177.64,188.44,188.44,191.44,25.0,0,Evac Area 3,
11,Vessel 2,11,Safe Area 3 Marina,Evac Area 4 Beach,191.44,209.44,209.44,212.44,25.0,0,None,
12,Vessel 2,12,Evac Area 4 Beach,Safe Area 3 Marina,212.44,230.44,230.44,233.44,25.0,12,Evac Area 4,
13,Vessel 2,13,Safe Area 3 Marina,Evac Area 3 Dock,233.44,244.24,244.24,247.24,25.0,0,None,
14,Vessel 2,14,Evac Area 3 Dock,Safe Area 3 Marina,247.24,258.04,258.04,261.04,25.0,9,Evac Area 3,
15,Vessel 2,15,Safe Area 3 Marina,Evac Area 3 Dock,261.04,271.84000000000003,271.84000000000003,274.84000000000003,25.0,0,None,
16,Vessel 2,16,Evac Area 3 Dock,Safe Area 3 Marina,274.84000000000003,285.64000000000004,285.64000000000004,288.64000000000004,25.0,12,Evac Area 3,
17,Vessel 2,17,Safe Area 3 Marina,Evac Area 3 Dock,288.64000000000004,299.44000000000005,299.44000000000005,302.44000000000005,25.0,0,None,
18,Vessel 2,18,Evac Area 3 Dock,Safe Area 3 Marina,302.44000000000005,313.24000000000007,313.24000000000007,316.24000000000007,25.0,12,Evac Area 3,
19,Vessel 2,19,Safe Area 3 Marina,Evac Area 3 Dock,316.24000000000007,327.0400000000001,327.0400000000001,330.0400000000001,25.0,0,None,
20,Vessel 2,20,Evac Area 3 Dock,Safe Area 3 Marina,330.0400000000001,340.8400000000001,340.8400000000001,343.8400000000001,25.0,12,Evac Area 3,
21,Vessel 2,21,Safe Area 3 Marina,Evac Area 3 Dock,343.8400000000001,354.6400000000001,354.6400000000001,357.6400000000001,25.0,0,None,
22,Vessel 2,22,Evac Area 3 Dock,Safe Area 3 Marina,357.6400000000001,368.4400000000001,368.4400000000001,371.4400000000001,25.0,12,Evac Area 3,
23,Vessel 2,23,Safe Area 3 Marina,Evac Area 4 Dock,371.4400000000001,389.4400000000001,389.4400000000001,392.4400000000001,25.0,0,None,
24,Vessel 2,24,Evac Area 4 Dock,Safe Area 3 Marina,392.4400000000001,410.4400000000001,410.4400000000001,413.4400000000001,25.0,12,Evac Area 4,
25,Vessel 2,25,Safe Area 3 Marina,Evac Area 4 Beach,413.4400000000001,431.4400000000001,431.4400000000001,434.4400000000001,25.0,0,None,
26,Vessel 2,26,Evac Area 4 Beach,Safe Area 3 Marina,434.4400000000001,452.4400000000001,452.4400000000001,455.4400000000001,25.0,12,Evac Area 4,
27,Vessel 2,27,Safe Area 3 Marina,Evac Area 4 Beach,455.4400000000001,473.4400000000001,473.4400000000001,476.4400000000001,25.0,0,None,
28,Vessel 2,28,Evac Area 4 Beach,Safe Area 3 Marina,476.4400000000001,494.4400000000001,494.4400000000001,497.4400000000001,25.0,12,Evac Area 4,
29,Vessel 2,29,Safe Area 3 Marina,Evac Area 4 Beach,497.4400000000001,515.44,515.44,518.44,25.0,0,None,
30,Vessel 2,30,Evac Area 4 Beach,Safe Area 3 Marina,518.44,536.44,536.44,539.44,25.0,12,Evac Area 4,
31,Vessel 2,31,Safe Area 3 Marina,Evac Area 4 Beach,539.44,557.44,557.44,560.44,25.0,0,None,
32,Vessel 2,32,Evac Area 4 Beach,Safe Area 3 Marina,560.44,578.44,578.44,581.44,25.0,12,Evac Area 4,
1,Vessel 3,1,Safe Area 3 Marina,Evac Area 4 Beach,60.0,78.0,78.0,81.0,25.0,0,None,
2,Vessel 3,2,Evac Area 4 Beach,Safe Area 3 Marina,81.0,99.0,99.0,102.0,25.0,12,Evac Area 4,
3,Vessel 3,3,Safe Area 3 Marina,Evac Area 4 Beach,102.0,120.0,120.0,123.0,25.0,0,None,
4,Vessel 3,4,Evac Area 4 Beach,Safe Area 3 Marina,123.0,141.0,141.0,144.0,25.0,12,Evac Area 4,
5,Vessel 3,5,Safe Area 3 Marina,Evac Area 4 Beach,144.0,162.0,162.0,165.0,25.0,0,None,
6,Vessel 3,6,Evac Area 4 Beach,Safe Area 3 Marina,165.0,183.0,183.0,186.0,25.0,12,Evac Area 4,
7,Vessel 3,7,Safe Area 3 Marina,Evac Area 4 Beach,186.0,204.0,204.0,207.0,25.0,0,None,
8,Vessel 3,8,Evac Area 4 Beach,Safe Area 3 Marina,207.0,225.0,225.0,228.0,25.0,12,Evac Area 4,
9,Vessel 3,9,Safe Area 3 Marina,Evac Area 4 Beach,228.0,246.0,246.0,249.0,25.0,0,None,
10,Vessel 3,10,Evac Area 4 Beach,Safe Area 3 Marina,249.0,267.0,267.0,270.0,25.0,12,Evac Area 4,
11,Vessel 3,11,Safe Area 3 Marina,Evac Area 4 Beach,270.0,288.0,288.0,291.0,25.0,0,None,
12,Vessel 3,12,Evac Area 4 Beach,Safe Area 3 Marina,291.0,309.0,309.0,312.0,25.0,12,Evac Area 4,
13,Vessel 3,13,Safe Area 3 Marina,Evac Area 4 Beach,312.0,330.0,330.0,333.0,25.0,0,None,
14,Vessel 3,14,Evac Area 4 Beach,Safe Area 3 Marina,333.0,351.0,351.0,354.0,25.0,12,Evac Area 4,
15,Vessel 3,15,Safe Area 3 Marina,Evac Area 4 Beach,354.0,372.0,372.0,375.0,25.0,0,None,
16,Vessel 3,16,Evac Area 4 Beach,Safe Area 3 Marina,375.0,393.0,393.0,396.0,25.0,12,Evac Area 4,
17,Vessel 3,17,Safe Area 3 Marina,Evac Area 4 Beach,396.0,414.0,414.0,417.0,25.0,0,None,
18,Vessel 3,18,Evac Area 4 Beach,Safe Area 3 Marina,417.0,435.0,435.0,438.0,25.0,12,Evac Area 4,
19,Vessel 3,19,Safe Area 3 Marina,Evac Area 4 Beach,438.0,456.0,456.0,459.0,25.0,0,None,
20,Vessel 3,20,Evac Area 4 Beach,Safe Area 3 Marina,459.0,477.0,477.0,480.0,25.0,12,Evac Area 4,
21,Vessel 3,21,Safe Area 3 Marina,Evac Area 4 Beach,480.0,498.0,498.0,501.0,25.0,0,None,
22,Vessel 3,22,Evac Area 4 Beach,Safe Area 3 Marina,501.0,519.0,519.0,522.0,25.0,12,Evac Area 4,
23,Vessel 3,23,Safe Area 3 Marina,Evac Area 4 Beach,522.0,540.0,540.0,543.0,25.0,0,None,
24,Vessel 3,24,Evac Area 4 Beach,Safe Area 3 Marina,543.0,561.0,561.0,564.0,25.0,12,Evac Area 4,
1,Vessel 4,1,Safe Area 1 Terminal,Evac Area 3 Dock,10.0,22.0,22.0,27.0,25.0,0,None,
2,Vessel 4,2,Evac Area 3 Dock,Safe Area 3 Marina,27.0,37.799999999999955,37.799999999999955,42.799999999999955,25.0,0,Evac Area 3,
3,Vessel 4,3,Safe Area 3 Marina,Evac Area 4 Dock,42.799999999999955,60.799999999999955,60.799999999999955,65.79999999999995,25.0,0,None,
4,Vessel 4,4,Evac Area 4 Dock,Safe Area 3 Marina,65.79999999999995,83.80000000000001,83.80000000000001,88.80000000000001,25.0,28,Evac Area 4,
5,Vessel 4,5,Safe Area 3 Marina,Evac Area 4 Dock,88.80000000000001,106.80000000000001,106.80000000000001,111.80000000000001,25.0,0,None,
6,Vessel 4,6,Evac Area 4 Dock,Safe Area 3 Marina,111.80000000000001,129.8,129.8,134.8,25.0,38,Evac Area 4,
7,Vessel 4,7,Safe Area 3 Marina,Evac Area 4 Dock,134.8,152.8,152.8,157.8,25.0,0,None,
8,Vessel 4,8,Evac Area 4 Dock,Safe Area 3 Marina,157.8,175.8,175.8,180.8,25.0,38,Evac Area 4,
9,Vessel 4,9,Safe Area 3 Marina,Evac Area 4 Dock,180.8,198.8,198.8,203.8,25.0,0,None,
10,Vessel 4,10,Evac Area 4 Dock,Safe Area 3 Marina,203.8,221.8,221.8,226.8,25.0,38,Evac Area 4,
11,Vessel 4,11,Safe Area 3 Marina,Evac Area 4 Dock,226.8,244.8,244.8,249.8,25.0,0,None,
12,Vessel 4,12,Evac Area 4 Dock,Safe Area 3 Marina,249.8,267.8,267.8,272.8,25.0,38,Evac Area 4,
13,Vessel 4,13,Safe Area 3 Marina,Evac Area 4 Dock,272.8,290.8,290.8,295.8,25.0,0,None,
14,Vessel 4,14,Evac Area 4 Dock,Safe Area 3 Marina,295.8,313.8,313.8,318.8,25.0,38,Evac Area 4,
15,Vessel 4,15,Safe Area 3 Marina,Evac Area 4 Dock,318.8,336.8,336.8,341.8,25.0,0,None,
16,Vessel 4,16,Evac Area 4 Dock,Safe Area 3 Marina,341.8,359.8,359.8,364.8,25.0,38,Evac Area 4,
17,Vessel 4,17,Safe Area 3 Marina,Evac Area 4 Dock,364.8,382.8,382.8,387.8,25.0,0,None,
18,Vessel 4,18,Evac Area 4 Dock,Safe Area 3 Marina,387.8,405.8,405.8,410.8,25.0,38,Evac Area 4,
19,Vessel 4,19,Safe Area 3 Marina,Evac Area 4 Dock,410.8,428.8,428.8,433.8,25.0,0,None,
20,Vessel 4,20,Evac Area 4 Dock,Safe Area 3 Marina,433.8,451.8,451.8,456.8,25.0,38,Evac Area 4,
21,Vessel 4,21,Safe Area 3 Marina,Evac Area 4 Dock,456.8,474.8,474.8,479.8,25.0,0,None,
22,Vessel 4,22,Evac Area 4 Dock,Safe Area 3 Marina,479.8,497.8,497.8,502.8,25.0,38,Evac Area 4,
23,Vessel 4,23,Safe Area 3 Marina,Evac Area 4 Dock,502.8,520.8,520.8,525.8,25.0,0,None,
24,Vessel 4,24,Evac Area 4 Dock,Safe Area 3 Marina,525.8,543.8,543.8,548.8,25.0,38,Evac Area 4,
25,Vessel 4,25,Safe Area 3 Marina,Evac Area 4 Dock,548.8,566.8,566.8,571.8,25.0,0,None,
26,Vessel 4,26,Evac Area 4 Dock,Safe Area 3 Marina,571.8,589.8,589.8,594.8,25.0,38,Evac Area 4,
1,Vessel 5,1,Safe Area 1 Terminal,Evac Area 4 Dock,30.0,60.0,60.0,70.0,18.0,0,None,
2,Vessel 5,2,Evac Area 4 Dock,Safe Area 3 Marina,70.0,95.0,95.0,105.0,18.0,120,Evac Area 4,
3,Vessel 5,3,Safe Area 3 Marina,Evac Area 4 Dock,105.0,130.0,130.0,140.0,18.0,0,None,
4,Vessel 5,4,Evac Area 4 Dock,Safe Area 3 Marina,140.0,165.0,165.0,175.0,18.0,120,Evac Area 4,
5,Vessel 5,5,Safe Area 3 Marina,Evac Area 4 Dock,175.0,200.0,200.0,210.0,18.0,0,None,
6,Vessel 5,6,Evac Area 4 Dock,Safe Area 3 Marina,210.0,235.0,235.0,245.0,18.0,120,Evac Area 4,
7,Vessel 5,7,Safe Area 3 Marina,Evac Area 4 Dock,245.0,270.0,270.0,280.0,18.0,0,None,
8,Vessel 5,8,Evac Area 4 Dock,Safe Area 3 Marina,280.0,305.0,305.0,315.0,18.0,120,Evac Area 4,
9,Vessel 5,9,Safe Area 3 Marina,Evac Area 4 Dock,315.0,340.0,340.0,350.0,18.0,0,None,
10,Vessel 5,10,Evac Area 4 Dock,Safe Area 3 Marina,350.0,375.0,375.0,385.0,18.0,120,Evac Area 4,
11,Vessel 5,11,Safe Area 3 Marina,Evac Area 4 Dock,385.0,410.0,410.0,420.0,18.0,0,None,
12,Vessel 5,12,Evac Area 4 Dock,Safe Area 3 Marina,420.0,445.0,445.0,455.0,18.0,120,Evac Area 4,
13,Vessel 5,13,Safe Area 3 Marina,Evac Area 4 Dock,455.0,480.0,480.0,490.0,18.0,0,None,
14,Vessel 5,14,Evac Area 4 Dock,Safe Area 3 Marina,490.0,515.0,515.0,525.0,18.0,120,Evac Area 4,
15,Vessel 5,15,Safe Area 3 Marina,Evac Area 4 Dock,525.0,550.0,550.0,560.0,18.0,0,None,
16,Vessel 5,16,Evac Area 4 Dock,Safe Area 3 Marina,560.0,585.0,585.0,595.0,18.0,120,Evac Area 4,
1,Vessel 6,1,Safe Area 1 Terminal,Evac Area 3 Dock,30.0,42.0,42.0,45.0,25.0,0,None,
2,Vessel 6,2,Evac Area 3 Dock,Safe Area 3 Marina,45.0,55.799999999999955,55.799999999999955,58.799999999999955,25.0,12,Evac Area 3,
3,Vessel 6,3,Safe Area 3 Marina,Evac Area 4 Beach,58.799999999999955,76.79999999999995,76.79999999999995,79.79999999999995,25.0,0,None,
4,Vessel 6,4,Evac Area 4 Beach,Safe Area 2 Harbor,79.79999999999995,98.04000000000002,98.04000000000002,101.04000000000002,25.0,12,Evac Area 4,
5,Vessel 6,5,Safe Area 2 Harbor,Evac Area 2 Marina,101.04000000000002,113.04000000000002,113.04000000000002,116.04000000000002,25.0,0,None,
6,Vessel 6,6,Evac Area 2 Marina,Safe Area 2 Harbor,116.04000000000002,128.03999999999996,128.03999999999996,131.03999999999996,25.0,12,Evac Area 2,
7,Vessel 6,7,Safe Area 2 Harbor,Evac Area 2 Marina,131.03999999999996,143.03999999999996,143.03999999999996,146.03999999999996,25.0,0,None,
8,Vessel 6,8,Evac Area 2 Marina,Safe Area 2 Harbor,146.03999999999996,158.03999999999996,158.03999999999996,161.03999999999996,25.0,12,Evac Area 2,
9,Vessel 6,9,Safe Area 2 Harbor,Evac Area 2 Marina,161.03999999999996,173.03999999999996,173.03999999999996,176.03999999999996,25.0,0,None,
10,Vessel 6,10,Evac Area 2 Marina,Safe Area 2 Harbor,176.03999999999996,188.03999999999996,188.03999999999996,191.03999999999996,25.0,12,Evac Area 2,
11,Vessel 6,11,Safe Area 2 Harbor,Evac Area 2 Marina,191.03999999999996,203.03999999999996,203.03999999999996,206.03999999999996,25.0,0,None,
12,Vessel 6,12,Evac Area 2 Marina,Safe Area 2 Harbor,206.03999999999996,218.03999999999996,218.03999999999996,221.03999999999996,25.0,12,Evac Area 2,
13,Vessel 6,13,Safe Area 2 Harbor,Evac Area 2 Marina,221.03999999999996,233.03999999999996,233.03999999999996,236.03999999999996,25.0,0,None,
14,Vessel 6,14,Evac Area 2 Marina,Safe Area 2 Harbor,236.03999999999996,248.03999999999996,248.03999999999996,251.03999999999996,25.0,12,Evac Area 2,
15,Vessel 6,15,Safe Area 2 Harbor,Evac Area 2 Marina,251.03999999999996,263.04,263.04,266.04,25.0,0,None,
16,Vessel 6,16,Evac Area 2 Marina,Safe Area 2 Harbor,266.04,278.04,278.04,281.04,25.0,12,Evac Area 2,
17,Vessel 6,17,Safe Area 2 Harbor,Evac Area 2 Marina,281.04,293.04,293.04,296.04,25.0,0,None,
18,Vessel 6,18,Evac Area 2 Marina,Safe Area 2 Harbor,296.04,308.04,308.04,311.04,25.0,12,Evac Area 2,
19,Vessel 6,19,Safe Area 2 Harbor,Evac Area 2 Marina,311.04,323.04,323.04,326.04,25.0,0,None,
20,Vessel 6,20,Evac Area 2 Marina,Safe Area 2 Harbor,326.04,338.04,338.04,341.04,25.0,12,Evac Area 2,
21,Vessel 6,21,Safe Area 2 Harbor,Evac Area 2 Marina,341.04,353.04,353.04,356.04,25.0,0,None,
22,Vessel 6,22,Evac Area 2 Marina,Safe Area 2 Harbor,356.04,368.04,368.04,371.04,25.0,12,Evac Area 2,
23,Vessel 6,23,Safe Area 2 Harbor,Evac Area 2 Marina,371.04,383.04,383.04,386.04,25.0,0,None,
24,Vessel 6,24,Evac Area 2 Marina,Safe Area 2 Harbor,386.04,398.04,398.04,401.04,25.0,11,Evac Area 2,
1,Vessel 2,1,Safe Area 3 Marina,Evac Area 3 Dock,595.0,605.8,605.8,608.8,25.0,0,None,yes
2,Vessel 2,2,Evac Area 3 Dock,Safe Area 3 Marina,608.8,619.6,619.6,622.6,25.0,3,Evac Area 3,yes
1,Vessel 5,1,Safe Area 3 Marina,Evac Area 4 Dock,595.0,620.0,620.0,630.0,18.0,0,None,yes
2,Vessel 5,2,Evac Area 4 Dock,Safe Area 3 Marina,630.0,655.0,655.0,665.0,18.0,94,Evac Area 4,yes
