segment_id,resource_id,route_segment_id,origin,destination,route_start_time,route_end_time,load_start_time,load_end_time,resource_speed,evacuees,evacuated_location
1,Vessel 1,1,Safe Area 1 Terminal,Evac Area 1 Ferry Terminal,10.0,24.0,24.0,34.0,12.0,0,None
2,Vessel 1,2,Evac Area 1 Ferry Terminal,Safe Area 1 Terminal,34.0,48.0,48.0,58.0,12.0,457,Evac Area 1
3,Vessel 1,3,Safe Area 1 Terminal,Evac Area 1 Ferry Terminal,58.0,72.0,72.0,82.0,12.0,0,None
4,Vessel 1,4,Evac Area 1 Ferry Terminal,Safe Area 1 Terminal,82.0,96.0,96.0,106.0,12.0,427,Evac Area 1
1,Vessel 2,1,Safe Area 2 Harbor,Evac Area 4 Beach,10.0,28.24,28.24,31.24,25.0,0,None
2,Vessel 2,2,Evac Area 4 Beach,Safe Area 3 Marina,31.24,49.239999999999995,49.239999999999995,52.239999999999995,25.0,12,Evac Area 4
3,Vessel 2,3,Safe Area 3 Marina,Evac Area 4 Beach,52.239999999999995,70.24,70.24,73.24,25.0,0,None
4,Vessel 2,4,Evac Area 4 Beach,Safe Area 3 Marina,73.24,91.24,91.24,94.24,25.0,12,Evac Area 4
5,Vessel 2,5,Safe Area 3 Marina,Evac Area 4 Dock,94.24,112.24,112.24,115.24,25.0,0,None
6,Vessel 2,6,Evac Area 4 Dock,Safe Area 3 Marina,115.24,133.24,133.24,136.24,25.0,12,Evac Area 4
7,Vessel 2,7,Safe Area 3 Marina,Evac Area 3 Dock,136.24,147.04000000000002,147.04000000000002,150.04000000000002,25.0,0,None
8,Vessel 2,8,Evac Area 3 Dock,Safe Area 3 Marina,150.04000000000002,160.84000000000003,160.84000000000003,163.84000000000003,25.0,12,Evac Area 3
9,Vessel 2,9,Safe Area 3 Marina,Evac Area 4 Dock,163.84000000000003,181.84000000000003,181.84000000000003,184.84000000000003,25.0,0,None
10,Vessel 2,10,Evac Area 4 Dock,Safe Area 3 Marina,184.84000000000003,202.84000000000003,202.84000000000003,205.84000000000003,25.0,12,Evac Area 4
11,Vessel 2,11,Safe Area 3 Marina,Evac Area 4 Dock,205.84000000000003,223.84000000000003,223.84000000000003,226.84000000000003,25.0,0,None
12,Vessel 2,12,Evac Area 4 Dock,Safe Area 3 Marina,226.84000000000003,244.84000000000003,244.84000000000003,247.84000000000003,25.0,12,Evac Area 4
13,Vessel 2,13,Safe Area 3 Marina,Evac Area 4 Beach,247.84000000000003,265.84000000000003,265.84000000000003,268.84000000000003,25.0,0,None
14,Vessel 2,14,Evac Area 4 Beach,Safe Area 3 Marina,268.84000000000003,286.84000000000003,286.84000000000003,289.84000000000003,25.0,12,Evac Area 4
15,Vessel 2,15,Safe Area 3 Marina,Evac Area 4 Dock,289.84000000000003,307.84000000000003,307.84000000000003,310.84000000000003,25.0,0,None
16,Vessel 2,16,Evac Area 4 Dock,Safe Area 3 Marina,310.84000000000003,328.84000000000003,328.84000000000003,331.84000000000003,25.0,12,Evac Area 4
17,Vessel 2,17,Safe Area 3 Marina,Evac Area 4 Beach,331.84000000000003,349.84000000000003,349.84000000000003,352.84000000000003,25.0,0,None
18,Vessel 2,18,Evac Area 4 Beach,Safe Area 3 Marina,352.84000000000003,370.84000000000003,370.84000000000003,373.84000000000003,25.0,12,Evac Area 4
19,Vessel 2,19,Safe Area 3 Marina,Evac Area 3 Dock,373.84000000000003,384.64000000000004,384.64000000000004,387.64000000000004,25.0,0,None
20,Vessel 2,20,Evac Area 3 Dock,Safe Area 3 Marina,387.64000000000004,398.44000000000005,398.44000000000005,401.44000000000005,25.0,12,Evac Area 3
1,Vessel 3,1,Safe Area 3 Marina,Evac Area 3 Dock,60.0,70.8,70.8,73.8,25.0,0,None
2,Vessel 3,2,Evac Area 3 Dock,Safe Area 1 Terminal,73.8,85.8,85.8,88.8,25.0,12,Evac Area 3
3,Vessel 3,3,Safe Area 1 Terminal,Evac Area 3 Dock,88.8,100.8,100.8,103.8,25.0,0,None
4,Vessel 3,4,Evac Area 3 Dock,Safe Area 1 Terminal,103.8,115.8,115.8,118.8,25.0,12,Evac Area 3
5,Vessel 3,5,Safe Area 1 Terminal,Evac Area 4 Beach,118.8,140.4,140.4,143.4,25.0,0,None
6,Vessel 3,6,Evac Area 4 Beach,Safe Area 2 Harbor,143.4,161.64000000000001,161.64000000000001,164.64000000000001,25.0,12,Evac Area 4
7,Vessel 3,7,Safe Area 2 Harbor,Evac Area 2 Marina,164.64000000000001,176.64000000000001,176.64000000000001,179.64000000000001,25.0,0,None
8,Vessel 3,8,Evac Area 2 Marina,Safe Area 2 Harbor,179.64000000000001,191.64000000000001,191.64000000000001,194.64000000000001,25.0,12,Evac Area 2
9,Vessel 3,9,Safe Area 2 Harbor,Evac Area 4 Dock,194.64000000000001,212.88000000000002,212.88000000000002,215.88000000000002,25.0,0,None
10,Vessel 3,10,Evac Area 4 Dock,Safe Area 2 Harbor,215.88000000000002,234.12000000000003,234.12000000000003,237.12000000000003,25.0,12,Evac Area 4
11,Vessel 3,11,Safe Area 2 Harbor,Evac Area 4 Beach,237.12000000000003,255.36000000000004,255.36000000000004,258.36,25.0,0,None
12,Vessel 3,12,Evac Area 4 Beach,Safe Area 2 Harbor,258.36,276.6,276.6,279.6,25.0,12,Evac Area 4
13,Vessel 3,13,Safe Area 2 Harbor,Evac Area 2 Marina,279.6,291.6,291.6,294.6,25.0,0,None
14,Vessel 3,14,Evac Area 2 Marina,Safe Area 2 Harbor,294.6,306.6,306.6,309.6,25.0,12,Evac Area 2
15,Vessel 3,15,Safe Area 2 Harbor,Evac Area 2 Marina,309.6,321.6,321.6,324.6,25.0,0,None
16,Vessel 3,16,Evac Area 2 Marina,Safe Area 2 Harbor,324.6,336.6,336.6,339.6,25.0,12,Evac Area 2
17,Vessel 3,17,Safe Area 2 Harbor,Evac Area 2 Marina,339.6,351.6,351.6,354.6,25.0,0,None
18,Vessel 3,18,Evac Area 2 Marina,Safe Area 2 Harbor,354.6,366.6,366.6,369.6,25.0,12,Evac Area 2
19,Vessel 3,19,Safe Area 2 Harbor,Evac Area 2 Marina,369.6,381.6,381.6,384.6,25.0,0,None
20,Vessel 3,20,Evac Area 2 Marina,Safe Area 2 Harbor,384.6,396.6,396.6,399.6,25.0,12,Evac Area 2
1,Vessel 4,1,Safe Area 1 Terminal,Evac Area 4 Dock,10.0,31.599999999999998,31.599999999999998,36.599999999999994,25.0,0,None
2,Vessel 4,2,Evac Area 4 Dock,Safe Area 2 Harbor,36.599999999999994,54.83999999999999,54.83999999999999,59.83999999999999,25.0,38,Evac Area 4
3,Vessel 4,3,Safe Area 2 Harbor,Evac Area 2 Marina,59.83999999999999,71.83999999999999,71.83999999999999,76.83999999999999,25.0,0,None
4,Vessel 4,4,Evac Area 2 Marina,Safe Area 2 Harbor,76.83999999999999,88.83999999999999,88.83999999999999,93.83999999999999,25.0,38,Evac Area 2
5,Vessel 4,5,Safe Area 2 Harbor,Evac Area 2 Marina,93.83999999999999,105.83999999999999,105.83999999999999,110.83999999999999,25.0,0,None
6,Vessel 4,6,Evac Area 2 Marina,Safe Area 2 Harbor,110.83999999999999,122.83999999999999,122.83999999999999,127.83999999999999,25.0,38,Evac Area 2
7,Vessel 4,7,Safe Area 2 Harbor,Evac Area 2 Marina,127.83999999999999,139.83999999999997,139.83999999999997,144.83999999999997,25.0,0,None
8,Vessel 4,8,Evac Area 2 Marina,Safe Area 2 Harbor,144.83999999999997,156.83999999999997,156.83999999999997,161.83999999999997,25.0,38,Evac Area 2
9,Vessel 4,9,Safe Area 2 Harbor,Evac Area 2 Marina,161.83999999999997,173.83999999999997,173.83999999999997,178.83999999999997,25.0,0,None
10,Vessel 4,10,Evac Area 2 Marina,Safe Area 2 Harbor,178.83999999999997,190.83999999999997,190.83999999999997,195.83999999999997,25.0,34,Evac Area 2
11,Vessel 4,11,Safe Area 2 Harbor,Evac Area 2 Marina,195.83999999999997,207.83999999999997,207.83999999999997,212.83999999999997,25.0,0,None
12,Vessel 4,12,Evac Area 2 Marina,Safe Area 2 Harbor,212.83999999999997,224.83999999999997,224.83999999999997,229.83999999999997,25.0,38,Evac Area 2
13,Vessel 4,13,Safe Area 2 Harbor,Evac Area 2 Marina,229.83999999999997,241.83999999999997,241.83999999999997,246.83999999999997,25.0,0,None
14,Vessel 4,14,Evac Area 2 Marina,Safe Area 2 Harbor,246.83999999999997,258.84,258.84,263.84,25.0,38,Evac Area 2
15,Vessel 4,15,Safe Area 2 Harbor,Evac Area 2 Marina,263.84,275.84,275.84,280.84,25.0,0,None
16,Vessel 4,16,Evac Area 2 Marina,Safe Area 2 Harbor,280.84,292.84,292.84,297.84,25.0,38,Evac Area 2
17,Vessel 4,17,Safe Area 2 Harbor,Evac Area 2 Marina,297.84,309.84,309.84,314.84,25.0,0,None
18,Vessel 4,18,Evac Area 2 Marina,Safe Area 2 Harbor,314.84,326.84,326.84,331.84,25.0,38,Evac Area 2
19,Vessel 4,19,Safe Area 2 Harbor,Evac Area 2 Marina,331.84,343.84,343.84,348.84,25.0,0,None
20,Vessel 4,20,Evac Area 2 Marina,Safe Area 2 Harbor,348.84,360.84,360.84,365.84,25.0,38,Evac Area 2
21,Vessel 4,21,Safe Area 2 Harbor,Evac Area 2 Marina,365.84,377.84,377.84,382.84,25.0,0,None
22,Vessel 4,22,Evac Area 2 Marina,Safe Area 2 Harbor,382.84,394.84,394.84,399.84,25.0,38,Evac Area 2
1,Vessel 5,1,Safe Area 1 Terminal,Evac Area 4 Dock,30.0,60.0,60.0,70.0,18.0,0,None
2,Vessel 5,2,Evac Area 4 Dock,Safe Area 2 Harbor,70.0,95.33333333333333,95.33333333333333,105.33333333333333,18.0,115,Evac Area 4
3,Vessel 5,3,Safe Area 2 Harbor,Evac Area 2 Marina,105.33333333333333,122.0,122.0,132.0,18.0,0,None
4,Vessel 5,4,Evac Area 2 Marina,Safe Area 2 Harbor,132.0,148.66666666666666,148.66666666666666,158.66666666666666,18.0,120,Evac Area 2
5,Vessel 5,5,Safe Area 2 Harbor,Evac Area 2 Marina,158.66666666666666,175.33333333333331,175.33333333333331,185.33333333333331,18.0,0,None
6,Vessel 5,6,Evac Area 2 Marina,Safe Area 2 Harbor,185.33333333333331,201.99999999999997,201.99999999999997,211.99999999999997,18.0,120,Evac Area 2
7,Vessel 5,7,Safe Area 2 Harbor,Evac Area 2 Marina,211.99999999999997,228.66666666666663,228.66666666666663,238.66666666666663,18.0,0,None
8,Vessel 5,8,Evac Area 2 Marina,Safe Area 2 Harbor,238.66666666666663,255.3333333333333,255.3333333333333,265.33333333333326,18.0,120,Evac Area 2
9,Vessel 5,9,Safe Area 2 Harbor,Evac Area 4 Dock,265.33333333333326,290.6666666666666,290.6666666666666,300.6666666666666,18.0,0,None
10,Vessel 5,10,Evac Area 4 Dock,Safe Area 3 Marina,300.6666666666666,325.6666666666666,325.6666666666666,335.6666666666666,18.0,120,Evac Area 4
11,Vessel 5,11,Safe Area 3 Marina,Evac Area 4 Dock,335.6666666666666,360.6666666666666,360.6666666666666,370.6666666666666,18.0,0,None
12,Vessel 5,12,Evac Area 4 Dock,Safe Area 3 Marina,370.6666666666666,395.6666666666666,395.6666666666666,405.6666666666666,18.0,120,Evac Area 4
1,Vessel 6,1,Safe Area 1 Terminal,Evac Area 3 Dock,30.0,42.0,42.0,45.0,25.0,0,None
2,Vessel 6,2,Evac Area 3 Dock,Safe Area 3 Marina,45.0,55.8,55.8,58.8,25.0,2,Evac Area 3
3,Vessel 6,3,Safe Area 3 Marina,Evac Area 4 Dock,58.8,76.8,76.8,79.8,25.0,0,None
4,Vessel 6,4,Evac Area 4 Dock,Safe Area 2 Harbor,79.8,98.03999999999999,98.03999999999999,101.03999999999999,25.0,12,Evac Area 4
5,Vessel 6,5,Safe Area 2 Harbor,Evac Area 2 Marina,101.03999999999999,113.03999999999999,113.03999999999999,116.03999999999999,25.0,0,None
6,Vessel 6,6,Evac Area 2 Marina,Safe Area 2 Harbor,116.03999999999999,128.04,128.04,131.04,25.0,12,Evac Area 2
7,Vessel 6,7,Safe Area 2 Harbor,Evac Area 4 Beach,131.04,149.28,149.28,152.28,25.0,0,None
8,Vessel 6,8,Evac Area 4 Beach,Safe Area 2 Harbor,152.28,170.52,170.52,173.52,25.0,12,Evac Area 4
9,Vessel 6,9,Safe Area 2 Harbor,Evac Area 4 Dock,173.52,191.76000000000002,191.76000000000002,194.76000000000002,25.0,0,None
10,Vessel 6,10,Evac Area 4 Dock,Safe Area 3 Marina,194.76000000000002,212.76000000000002,212.76000000000002,215.76000000000002,25.0,12,Evac Area 4
11,Vessel 6,11,Safe Area 3 Marina,Evac Area 4 Dock,215.76000000000002,233.76000000000002,233.76000000000002,236.76000000000002,25.0,0,None
12,Vessel 6,12,Evac Area 4 Dock,Safe Area 3 Marina,236.76000000000002,254.76000000000002,254.76000000000002,257.76,25.0,12,Evac Area 4
13,Vessel 6,13,Safe Area 3 Marina,Evac Area 4 Dock,257.76,275.76,275.76,278.76,25.0,0,None
14,Vessel 6,14,Evac Area 4 Dock,Safe Area 2 Harbor,278.76,297.0,297.0,300.0,25.0,12,Evac Area 4
15,Vessel 6,15,Safe Area 2 Harbor,Evac Area 2 Marina,300.0,312.0,312.0,315.0,25.0,0,None
16,Vessel 6,16,Evac Area 2 Marina,Safe Area 2 Harbor,315.0,327.0,327.0,330.0,25.0,12,Evac Area 2
17,Vessel 6,17,Safe Area 2 Harbor,Evac Area 2 Marina,330.0,342.0,342.0,345.0,25.0,0,None
18,Vessel 6,18,Evac Area 2 Marina,Safe Area 2 Harbor,345.0,357.0,357.0,360.0,25.0,12,Evac Area 2
19,Vessel 6,19,Safe Area 2 Harbor,Evac Area 4 Dock,360.0,378.24,378.24,381.24,25.0,0,None
20,Vessel 6,20,Evac Area 4 Dock,Safe Area 2 Harbor,381.24,399.48,399.48,402.48,25.0,12,Evac Area 4
