segment_id,resource_id,route_segment_id,origin,destination,route_start_time,route_end_time,load_start_time,load_end_time,resource_speed,evacuees,evacuated_location,post_run_correction
1,Vessel 1,1,Safe Area 1 Terminal,Evac Area 1 Ferry Terminal,10.0,24.0,24.0,34.0,12.0,0,None,
2,Vessel 1,2,Evac Area 1 Ferry Terminal,Safe Area 1 Terminal,34.0,48.0,48.0,58.0,12.0,37,Evac Area 1,
1,Vessel 2,1,Safe Area 2 Harbor,Evac Area 2 Marina,10.0,22.0,22.0,25.0,25.0,0,None,
2,Vessel 2,2,Evac Area 2 Marina,Safe Area 2 Harbor,25.0,37.0,37.0,40.0,25.0,8,Evac Area 2,
3,Vessel 2,3,Safe Area 2 Harbor,Evac Area 2 Marina,40.0,52.0,52.0,55.0,25.0,0,None,
4,Vessel 2,4,Evac Area 2 Marina,Safe Area 3 Marina,55.0,71.80000000000001,71.80000000000001,74.80000000000001,25.0,12,Evac Area 2,
5,Vessel 2,5,Safe Area 3 Marina,Evac Area 3 Dock,74.80000000000001,85.6,85.6,88.6,25.0,0,None,
6,Vessel 2,6,Evac Area 3 Dock,Safe Area 3 Marina,88.6,99.4,99.4,102.4,25.0,12,Evac Area 3,
7,Vessel 2,7,Safe Area 3 Marina,Evac Area 3 Dock,102.4,113.2,113.2,116.2,25.0,0,None,
8,Vessel 2,8,Evac Area 3 Dock,Safe Area 3 Marina,116.2,127.0,127.0,130.0,25.0,12,Evac Area 3,
9,Vessel 2,9,Safe Area 3 Marina,Evac Area 4 Beach,130.0,148.0,148.0,151.0,25.0,0,None,
10,Vessel 2,10,Evac Area 4 Beach,Safe Area 3 Marina,151.0,169.0,169.0,172.0,25.0,12,Evac Area 4,
11,Vessel 2,11,Safe Area 3 Marina,Evac Area 3 Dock,172.0,182.8,182.8,185.8,25.0,0,None,
12,Vessel 2,12,Evac Area 3 Dock,Safe Area 3 Marina,185.8,196.6,196.6,199.6,25.0,12,Evac Area 3,
1,Vessel 3,1,Safe Area 3 Marina,Evac Area 4 Dock,60.0,78.0,78.0,81.0,25.0,0,None,
2,Vessel 3,2,Evac Area 4 Dock,Safe Area 2 Harbor,81.0,99.24000000000001,99.24000000000001,102.24000000000001,25.0,12,Evac Area 4,
3,Vessel 3,3,Safe Area 2 Harbor,Evac Area 4 Beach,102.24000000000001,120.48,120.48,123.48,25.0,0,None,
4,Vessel 3,4,Evac Area 4 Beach,Safe Area 3 Marina,123.48,141.48,141.48,144.48,25.0,12,Evac Area 4,
5,Vessel 3,5,Safe Area 3 Marina,Evac Area 3 Dock,144.48,155.28,155.28,158.28,25.0,0,None,
6,Vessel 3,6,Evac Area 3 Dock,Safe Area 3 Marina,158.28,169.08,169.08,172.08,25.0,12,Evac Area 3,
7,Vessel 3,7,Safe Area 3 Marina,Evac Area 3 Dock,172.08,182.88,182.88,185.88,25.0,0,None,
8,Vessel 3,8,Evac Area 3 Dock,Safe Area 1 Terminal,185.88,197.88,197.88,200.88,25.0,12,Evac Area 3,
1,Vessel 4,1,Safe Area 1 Terminal,Evac Area 4 Dock,10.0,31.599999999999994,31.599999999999994,36.599999999999994,25.0,0,None,
2,Vessel 4,2,Evac Area 4 Dock,Safe Area 3 Marina,36.599999999999994,54.599999999999994,54.599999999999994,59.599999999999994,25.0,38,Evac Area 4,
3,Vessel 4,3,Safe Area 3 Marina,Evac Area 4 Dock,59.599999999999994,77.6,77.6,82.6,25.0,0,None,
4,Vessel 4,4,Evac Area 4 Dock,Safe Area 3 Marina,82.6,100.6,100.6,105.6,25.0,38,Evac Area 4,
5,Vessel 4,5,Safe Area 3 Marina,Evac Area 4 Dock,105.6,123.6,123.6,128.6,25.0,0,None,
6,Vessel 4,6,Evac Area 4 Dock,Safe Area 3 Marina,128.6,146.6,146.6,151.6,25.0,38,Evac Area 4,
7,Vessel 4,7,Safe Area 3 Marina,Evac Area 4 Dock,151.6,169.6,169.6,174.6,25.0,0,None,
8,Vessel 4,8,Evac Area 4 Dock,Safe Area 3 Marina,174.6,192.6,192.6,197.6,25.0,35,Evac Area 4,
1,Vessel 5,1,Safe Area 1 Terminal,Evac Area 4 Dock,30.0,60.0,60.0,70.0,18.0,0,None,
2,Vessel 5,2,Evac Area 4 Dock,Safe Area 3 Marina,70.0,95.0,95.0,105.0,18.0,120,Evac Area 4,
3,Vessel 5,3,Safe Area 3 Marina,Evac Area 4 Dock,105.0,130.0,130.0,140.0,18.0,0,None,
4,Vessel 5,4,Evac Area 4 Dock,Safe Area 2 Harbor,140.0,165.33333333333334,165.33333333333334,175.33333333333334,18.0,120,Evac Area 4,
1,Vessel 6,1,Safe Area 1 Terminal,Evac Area 4 Dock,30.0,51.599999999999994,51.599999999999994,54.599999999999994,25.0,0,None,
2,Vessel 6,2,Evac Area 4 Dock,Safe Area 3 Marina,54.599999999999994,72.6,72.6,75.6,25.0,12,Evac Area 4,
3,Vessel 6,3,Safe Area 3 Marina,Evac Area 4 Dock,75.6,93.6,93.6,96.6,25.0,0,None,
4,Vessel 6,4,Evac Area 4 Dock,Safe Area 3 Marina,96.6,114.6,114.6,117.6,25.0,12,Evac Area 4,
5,Vessel 6,5,Safe Area 3 Marina,Evac Area 4 Beach,117.6,135.6,135.6,138.6,25.0,0,None,
6,Vessel 6,6,Evac Area 4 Beach,Safe Area 3 Marina,138.6,156.6,156.6,159.6,25.0,12,Evac Area 4,
7,Vessel 6,7,Safe Area 3 Marina,Evac Area 4 Dock,159.6,177.6,177.6,180.6,25.0,0,None,
8,Vessel 6,8,Evac Area 4 Dock,Safe Area 3 Marina,180.6,198.6,198.6,201.6,25.0,12,Evac Area 4,
1,Vessel 1,1,Safe Area 1 Terminal,Evac Area 1 Ferry Terminal,240.0,254.0,254.0,264.0,12.0,0,None,yes
2,Vessel 1,2,Evac Area 1 Ferry Terminal,Safe Area 1 Terminal,264.0,278.0,278.0,288.0,12.0,457,Evac Area 1,yes
3,Vessel 1,3,Safe Area 1 Terminal,Evac Area 1 Ferry Terminal,288.0,302.0,302.0,312.0,12.0,0,None,yes
4,Vessel 1,4,Evac Area 1 Ferry Terminal,Safe Area 1 Terminal,312.0,326.0,326.0,336.0,12.0,457,Evac Area 1,yes
5,Vessel 1,5,Safe Area 1 Terminal,Evac Area 1 Ferry Terminal,336.0,350.0,350.0,360.0,12.0,0,None,yes
6,Vessel 1,6,Evac Area 1 Ferry Terminal,Safe Area 1 Terminal,360.0,374.0,374.0,384.0,12.0,456,Evac Area 1,yes
1,Vessel 2,1,Safe Area 3 Marina,Evac Area 2 Marina,240.0,256.8,256.8,259.8,25.0,0,None,yes
2,Vessel 2,2,Evac Area 2 Marina,Safe Area 2 Harbor,259.8,271.8,271.8,274.8,25.0,12,Evac Area 2,yes
3,Vessel 2,3,Safe Area 2 Harbor,Evac Area 2 Marina,274.8,286.8,286.8,289.8,25.0,0,None,yes
4,Vessel 2,4,Evac Area 2 Marina,Safe Area 2 Harbor,289.8,301.8,301.8,304.8,25.0,12,Evac Area 2,yes
5,Vessel 2,5,Safe Area 2 Harbor,Evac Area 2 Marina,304.8,316.8,316.8,319.8,25.0,0,None,yes
6,Vessel 2,6,Evac Area 2 Marina,Safe Area 2 Harbor,319.8,331.8,331.8,334.8,25.0,12,Evac Area 2,yes
7,Vessel 2,7,Safe Area 2 Harbor,Evac Area 2 Marina,334.8,346.8,346.8,349.8,25.0,0,None,yes
8,Vessel 2,8,Evac Area 2 Marina,Safe Area 3 Marina,349.8,366.6,366.6,369.6,25.0,12,Evac Area 2,yes
1,Vessel 3,1,Safe Area 1 Terminal,Evac Area 4 Beach,240.0,261.6,261.6,264.6,25.0,0,None,yes
2,Vessel 3,2,Evac Area 4 Beach,Safe Area 3 Marina,264.6,282.6,282.6,285.6,25.0,1,Evac Area 4,yes
3,Vessel 3,3,Safe Area 3 Marina,Evac Area 3 Dock,285.6,296.4,296.4,299.4,25.0,0,None,yes
4,Vessel 3,4,Evac Area 3 Dock,Safe Area 3 Marina,299.4,310.2,310.2,313.2,25.0,12,Evac Area 3,yes
5,Vessel 3,5,Safe Area 3 Marina,Evac Area 2 Marina,313.2,330.0,330.0,333.0,25.0,0,None,yes
6,Vessel 3,6,Evac Area 2 Marina,Safe Area 3 Marina,333.0,349.79999999999995,349.79999999999995,352.79999999999995,25.0,12,Evac Area 2,yes
7,Vessel 3,7,Safe Area 3 Marina,Evac Area 3 Dock,352.79999999999995,363.59999999999997,363.59999999999997,366.59999999999997,25.0,0,None,yes
8,Vessel 3,8,Evac Area 3 Dock,Safe Area 3 Marina,366.59999999999997,377.4,377.4,380.4,25.0,12,Evac Area 3,yes
1,Vessel 4,1,Safe Area 3 Marina,Evac Area 1 Marina,240.0,247.2,247.2,252.2,25.0,0,None,yes
2,Vessel 4,2,Evac Area 1 Marina,Safe Area 3 Marina,252.2,259.4,259.4,264.4,25.0,38,Evac Area 1,yes
3,Vessel 4,3,Safe Area 3 Marina,Evac Area 3 Dock,264.4,275.2,275.2,280.2,25.0,0,None,yes
4,Vessel 4,4,Evac Area 3 Dock,Safe Area 3 Marina,280.2,291.0,291.0,296.0,25.0,32,Evac Area 3,yes
5,Vessel 4,5,Safe Area 3 Marina,Evac Area 3 Dock,296.0,306.8,306.8,311.8,25.0,0,None,yes
6,Vessel 4,6,Evac Area 3 Dock,Safe Area 3 Marina,311.8,322.6,322.6,327.6,25.0,38,Evac Area 3,yes
7,Vessel 4,7,Safe Area 3 Marina,Evac Area 3 Dock,327.6,338.4,338.4,343.4,25.0,0,None,yes
8,Vessel 4,8,Evac Area 3 Dock,Safe Area 3 Marina,343.4,354.2,354.2,359.2,25.0,38,Evac Area 3,yes
1,Vessel 5,1,Safe Area 2 Harbor,Evac Area 4 Dock,240.0,265.3333333333333,265.3333333333333,275.3333333333333,18.0,0,None,yes
2,Vessel 5,2,Evac Area 4 Dock,Safe Area 3 Marina,275.3333333333333,300.3333333333333,300.3333333333333,310.3333333333333,18.0,120,Evac Area 4,yes
3,Vessel 5,3,Safe Area 3 Marina,Evac Area 1 Marina,310.3333333333333,320.3333333333333,320.3333333333333,330.3333333333333,18.0,0,None,yes
4,Vessel 5,4,Evac Area 1 Marina,Safe Area 1 Terminal,330.3333333333333,339.66666666666663,339.66666666666663,349.66666666666663,18.0,120,Evac Area 1,yes
5,Vessel 5,5,Safe Area 1 Terminal,Evac Area 1 Marina,349.66666666666663,359.0,359.0,369.0,18.0,0,None,yes
6,Vessel 5,6,Evac Area 1 Marina,Safe Area 1 Terminal,369.0,378.33333333333337,378.33333333333337,388.33333333333337,18.0,120,Evac Area 1,yes
1,Vessel 6,1,Safe Area 3 Marina,Evac Area 3 Dock,240.0,250.8,250.8,253.8,25.0,0,None,yes
2,Vessel 6,2,Evac Area 3 Dock,Safe Area 3 Marina,253.8,264.6,264.6,267.6,25.0,12,Evac Area 3,yes
3,Vessel 6,3,Safe Area 3 Marina,Evac Area 3 Dock,267.6,278.4,278.4,281.4,25.0,0,None,yes
4,Vessel 6,4,Evac Area 3 Dock,Safe Area 3 Marina,281.4,292.2,292.2,295.2,25.0,12,Evac Area 3,yes
5,Vessel 6,5,Safe Area 3 Marina,Evac Area 3 Dock,295.2,306.0,306.0,309.0,25.0,0,None,yes
6,Vessel 6,6,Evac Area 3 Dock,Safe Area 3 Marina,309.0,319.8,319.8,322.8,25.0,11,Evac Area 3,yes
7,Vessel 6,7,Safe Area 3 Marina,Evac Area 2 Marina,322.8,339.6,339.6,342.6,25.0,0,None,yes
8,Vessel 6,8,Evac Area 2 Marina,Safe Area 2 Harbor,342.6,354.6,354.6,357.6,25.0,11,Evac Area 2,yes
9,Vessel 6,9,Safe Area 2 Harbor,Evac Area 2 Marina,357.6,369.6,369.6,372.6,25.0,0,None,yes
10,Vessel 6,10,Evac Area 2 Marina,Safe Area 2 Harbor,372.6,384.6,384.6,387.6,25.0,7,Evac Area 2,yes
