segment_id,resource_id,route_segment_id,origin,destination,route_start_time,route_end_time,load_start_time,load_end_time,resource_speed,evacuees,evacuated_location,post_run_correction
1,Vessel 1,1,Safe Area 1 Terminal,Evac Area 1 Ferry Terminal,10.0,24.0,24.0,34.0,12.0,0,None,
2,Vessel 1,2,Evac Area 1 Ferry Terminal,Safe Area 1 Terminal,34.0,48.0,48.0,58.0,12.0,190,Evac Area 1,
1,Vessel 2,1,Safe Area 2 Harbor,Evac Area 2 Marina,10.0,22.0,22.0,25.0,25.0,0,None,
2,Vessel 2,2,Evac Area 2 Marina,Safe Area 3 Marina,25.0,41.80000000000001,41.80000000000001,44.80000000000001,25.0,12,Evac Area 2,
3,Vessel 2,3,Safe Area 3 Marina,Evac Area 2 Marina,44.80000000000001,61.599999999999994,61.599999999999994,64.6,25.0,0,None,
4,Vessel 2,4,Evac Area 2 Marina,Safe Area 2 Harbor,64.6,76.6,76.6,79.6,25.0,12,Evac Area 2,
5,Vessel 2,5,Safe Area 2 Harbor,Evac Area 2 Marina,79.6,91.6,91.6,94.6,25.0,0,None,
6,Vessel 2,6,Evac Area 2 Marina,Safe Area 2 Harbor,94.6,106.6,106.6,109.6,25.0,12,Evac Area 2,
7,Vessel 2,7,Safe Area 2 Harbor,Evac Area 2 Marina,109.6,121.6,121.6,124.6,25.0,0,None,
8,Vessel 2,8,Evac Area 2 Marina,Safe Area 3 Marina,124.6,141.4,141.4,144.4,25.0,12,Evac Area 2,
9,Vessel 2,9,Safe Area 3 Marina,Evac Area 2 Marina,144.4,161.20000000000002,161.20000000000002,164.20000000000002,25.0,0,None,
10,Vessel 2,10,Evac Area 2 Marina,Safe Area 2 Harbor,164.20000000000002,176.20000000000002,176.20000000000002,179.20000000000002,25.0,12,Evac Area 2,
11,Vessel 2,11,Safe Area 2 Harbor,Evac Area 2 Marina,179.20000000000002,191.2,191.2,194.2,25.0,0,None,
12,Vessel 2,12,Evac Area 2 Marina,Safe Area 2 Harbor,194.2,206.2,206.2,209.2,25.0,12,Evac Area 2,
13,Vessel 2,13,Safe Area 2 Harbor,Evac Area 2 Marina,209.2,221.2,221.2,224.2,25.0,0,None,
14,Vessel 2,14,Evac Area 2 Marina,Safe Area 2 Harbor,224.2,236.2,236.2,239.2,25.0,12,Evac Area 2,
15,Vessel 2,15,Safe Area 2 Harbor,Evac Area 2 Marina,239.2,251.2,251.2,254.2,25.0,0,None,
16,Vessel 2,16,Evac Area 2 Marina,Safe Area 2 Harbor,254.2,266.20000000000005,266.20000000000005,269.20000000000005,25.0,10,Evac Area 2,
1,Vessel 3,1,Safe Area 3 Marina,Evac Area 3 Dock,60.0,70.80000000000001,70.80000000000001,73.80000000000001,25.0,0,None,
2,Vessel 3,2,Evac Area 3 Dock,Safe Area 3 Marina,73.80000000000001,84.6,84.6,87.6,25.0,7,Evac Area 3,
3,Vessel 3,3,Safe Area 3 Marina,Evac Area 3 Dock,87.6,98.4,98.4,101.4,25.0,0,None,
4,Vessel 3,4,Evac Area 3 Dock,Safe Area 1 Terminal,101.4,113.4,113.4,116.4,25.0,12,Evac Area 3,
5,Vessel 3,5,Safe Area 1 Terminal,Evac Area 2 Marina,116.4,140.39999999999998,140.39999999999998,143.39999999999998,25.0,0,None,
6,Vessel 3,6,Evac Area 2 Marina,Safe Area 2 Harbor,143.39999999999998,155.39999999999998,155.39999999999998,158.39999999999998,25.0,12,Evac Area 2,
7,Vessel 3,7,Safe Area 2 Harbor,Evac Area 2 Marina,158.39999999999998,170.39999999999998,170.39999999999998,173.39999999999998,25.0,0,None,
8,Vessel 3,8,Evac Area 2 Marina,Safe Area 2 Harbor,173.39999999999998,185.4,185.4,188.4,25.0,12,Evac Area 2,
9,Vessel 3,9,Safe Area 2 Harbor,Evac Area 2 Marina,188.4,200.4,200.4,203.4,25.0,0,None,
10,Vessel 3,10,Evac Area 2 Marina,Safe Area 2 Harbor,203.4,215.4,215.4,218.4,25.0,12,Evac Area 2,
11,Vessel 3,11,Safe Area 2 Harbor,Evac Area 2 Marina,218.4,230.4,230.4,233.4,25.0,0,None,
12,Vessel 3,12,Evac Area 2 Marina,Safe Area 2 Harbor,233.4,245.4,245.4,248.4,25.0,12,Evac Area 2,
13,Vessel 3,13,Safe Area 2 Harbor,Evac Area 2 Marina,248.4,260.4,260.4,263.4,25.0,0,None,
14,Vessel 3,14,Evac Area 2 Marina,Safe Area 2 Harbor,263.4,275.4,275.4,278.4,25.0,12,Evac Area 2,
1,Vessel 4,1,Safe Area 1 Terminal,Evac Area 3 Dock,10.0,22.0,22.0,27.0,25.0,0,None,
2,Vessel 4,2,Evac Area 3 Dock,Safe Area 3 Marina,27.0,37.80000000000001,37.80000000000001,42.80000000000001,25.0,38,Evac Area 3,
3,Vessel 4,3,Safe Area 3 Marina,Evac Area 3 Dock,42.80000000000001,53.599999999999994,53.599999999999994,58.599999999999994,25.0,0,None,
4,Vessel 4,4,Evac Area 3 Dock,Safe Area 3 Marina,58.599999999999994,69.39999999999998,69.39999999999998,74.39999999999998,25.0,38,Evac Area 3,
5,Vessel 4,5,Safe Area 3 Marina,Evac Area 3 Dock,74.39999999999998,85.19999999999999,85.19999999999999,90.19999999999999,25.0,0,None,
6,Vessel 4,6,Evac Area 3 Dock,Safe Area 3 Marina,90.19999999999999,101.0,101.0,106.0,25.0,38,Evac Area 3,
7,Vessel 4,7,Safe Area 3 Marina,Evac Area 2 Marina,106.0,122.79999999999998,122.79999999999998,127.79999999999998,25.0,0,None,
8,Vessel 4,8,Evac Area 2 Marina,Safe Area 2 Harbor,127.79999999999998,139.79999999999998,139.79999999999998,144.79999999999998,25.0,38,Evac Area 2,
9,Vessel 4,9,Safe Area 2 Harbor,Evac Area 2 Marina,144.79999999999998,156.79999999999998,156.79999999999998,161.79999999999998,25.0,0,None,
10,Vessel 4,10,Evac Area 2 Marina,Safe Area 2 Harbor,161.79999999999998,173.79999999999998,173.79999999999998,178.79999999999998,25.0,38,Evac Area 2,
11,Vessel 4,11,Safe Area 2 Harbor,Evac Area 2 Marina,178.79999999999998,190.8,190.8,195.8,25.0,0,None,
12,Vessel 4,12,Evac Area 2 Marina,Safe Area 2 Harbor,195.8,207.8,207.8,212.8,25.0,38,Evac Area 2,
13,Vessel 4,13,Safe Area 2 Harbor,Evac Area 2 Marina,212.8,224.8,224.8,229.8,25.0,0,None,
14,Vessel 4,14,Evac Area 2 Marina,Safe Area 2 Harbor,229.8,241.8,241.8,246.8,25.0,38,Evac Area 2,
15,Vessel 4,15,Safe Area 2 Harbor,Evac Area 2 Marina,246.8,258.79999999999995,258.79999999999995,263.79999999999995,25.0,0,None,
16,Vessel 4,16,Evac Area 2 Marina,Safe Area 2 Harbor,263.79999999999995,275.79999999999995,275.79999999999995,280.79999999999995,25.0,38,Evac Area 2,
1,Vessel 5,1,Safe Area 1 Terminal,Evac Area 4 Dock,30.0,60.0,60.0,70.0,18.0,0,None,
2,Vessel 5,2,Evac Area 4 Dock,Safe Area 3 Marina,70.0,95.0,95.0,105.0,18.0,115,Evac Area 4,
3,Vessel 5,3,Safe Area 3 Marina,Evac Area 2 Marina,105.0,128.33333333333334,128.33333333333334,138.33333333333334,18.0,0,None,
4,Vessel 5,4,Evac Area 2 Marina,Safe Area 2 Harbor,138.33333333333334,155.0,155.0,165.0,18.0,120,Evac Area 2,
5,Vessel 5,5,Safe Area 2 Harbor,Evac Area 2 Marina,165.0,181.66666666666663,181.66666666666663,191.66666666666663,18.0,0,None,
6,Vessel 5,6,Evac Area 2 Marina,Safe Area 2 Harbor,191.66666666666663,208.3333333333333,208.3333333333333,218.3333333333333,18.0,120,Evac Area 2,
7,Vessel 5,7,Safe Area 2 Harbor,Evac Area 2 Marina,218.3333333333333,235.0,235.0,245.0,18.0,0,None,
8,Vessel 5,8,Evac Area 2 Marina,Safe Area 3 Marina,245.0,268.3333333333333,268.3333333333333,278.3333333333333,18.0,120,Evac Area 2,
1,Vessel 6,1,Safe Area 1 Terminal,Evac Area 3 Dock,30.0,42.0,42.0,45.0,25.0,0,None,
2,Vessel 6,2,Evac Area 3 Dock,Safe Area 3 Marina,45.0,55.80000000000001,55.80000000000001,58.80000000000001,25.0,12,Evac Area 3,
3,Vessel 6,3,Safe Area 3 Marina,Evac Area 2 Marina,58.80000000000001,75.6,75.6,78.6,25.0,0,None,
4,Vessel 6,4,Evac Area 2 Marina,Safe Area 2 Harbor,78.6,90.6,90.6,93.6,25.0,12,Evac Area 2,
5,Vessel 6,5,Safe Area 2 Harbor,Evac Area 2 Marina,93.6,105.6,105.6,108.6,25.0,0,None,
6,Vessel 6,6,Evac Area 2 Marina,Safe Area 2 Harbor,108.6,120.6,120.6,123.6,25.0,12,Evac Area 2,
7,Vessel 6,7,Safe Area 2 Harbor,Evac Area 2 Marina,123.6,135.6,135.6,138.6,25.0,0,None,
8,Vessel 6,8,Evac Area 2 Marina,Safe Area 2 Harbor,138.6,150.6,150.6,153.6,25.0,9,Evac Area 2,
9,Vessel 6,9,Safe Area 2 Harbor,Evac Area 2 Marina,153.6,165.6,165.6,168.6,25.0,0,None,
10,Vessel 6,10,Evac Area 2 Marina,Safe Area 2 Harbor,168.6,180.6,180.6,183.6,25.0,12,Evac Area 2,
11,Vessel 6,11,Safe Area 2 Harbor,Evac Area 2 Marina,183.6,195.6,195.6,198.6,25.0,0,None,
12,Vessel 6,12,Evac Area 2 Marina,Safe Area 2 Harbor,198.6,210.6,210.6,213.6,25.0,12,Evac Area 2,
13,Vessel 6,13,Safe Area 2 Harbor,Evac Area 2 Marina,213.6,225.6,225.6,228.6,25.0,0,None,
14,Vessel 6,14,Evac Area 2 Marina,Safe Area 2 Harbor,228.6,240.6,240.6,243.6,25.0,12,Evac Area 2,
15,Vessel 6,15,Safe Area 2 Harbor,Evac Area 2 Marina,243.6,255.6,255.6,258.6,25.0,0,None,
16,Vessel 6,16,Evac Area 2 Marina,Safe Area 2 Harbor,258.6,270.6,270.6,273.6,25.0,12,Evac Area 2,
1,Vessel 3,1,Safe Area 2 Harbor,Evac Area 4 Beach,280.79999999999995,299.03999999999996,299.03999999999996,302.03999999999996,25.0,0,None,yes
2,Vessel 3,2,Evac Area 4 Beach,Safe Area 3 Marina,302.03999999999996,320.03999999999996,320.03999999999996,323.03999999999996,25.0,11,Evac Area 4,yes
1,Vessel 4,1,Safe Area 2 Harbor,Evac Area 3 Dock,280.79999999999995,299.99999999999994,299.99999999999994,304.99999999999994,25.0,0,None,yes
2,Vessel 4,2,Evac Area 3 Dock,Safe Area 3 Marina,304.99999999999994,315.79999999999995,315.79999999999995,320.79999999999995,25.0,25,Evac Area 3,yes
1,Vessel 5,1,Safe Area 3 Marina,Evac Area 1 Marina,280.79999999999995,290.79999999999995,290.79999999999995,300.79999999999995,18.0,0,None,yes
2,Vessel 5,2,Evac Area 1 Marina,Safe Area 3 Marina,300.79999999999995,310.79999999999995,310.79999999999995,320.79999999999995,18.0,27,Evac Area 1,yes
1,Vessel 6,1,Safe Area 2 Harbor,Evac Area 4 Beach,280.79999999999995,299.03999999999996,299.03999999999996,302.03999999999996,25.0,0,None,yes
2,Vessel 6,2,Evac Area 4 Beach,Safe Area 3 Marina,302.03999999999996,320.03999999999996,320.03999999999996,323.03999999999996,25.0,12,Evac Area 4,yes
