segment_id,resource_id,route_segment_id,origin,destination,route_start_time,route_end_time,load_start_time,load_end_time,resource_speed,evacuees,evacuated_location,post_run_correction
1,Vessel 1,1,Safe Area 1 Terminal,Evac Area 1 Ferry Terminal,10.0,24.0,24.0,34.0,12.0,0,None,
2,Vessel 1,2,Evac Area 1 Ferry Terminal,Safe Area 1 Terminal,34.0,48.0,48.0,58.0,12.0,457,Evac Area 1,
3,Vessel 1,3,Safe Area 1 Terminal,Evac Area 1 Ferry Terminal,58.0,72.0,72.0,82.0,12.0,0,None,
4,Vessel 1,4,Evac Area 1 Ferry Terminal,Safe Area 1 Terminal,82.0,96.0,96.0,106.0,12.0,5,Evac Area 1,
5,Vessel 1,5,Safe Area 1 Terminal,Evac Area 1 Ferry Terminal,106.0,120.0,120.0,130.0,12.0,0,None,
6,Vessel 1,6,Evac Area 1 Ferry Terminal,Safe Area 1 Terminal,130.0,144.0,144.0,154.0,12.0,457,Evac Area 1,
1,Vessel 2,1,Safe Area 2 Harbor,Evac Area 4 Dock,10.0,28.24000000000001,28.24000000000001,31.24000000000001,25.0,0,None,
2,Vessel 2,2,Evac Area 4 Dock,Safe Area 2 Harbor,31.24000000000001,49.48000000000002,49.48000000000002,52.48000000000002,25.0,12,Evac Area 4,
3,Vessel 2,3,Safe Area 2 Harbor,Evac Area 2 Marina,52.48000000000002,64.48000000000002,64.48000000000002,67.48000000000002,25.0,0,None,
4,Vessel 2,4,Evac Area 2 Marina,Safe Area 2 Harbor,67.48000000000002,79.48000000000002,79.48000000000002,82.48000000000002,25.0,12,Evac Area 2,
5,Vessel 2,5,Safe Area 2 Harbor,Evac Area 2 Marina,82.48000000000002,94.48000000000002,94.48000000000002,97.48000000000002,25.0,0,None,
6,Vessel 2,6,Evac Area 2 Marina,Safe Area 2 Harbor,97.48000000000002,109.48000000000002,109.48000000000002,112.48000000000002,25.0,12,Evac Area 2,
7,Vessel 2,7,Safe Area 2 Harbor,Evac Area 2 Marina,112.48000000000002,124.48000000000002,124.48000000000002,127.48000000000002,25.0,0,None,
8,Vessel 2,8,Evac Area 2 Marina,Safe Area 2 Harbor,127.48000000000002,139.48000000000002,139.48000000000002,142.48000000000002,25.0,12,Evac Area 2,
9,Vessel 2,9,Safe Area 2 Harbor,Evac Area 2 Marina,142.48000000000002,154.48000000000002,154.48000000000002,157.48000000000002,25.0,0,None,
10,Vessel 2,10,Evac Area 2 Marina,Safe Area 2 Harbor,157.48000000000002,169.48,169.48,172.48,25.0,12,Evac Area 2,
11,Vessel 2,11,Safe Area 2 Harbor,Evac Area 2 Marina,172.48,184.48,184.48,187.48,25.0,0,None,
12,Vessel 2,12,Evac Area 2 Marina,Safe Area 2 Harbor,187.48,199.48,199.48,202.48,25.0,12,Evac Area 2,
13,Vessel 2,13,Safe Area 2 Harbor,Evac Area 2 Marina,202.48,214.48,214.48,217.48,25.0,0,None,
14,Vessel 2,14,Evac Area 2 Marina,Safe Area 2 Harbor,217.48,229.48,229.48,232.48,25.0,12,Evac Area 2,
15,Vessel 2,15,Safe Area 2 Harbor,Evac Area 2 Marina,232.48,244.48,244.48,247.48,25.0,0,None,
16,Vessel 2,16,Evac Area 2 Marina,Safe Area 2 Harbor,247.48,259.48,259.48,262.48,25.0,12,Evac Area 2,
17,Vessel 2,17,Safe Area 2 Harbor,Evac Area 2 Marina,262.48,274.48,274.48,277.48,25.0,0,None,
18,Vessel 2,18,Evac Area 2 Marina,Safe Area 2 Harbor,277.48,289.48,289.48,292.48,25.0,12,Evac Area 2,
19,Vessel 2,19,Safe Area 2 Harbor,Evac Area 2 Marina,292.48,304.48,304.48,307.48,25.0,0,None,
20,Vessel 2,20,Evac Area 2 Marina,Safe Area 2 Harbor,307.48,319.48,319.48,322.48,25.0,12,Evac Area 2,
21,Vessel 2,21,Safe Area 2 Harbor,Evac Area 2 Marina,322.48,334.48,334.48,337.48,25.0,0,None,
22,Vessel 2,22,Evac Area 2 Marina,Safe Area 2 Harbor,337.48,349.48,349.48,352.48,25.0,12,Evac Area 2,
23,Vessel 2,23,Safe Area 2 Harbor,Evac Area 2 Marina,352.48,364.48,364.48,367.48,25.0,0,None,
24,Vessel 2,24,Evac Area 2 Marina,Safe Area 2 Harbor,367.48,379.48,379.48,382.48,25.0,12,Evac Area 2,
25,Vessel 2,25,Safe Area 2 Harbor,Evac Area 2 Marina,382.48,394.48,394.48,397.48,25.0,0,None,
26,Vessel 2,26,Evac Area 2 Marina,Safe Area 2 Harbor,397.48,409.48,409.48,412.48,25.0,1,Evac Area 2,
1,Vessel 3,1,Safe Area 3 Marina,Evac Area 4 Dock,60.0,78.0,78.0,81.0,25.0,0,None,
2,Vessel 3,2,Evac Area 4 Dock,Safe Area 2 Harbor,81.0,99.24000000000001,99.24000000000001,102.24000000000001,25.0,12,Evac Area 4,
3,Vessel 3,3,Safe Area 2 Harbor,Evac Area 2 Marina,102.24000000000001,114.24000000000001,114.24000000000001,117.24000000000001,25.0,0,None,
4,Vessel 3,4,Evac Area 2 Marina,Safe Area 2 Harbor,117.24000000000001,129.24,129.24,132.24,25.0,12,Evac Area 2,
5,Vessel 3,5,Safe Area 2 Harbor,Evac Area 4 Beach,132.24,150.48000000000002,150.48000000000002,153.48000000000002,25.0,0,None,
6,Vessel 3,6,Evac Area 4 Beach,Safe Area 2 Harbor,153.48000000000002,171.72000000000003,171.72000000000003,174.72000000000003,25.0,12,Evac Area 4,
7,Vessel 3,7,Safe Area 2 Harbor,Evac Area 2 Marina,174.72000000000003,186.72000000000003,186.72000000000003,189.72000000000003,25.0,0,None,
8,Vessel 3,8,Evac Area 2 Marina,Safe Area 2 Harbor,189.72000000000003,201.72000000000003,201.72000000000003,204.72000000000003,25.0,12,Evac Area 2,
9,Vessel 3,9,Safe Area 2 Harbor,Evac Area 2 Marina,204.72000000000003,216.72000000000003,216.72000000000003,219.72000000000003,25.0,0,None,
10,Vessel 3,10,Evac Area 2 Marina,Safe Area 2 Harbor,219.72000000000003,231.72000000000003,231.72000000000003,234.72000000000003,25.0,12,Evac Area 2,
11,Vessel 3,11,Safe Area 2 Harbor,Evac Area 2 Marina,234.72000000000003,246.72000000000003,246.72000000000003,249.72000000000003,25.0,0,None,
12,Vessel 3,12,Evac Area 2 Marina,Safe Area 2 Harbor,249.72000000000003,261.72,261.72,264.72,25.0,12,Evac Area 2,
13,Vessel 3,13,Safe Area 2 Harbor,Evac Area 2 Marina,264.72,276.72,276.72,279.72,25.0,0,None,
14,Vessel 3,14,Evac Area 2 Marina,Safe Area 2 Harbor,279.72,291.72,291.72,294.72,25.0,12,Evac Area 2,
15,Vessel 3,15,Safe Area 2 Harbor,Evac Area 2 Marina,294.72,306.72,306.72,309.72,25.0,0,None,
16,Vessel 3,16,Evac Area 2 Marina,Safe Area 2 Harbor,309.72,321.72,321.72,324.72,25.0,12,Evac Area 2,
17,Vessel 3,17,Safe Area 2 Harbor,Evac Area 2 Marina,324.72,336.72,336.72,339.72,25.0,0,None,
18,Vessel 3,18,Evac Area 2 Marina,Safe Area 2 Harbor,339.72,351.72,351.72,354.72,25.0,12,Evac Area 2,
19,Vessel 3,19,Safe Area 2 Harbor,Evac Area 2 Marina,354.72,366.72,366.72,369.72,25.0,0,None,
20,Vessel 3,20,Evac Area 2 Marina,Safe Area 2 Harbor,369.72,381.72,381.72,384.72,25.0,12,Evac Area 2,
21,Vessel 3,21,Safe Area 2 Harbor,Evac Area 2 Marina,384.72,396.72,396.72,399.72,25.0,0,None,
22,Vessel 3,22,Evac Area 2 Marina,Safe Area 2 Harbor,399.72,411.72,411.72,414.72,25.0,12,Evac Area 2,
1,Vessel 4,1,Safe Area 1 Terminal,Evac Area 3 Dock,10.0,22.0,22.0,27.0,25.0,0,None,
2,Vessel 4,2,Evac Area 3 Dock,Safe Area 3 Marina,27.0,37.80000000000001,37.80000000000001,42.80000000000001,25.0,38,Evac Area 3,
3,Vessel 4,3,Safe Area 3 Marina,Evac Area 4 Dock,42.80000000000001,60.80000000000001,60.80000000000001,65.80000000000001,25.0,0,None,
4,Vessel 4,4,Evac Area 4 Dock,Safe Area 3 Marina,65.80000000000001,83.80000000000001,83.80000000000001,88.80000000000001,25.0,28,Evac Area 4,
5,Vessel 4,5,Safe Area 3 Marina,Evac Area 4 Dock,88.80000000000001,106.80000000000001,106.80000000000001,111.80000000000001,25.0,0,None,
6,Vessel 4,6,Evac Area 4 Dock,Safe Area 3 Marina,111.80000000000001,129.8,129.8,134.8,25.0,38,Evac Area 4,
7,Vessel 4,7,Safe Area 3 Marina,Evac Area 4 Dock,134.8,152.8,152.8,157.8,25.0,0,None,
8,Vessel 4,8,Evac Area 4 Dock,Safe Area 3 Marina,157.8,175.8,175.8,180.8,25.0,38,Evac Area 4,
9,Vessel 4,9,Safe Area 3 Marina,Evac Area 4 Dock,180.8,198.8,198.8,203.8,25.0,0,None,
10,Vessel 4,10,Evac Area 4 Dock,Safe Area 1 Terminal,203.8,225.4,225.4,230.4,25.0,38,Evac Area 4,
11,Vessel 4,11,Safe Area 1 Terminal,Evac Area 4 Dock,230.4,252.0,252.0,257.0,25.0,0,None,
12,Vessel 4,12,Evac Area 4 Dock,Safe Area 2 Harbor,257.0,275.24,275.24,280.24,25.0,38,Evac Area 4,
13,Vessel 4,13,Safe Area 2 Harbor,Evac Area 2 Marina,280.24,292.24,292.24,297.24,25.0,0,None,
14,Vessel 4,14,Evac Area 2 Marina,Safe Area 2 Harbor,297.24,309.24,309.24,314.24,25.0,38,Evac Area 2,
15,Vessel 4,15,Safe Area 2 Harbor,Evac Area 2 Marina,314.24,326.24,326.24,331.24,25.0,0,None,
16,Vessel 4,16,Evac Area 2 Marina,Safe Area 2 Harbor,331.24,343.24,343.24,348.24,25.0,38,Evac Area 2,
17,Vessel 4,17,Safe Area 2 Harbor,Evac Area 2 Marina,348.24,360.24,360.24,365.24,25.0,0,None,
18,Vessel 4,18,Evac Area 2 Marina,Safe Area 2 Harbor,365.24,377.24,377.24,382.24,25.0,38,Evac Area 2,
19,Vessel 4,19,Safe Area 2 Harbor,Evac Area 2 Marina,382.24,394.24,394.24,399.24,25.0,0,None,
20,Vessel 4,20,Evac Area 2 Marina,Safe Area 2 Harbor,399.24,411.24,411.24,416.24,25.0,38,Evac Area 2,
1,Vessel 5,1,Safe Area 1 Terminal,Evac Area 4 Dock,30.0,60.0,60.0,70.0,18.0,0,None,
2,Vessel 5,2,Evac Area 4 Dock,Safe Area 2 Harbor,70.0,95.33333333333331,95.33333333333331,105.33333333333331,18.0,120,Evac Area 4,
3,Vessel 5,3,Safe Area 2 Harbor,Evac Area 2 Marina,105.33333333333331,122.0,122.0,132.0,18.0,0,None,
4,Vessel 5,4,Evac Area 2 Marina,Safe Area 3 Marina,132.0,155.33333333333337,155.33333333333337,165.33333333333334,18.0,120,Evac Area 2,
5,Vessel 5,5,Safe Area 3 Marina,Evac Area 4 Dock,165.33333333333334,190.33333333333331,190.33333333333331,200.33333333333331,18.0,0,None,
6,Vessel 5,6,Evac Area 4 Dock,Safe Area 3 Marina,200.33333333333331,225.33333333333331,225.33333333333331,235.33333333333331,18.0,120,Evac Area 4,
7,Vessel 5,7,Safe Area 3 Marina,Evac Area 4 Dock,235.33333333333331,260.33333333333337,260.33333333333337,270.33333333333337,18.0,0,None,
8,Vessel 5,8,Evac Area 4 Dock,Safe Area 2 Harbor,270.33333333333337,295.6666666666667,295.6666666666667,305.6666666666667,18.0,120,Evac Area 4,
9,Vessel 5,9,Safe Area 2 Harbor,Evac Area 2 Marina,305.6666666666667,322.33333333333337,322.33333333333337,332.33333333333337,18.0,0,None,
10,Vessel 5,10,Evac Area 2 Marina,Safe Area 2 Harbor,332.33333333333337,349.00000000000006,349.00000000000006,359.00000000000006,18.0,120,Evac Area 2,
11,Vessel 5,11,Safe Area 2 Harbor,Evac Area 2 Marina,359.00000000000006,375.66666666666674,375.66666666666674,385.66666666666674,18.0,0,None,
12,Vessel 5,12,Evac Area 2 Marina,Safe Area 2 Harbor,385.66666666666674,402.3333333333334,402.3333333333334,412.3333333333334,18.0,120,Evac Area 2,
1,Vessel 6,1,Safe Area 1 Terminal,Evac Area 3 Dock,30.0,42.0,42.0,45.0,25.0,0,None,
2,Vessel 6,2,Evac Area 3 Dock,Safe Area 3 Marina,45.0,55.80000000000001,55.80000000000001,58.80000000000001,25.0,9,Evac Area 3,
3,Vessel 6,3,Safe Area 3 Marina,Evac Area 4 Beach,58.80000000000001,76.80000000000001,76.80000000000001,79.80000000000001,25.0,0,None,
4,Vessel 6,4,Evac Area 4 Beach,Safe Area 2 Harbor,79.80000000000001,98.04000000000002,98.04000000000002,101.04000000000002,25.0,12,Evac Area 4,
5,Vessel 6,5,Safe Area 2 Harbor,Evac Area 2 Marina,101.04000000000002,113.04000000000002,113.04000000000002,116.04000000000002,25.0,0,None,
6,Vessel 6,6,Evac Area 2 Marina,Safe Area 2 Harbor,116.04000000000002,128.03999999999996,128.03999999999996,131.03999999999996,25.0,12,Evac Area 2,
7,Vessel 6,7,Safe Area 2 Harbor,Evac Area 2 Marina,131.03999999999996,143.03999999999996,143.03999999999996,146.03999999999996,25.0,0,None,
8,Vessel 6,8,Evac Area 2 Marina,Safe Area 2 Harbor,146.03999999999996,158.03999999999996,158.03999999999996,161.04,25.0,12,Evac Area 2,
9,Vessel 6,9,Safe Area 2 Harbor,Evac Area 2 Marina,161.04,173.04,173.04,176.04,25.0,0,None,
10,Vessel 6,10,Evac Area 2 Marina,Safe Area 2 Harbor,176.04,188.04,188.04,191.04,25.0,12,Evac Area 2,
11,Vessel 6,11,Safe Area 2 Harbor,Evac Area 2 Marina,191.04,203.04,203.04,206.04,25.0,0,None,
12,Vessel 6,12,Evac Area 2 Marina,Safe Area 2 Harbor,206.04,218.04,218.04,221.04,25.0,12,Evac Area 2,
13,Vessel 6,13,Safe Area 2 Harbor,Evac Area 2 Marina,221.04,233.04,233.04,236.04,25.0,0,None,
14,Vessel 6,14,Evac Area 2 Marina,Safe Area 2 Harbor,236.04,248.04,248.04,251.04,25.0,12,Evac Area 2,
15,Vessel 6,15,Safe Area 2 Harbor,Evac Area 4 Beach,251.04,269.28,269.28,272.28,25.0,0,None,
16,Vessel 6,16,Evac Area 4 Beach,Safe Area 2 Harbor,272.28,290.52,290.52,293.52,25.0,12,Evac Area 4,
17,Vessel 6,17,Safe Area 2 Harbor,Evac Area 2 Marina,293.52,305.52,305.52,308.52,25.0,0,None,
18,Vessel 6,18,Evac Area 2 Marina,Safe Area 2 Harbor,308.52,320.52,320.52,323.52,25.0,12,Evac Area 2,
19,Vessel 6,19,Safe Area 2 Harbor,Evac Area 2 Marina,323.52,335.52,335.52,338.52,25.0,0,None,
20,Vessel 6,20,Evac Area 2 Marina,Safe Area 2 Harbor,338.52,350.52,350.52,353.52,25.0,12,Evac Area 2,
21,Vessel 6,21,Safe Area 2 Harbor,Evac Area 2 Marina,353.52,365.52,365.52,368.52,25.0,0,None,
22,Vessel 6,22,Evac Area 2 Marina,Safe Area 2 Harbor,368.52,380.52,380.52,383.52,25.0,12,Evac Area 2,
23,Vessel 6,23,Safe Area 2 Harbor,Evac Area 2 Marina,383.52,395.52,395.52,398.52,25.0,0,None,
24,Vessel 6,24,Evac Area 2 Marina,Safe Area 2 Harbor,398.52,410.52,410.52,413.52,25.0,12,Evac Area 2,
1,Vessel 1,1,Safe Area 1 Terminal,Evac Area 1 Ferry Terminal,416.24,430.24,430.24,440.24,12.0,0,None,yes
2,Vessel 1,2,Evac Area 1 Ferry Terminal,Safe Area 1 Terminal,440.24,454.24,454.24,464.24,12.0,45,Evac Area 1,yes
1,Vessel 2,1,Safe Area 2 Harbor,Evac Area 4 Beach,416.24,434.48,434.48,437.48,25.0,0,None,yes
2,Vessel 2,2,Evac Area 4 Beach,Safe Area 3 Marina,437.48,455.48,455.48,458.48,25.0,12,Evac Area 4,yes
1,Vessel 3,1,Safe Area 2 Harbor,Evac Area 3 Dock,416.24,435.44,435.44,438.44,25.0,0,None,yes
2,Vessel 3,2,Evac Area 3 Dock,Safe Area 3 Marina,438.44,449.24,449.24,452.24,25.0,1,Evac Area 3,yes
3,Vessel 3,3,Safe Area 3 Marina,Evac Area 3 Dock,452.24,463.04,463.04,466.04,25.0,0,None,yes
4,Vessel 3,4,Evac Area 3 Dock,Safe Area 3 Marina,466.04,476.84000000000003,476.84000000000003,479.84000000000003,25.0,12,Evac Area 3,yes
1,Vessel 4,1,Safe Area 2 Harbor,Evac Area 4 Dock,416.24,434.48,434.48,439.48,25.0,0,None,yes
2,Vessel 4,2,Evac Area 4 Dock,Safe Area 3 Marina,439.48,457.48,457.48,462.48,25.0,38,Evac Area 4,yes
1,Vessel 5,1,Safe Area 2 Harbor,Evac Area 2 Marina,416.24,432.9066666666667,432.9066666666667,442.9066666666667,18.0,0,None,yes
2,Vessel 5,2,Evac Area 2 Marina,Safe Area 3 Marina,442.9066666666667,466.24,466.24,476.24,18.0,57,Evac Area 2,yes
1,Vessel 6,1,Safe Area 2 Harbor,Evac Area 4 Dock,416.24,434.48,434.48,437.48,25.0,0,None,yes
2,Vessel 6,2,Evac Area 4 Dock,Safe Area 3 Marina,437.48,455.48,455.48,458.48,25.0,12,Evac Area 4,yes
