segment_id,resource_id,route_segment_id,origin,destination,route_start_time,route_end_time,load_start_time,load_end_time,resource_speed,evacuees,evacuated_location
1,Vessel 1,1,Safe Area 1 Terminal,Evac Area 1 Ferry Terminal,10.0,24.0,24.0,34.0,12.0,0,None
2,Vessel 1,2,Evac Area 1 Ferry Terminal,Safe Area 1 Terminal,34.0,48.0,48.0,58.0,12.0,58,Evac Area 1
1,Vessel 2,1,Safe Area 2 Harbor,Evac Area 4 Beach,10.0,28.24,28.24,31.24,25.0,0,None
2,Vessel 2,2,Evac Area 4 Beach,Safe Area 3 Marina,31.24,49.239999999999995,49.239999999999995,52.239999999999995,25.0,12,Evac Area 4
3,Vessel 2,3,Safe Area 3 Marina,Evac Area 2 Marina,52.239999999999995,69.03999999999999,69.03999999999999,72.03999999999999,25.0,0,None
4,Vessel 2,4,Evac Area 2 Marina,Safe Area 2 Harbor,72.03999999999999,84.03999999999999,84.03999999999999,87.03999999999999,25.0,12,Evac Area 2
5,Vessel 2,5,Safe Area 2 Harbor,Evac Area 2 Marina,87.03999999999999,99.03999999999999,99.03999999999999,102.03999999999999,25.0,0,None
6,Vessel 2,6,Evac Area 2 Marina,Safe Area 2 Harbor,102.03999999999999,114.03999999999999,114.03999999999999,117.03999999999999,25.0,12,Evac Area 2
7,Vessel 2,7,Safe Area 2 Harbor,Evac Area 2 Marina,117.03999999999999,129.04,129.04,132.04,25.0,0,None
8,Vessel 2,8,Evac Area 2 Marina,Safe Area 2 Harbor,132.04,144.04,144.04,147.04,25.0,12,Evac Area 2
9,Vessel 2,9,Safe Area 2 Harbor,Evac Area 2 Marina,147.04,159.04,159.04,162.04,25.0,0,None
10,Vessel 2,10,Evac Area 2 Marina,Safe Area 2 Harbor,162.04,174.04,174.04,177.04,25.0,5,Evac Area 2
11,Vessel 2,11,Safe Area 2 Harbor,Evac Area 2 Marina,177.04,189.04,189.04,192.04,25.0,0,None
12,Vessel 2,12,Evac Area 2 Marina,Safe Area 2 Harbor,192.04,204.04,204.04,207.04,25.0,12,Evac Area 2
13,Vessel 2,13,Safe Area 2 Harbor,Evac Area 4 Dock,207.04,225.28,225.28,228.28,25.0,0,None
14,Vessel 2,14,Evac Area 4 Dock,Safe Area 1 Terminal,228.28,249.88,249.88,252.88,25.0,12,Evac Area 4
1,Vessel 3,1,Safe Area 3 Marina,Evac Area 3 Dock,60.0,70.8,70.8,73.8,25.0,0,None
2,Vessel 3,2,Evac Area 3 Dock,Safe Area 3 Marina,73.8,84.6,84.6,87.6,25.0,12,Evac Area 3
3,Vessel 3,3,Safe Area 3 Marina,Evac Area 3 Dock,87.6,98.39999999999999,98.39999999999999,101.39999999999999,25.0,0,None
4,Vessel 3,4,Evac Area 3 Dock,Safe Area 3 Marina,101.39999999999999,112.19999999999999,112.19999999999999,115.19999999999999,25.0,12,Evac Area 3
5,Vessel 3,5,Safe Area 3 Marina,Evac Area 4 Dock,115.19999999999999,133.2,133.2,136.2,25.0,0,None
6,Vessel 3,6,Evac Area 4 Dock,Safe Area 3 Marina,136.2,154.2,154.2,157.2,25.0,12,Evac Area 4
7,Vessel 3,7,Safe Area 3 Marina,Evac Area 2 Marina,157.2,174.0,174.0,177.0,25.0,0,None
8,Vessel 3,8,Evac Area 2 Marina,Safe Area 2 Harbor,177.0,189.0,189.0,192.0,25.0,12,Evac Area 2
9,Vessel 3,9,Safe Area 2 Harbor,Evac Area 4 Dock,192.0,210.24,210.24,213.24,25.0,0,None
10,Vessel 3,10,Evac Area 4 Dock,Safe Area 3 Marina,213.24,231.24,231.24,234.24,25.0,12,Evac Area 4
11,Vessel 3,11,Safe Area 3 Marina,Evac Area 3 Dock,234.24,245.04000000000002,245.04000000000002,248.04000000000002,25.0,0,None
12,Vessel 3,12,Evac Area 3 Dock,Safe Area 3 Marina,248.04000000000002,258.84000000000003,258.84000000000003,261.84000000000003,25.0,12,Evac Area 3
13,Vessel 3,13,Safe Area 3 Marina,Evac Area 3 Dock,261.84000000000003,272.64000000000004,272.64000000000004,275.64000000000004,25.0,0,None
14,Vessel 3,14,Evac Area 3 Dock,Safe Area 3 Marina,275.64000000000004,286.44000000000005,286.44000000000005,289.44000000000005,25.0,12,Evac Area 3
1,Vessel 4,1,Safe Area 1 Terminal,Evac Area 3 Dock,10.0,22.0,22.0,27.0,25.0,0,None
2,Vessel 4,2,Evac Area 3 Dock,Safe Area 3 Marina,27.0,37.8,37.8,42.8,25.0,38,Evac Area 3
3,Vessel 4,3,Safe Area 3 Marina,Evac Area 4 Dock,42.8,60.8,60.8,65.8,25.0,0,None
4,Vessel 4,4,Evac Area 4 Dock,Safe Area 3 Marina,65.8,83.8,83.8,88.8,25.0,32,Evac Area 4
5,Vessel 4,5,Safe Area 3 Marina,Evac Area 4 Dock,88.8,106.8,106.8,111.8,25.0,0,None
6,Vessel 4,6,Evac Area 4 Dock,Safe Area 3 Marina,111.8,129.8,129.8,134.8,25.0,38,Evac Area 4
7,Vessel 4,7,Safe Area 3 Marina,Evac Area 3 Dock,134.8,145.60000000000002,145.60000000000002,150.60000000000002,25.0,0,None
8,Vessel 4,8,Evac Area 3 Dock,Safe Area 3 Marina,150.60000000000002,161.40000000000003,161.40000000000003,166.40000000000003,25.0,38,Evac Area 3
9,Vessel 4,9,Safe Area 3 Marina,Evac Area 3 Dock,166.40000000000003,177.20000000000005,177.20000000000005,182.20000000000005,25.0,0,None
10,Vessel 4,10,Evac Area 3 Dock,Safe Area 3 Marina,182.20000000000005,193.00000000000006,193.00000000000006,198.00000000000006,25.0,38,Evac Area 3
11,Vessel 4,11,Safe Area 3 Marina,Evac Area 4 Dock,198.00000000000006,216.00000000000006,216.00000000000006,221.00000000000006,25.0,0,None
12,Vessel 4,12,Evac Area 4 Dock,Safe Area 3 Marina,221.00000000000006,239.00000000000006,239.00000000000006,244.00000000000006,25.0,38,Evac Area 4
13,Vessel 4,13,Safe Area 3 Marina,Evac Area 4 Dock,244.00000000000006,262.00000000000006,262.00000000000006,267.00000000000006,25.0,0,None
14,Vessel 4,14,Evac Area 4 Dock,Safe Area 3 Marina,267.00000000000006,285.00000000000006,285.00000000000006,290.00000000000006,25.0,38,Evac Area 4
1,Vessel 5,1,Safe Area 1 Terminal,Evac Area 3 Dock,30.0,46.66666666666667,46.66666666666667,56.66666666666667,18.0,0,None
2,Vessel 5,2,Evac Area 3 Dock,Safe Area 3 Marina,56.66666666666667,71.66666666666667,71.66666666666667,81.66666666666667,18.0,114,Evac Area 3
3,Vessel 5,3,Safe Area 3 Marina,Evac Area 3 Dock,81.66666666666667,96.66666666666667,96.66666666666667,106.66666666666667,18.0,0,None
4,Vessel 5,4,Evac Area 3 Dock,Safe Area 3 Marina,106.66666666666667,121.66666666666667,121.66666666666667,131.66666666666669,18.0,120,Evac Area 3
5,Vessel 5,5,Safe Area 3 Marina,Evac Area 3 Dock,131.66666666666669,146.66666666666669,146.66666666666669,156.66666666666669,18.0,0,None
6,Vessel 5,6,Evac Area 3 Dock,Safe Area 3 Marina,156.66666666666669,171.66666666666669,171.66666666666669,181.66666666666669,18.0,120,Evac Area 3
7,Vessel 5,7,Safe Area 3 Marina,Evac Area 3 Dock,181.66666666666669,196.66666666666669,196.66666666666669,206.66666666666669,18.0,0,None
8,Vessel 5,8,Evac Area 3 Dock,Safe Area 3 Marina,206.66666666666669,221.66666666666669,221.66666666666669,231.66666666666669,18.0,120,Evac Area 3
9,Vessel 5,9,Safe Area 3 Marina,Evac Area 3 Dock,231.66666666666669,246.66666666666669,246.66666666666669,256.6666666666667,18.0,0,None
10,Vessel 5,10,Evac Area 3 Dock,Safe Area 1 Terminal,256.6666666666667,273.33333333333337,273.33333333333337,283.33333333333337,18.0,120,Evac Area 3
1,Vessel 6,1,Safe Area 1 Terminal,Evac Area 3 Dock,30.0,42.0,42.0,45.0,25.0,0,None
2,Vessel 6,2,Evac Area 3 Dock,Safe Area 3 Marina,45.0,55.8,55.8,58.8,25.0,12,Evac Area 3
3,Vessel 6,3,Safe Area 3 Marina,Evac Area 4 Dock,58.8,76.8,76.8,79.8,25.0,0,None
4,Vessel 6,4,Evac Area 4 Dock,Safe Area 3 Marina,79.8,97.8,97.8,100.8,25.0,12,Evac Area 4
5,Vessel 6,5,Safe Area 3 Marina,Evac Area 4 Beach,100.8,118.8,118.8,121.8,25.0,0,None
6,Vessel 6,6,Evac Area 4 Beach,Safe Area 3 Marina,121.8,139.8,139.8,142.8,25.0,12,Evac Area 4
7,Vessel 6,7,Safe Area 3 Marina,Evac Area 4 Dock,142.8,160.8,160.8,163.8,25.0,0,None
8,Vessel 6,8,Evac Area 4 Dock,Safe Area 3 Marina,163.8,181.8,181.8,184.8,25.0,12,Evac Area 4
9,Vessel 6,9,Safe Area 3 Marina,Evac Area 4 Beach,184.8,202.8,202.8,205.8,25.0,0,None
10,Vessel 6,10,Evac Area 4 Beach,Safe Area 3 Marina,205.8,223.8,223.8,226.8,25.0,12,Evac Area 4
11,Vessel 6,11,Safe Area 3 Marina,Evac Area 3 Dock,226.8,237.60000000000002,237.60000000000002,240.60000000000002,25.0,0,None
12,Vessel 6,12,Evac Area 3 Dock,Safe Area 3 Marina,240.60000000000002,251.40000000000003,251.40000000000003,254.40000000000003,25.0,12,Evac Area 3
13,Vessel 6,13,Safe Area 3 Marina,Evac Area 3 Dock,254.40000000000003,265.20000000000005,265.20000000000005,268.20000000000005,25.0,0,None
14,Vessel 6,14,Evac Area 3 Dock,Safe Area 3 Marina,268.20000000000005,279.00000000000006,279.00000000000006,282.00000000000006,25.0,12,Evac Area 3
