segment_id,resource_id,route_segment_id,origin,destination,route_start_time,route_end_time,load_start_time,load_end_time,resource_speed,evacuees,evacuated_location
1,Vessel 1,1,Safe Area 1 Terminal,Evac Area 1 Ferry Terminal,15.0,29.0,29.0,39.0,12.0,0,None
2,Vessel 1,2,Evac Area 1 Ferry Terminal,Safe Area 1 Terminal,39.0,53.0,53.0,63.0,12.0,27,Evac Area 1
1,Vessel 1,1,Safe Area 1 Terminal,Evac Area 1 Ferry Terminal,105.0,119.0,119.0,129.0,12.0,0,None
2,Vessel 1,2,Evac Area 1 Ferry Terminal,Safe Area 1 Terminal,129.0,143.0,143.0,153.0,12.0,10,Evac Area 1
1,Vessel 2,1,Safe Area 2 Harbor,Evac Area 4 Dock,10.0,28.239999999999995,28.239999999999995,31.239999999999995,25.0,0,None
2,Vessel 2,2,Evac Area 4 Dock,Safe Area 2 Harbor,31.239999999999995,49.47999999999999,49.47999999999999,52.47999999999999,25.0,12,Evac Area 4
1,Vessel 2,1,Safe Area 2 Harbor,Evac Area 2 Marina,52.47999999999999,64.47999999999999,64.47999999999999,67.47999999999999,25.0,0,None
2,Vessel 2,2,Evac Area 2 Marina,Safe Area 2 Harbor,67.47999999999999,79.47999999999999,79.47999999999999,82.47999999999999,25.0,12,Evac Area 2
1,Vessel 2,1,Safe Area 2 Harbor,Evac Area 2 Marina,82.47999999999999,94.48,94.48,97.48,25.0,0,None
2,Vessel 2,2,Evac Area 2 Marina,Safe Area 2 Harbor,97.48,109.48,109.48,112.48,25.0,10,Evac Area 2
1,Vessel 2,1,Safe Area 2 Harbor,Evac Area 4 Dock,112.48,130.72,130.72,133.72,25.0,0,None
2,Vessel 2,2,Evac Area 4 Dock,Safe Area 3 Marina,133.72,151.72,151.72,154.72,25.0,2,Evac Area 4
1,Vessel 3,1,Safe Area 3 Marina,Evac Area 3 Dock,60.0,70.8,70.8,73.8,25.0,0,None
2,Vessel 3,2,Evac Area 3 Dock,Safe Area 3 Marina,73.8,84.6,84.6,87.6,25.0,12,Evac Area 3
1,Vessel 3,1,Safe Area 3 Marina,Evac Area 3 Dock,87.6,98.4,98.4,101.4,25.0,0,None
2,Vessel 3,2,Evac Area 3 Dock,Safe Area 3 Marina,101.4,112.2,112.2,115.2,25.0,12,Evac Area 3
1,Vessel 3,1,Safe Area 3 Marina,Evac Area 3 Dock,115.2,126.0,126.0,129.0,25.0,0,None
2,Vessel 3,2,Evac Area 3 Dock,Safe Area 3 Marina,129.0,139.8,139.8,142.8,25.0,12,Evac Area 3
1,Vessel 4,1,Safe Area 1 Terminal,Evac Area 3 Dock,10.0,22.0,22.0,27.0,25.0,0,None
2,Vessel 4,2,Evac Area 3 Dock,Safe Area 3 Marina,27.0,37.8,37.8,42.8,25.0,37,Evac Area 3
1,Vessel 4,1,Safe Area 3 Marina,Evac Area 4 Dock,42.8,60.8,60.8,65.8,25.0,0,None
2,Vessel 4,2,Evac Area 4 Dock,Safe Area 3 Marina,65.8,83.8,83.8,88.8,25.0,38,Evac Area 4
1,Vessel 4,1,Safe Area 3 Marina,Evac Area 3 Dock,88.8,99.6,99.6,104.6,25.0,0,None
2,Vessel 4,2,Evac Area 3 Dock,Safe Area 3 Marina,104.6,115.4,115.4,120.4,25.0,38,Evac Area 3
1,Vessel 5,1,Safe Area 1 Terminal,Evac Area 3 Dock,30.0,46.66666666666667,46.66666666666667,56.66666666666667,18.0,0,None
2,Vessel 5,2,Evac Area 3 Dock,Safe Area 3 Marina,56.66666666666667,71.66666666666667,71.66666666666667,81.66666666666667,18.0,120,Evac Area 3
1,Vessel 5,1,Safe Area 3 Marina,Evac Area 4 Dock,81.66666666666667,106.66666666666669,106.66666666666669,116.66666666666669,18.0,0,None
2,Vessel 5,2,Evac Area 4 Dock,Safe Area 3 Marina,116.66666666666669,141.66666666666669,141.66666666666669,151.66666666666669,18.0,120,Evac Area 4
1,Vessel 6,1,Safe Area 1 Terminal,Evac Area 4 Beach,30.0,51.599999999999994,51.599999999999994,54.599999999999994,25.0,0,None
2,Vessel 6,2,Evac Area 4 Beach,Safe Area 2 Harbor,54.599999999999994,72.83999999999999,72.83999999999999,75.83999999999999,25.0,12,Evac Area 4
1,Vessel 6,1,Safe Area 2 Harbor,Evac Area 2 Marina,75.83999999999999,87.83999999999999,87.83999999999999,90.84,25.0,0,None
2,Vessel 6,2,Evac Area 2 Marina,Safe Area 2 Harbor,90.84,102.84,102.84,105.84,25.0,12,Evac Area 2
1,Vessel 6,1,Safe Area 2 Harbor,Evac Area 4 Beach,105.84,124.08,124.08,127.08,25.0,0,None
2,Vessel 6,2,Evac Area 4 Beach,Safe Area 3 Marina,127.08,145.07999999999998,145.07999999999998,148.07999999999998,25.0,12,Evac Area 4
1,Vessel 2,1,Safe Area 3 Marina,Evac Area 4 Dock,154.72,172.72,172.72,175.72,25.0,0,None
2,Vessel 2,2,Evac Area 4 Dock,Safe Area 2 Harbor,175.72,193.95999999999998,193.95999999999998,196.95999999999998,25.0,12,Evac Area 4
3,Vessel 2,3,Safe Area 2 Harbor,Evac Area 2 Marina,196.95999999999998,208.95999999999998,208.95999999999998,211.95999999999998,25.0,0,None
4,Vessel 2,4,Evac Area 2 Marina,Safe Area 2 Harbor,211.95999999999998,223.95999999999998,223.95999999999998,226.95999999999998,25.0,5,Evac Area 2
5,Vessel 2,5,Safe Area 2 Harbor,Evac Area 2 Marina,226.95999999999998,238.95999999999998,238.95999999999998,241.95999999999998,25.0,0,None
6,Vessel 2,6,Evac Area 2 Marina,Safe Area 2 Harbor,241.95999999999998,253.95999999999998,253.95999999999998,256.96,25.0,12,Evac Area 2
7,Vessel 2,7,Safe Area 2 Harbor,Evac Area 2 Marina,256.96,268.96,268.96,271.96,25.0,0,None
8,Vessel 2,8,Evac Area 2 Marina,Safe Area 2 Harbor,271.96,283.96,283.96,286.96,25.0,12,Evac Area 2
9,Vessel 2,9,Safe Area 2 Harbor,Evac Area 2 Marina,286.96,298.96,298.96,301.96,25.0,0,None
10,Vessel 2,10,Evac Area 2 Marina,Safe Area 2 Harbor,301.96,313.96,313.96,316.96,25.0,12,Evac Area 2
11,Vessel 2,11,Safe Area 2 Harbor,Evac Area 2 Marina,316.96,328.96,328.96,331.96,25.0,0,None
12,Vessel 2,12,Evac Area 2 Marina,Safe Area 2 Harbor,331.96,343.96,343.96,346.96,25.0,12,Evac Area 2
1,Vessel 3,1,Safe Area 3 Marina,Evac Area 3 Dock,142.8,153.60000000000002,153.60000000000002,156.60000000000002,25.0,0,None
2,Vessel 3,2,Evac Area 3 Dock,Safe Area 3 Marina,156.60000000000002,167.4,167.4,170.4,25.0,12,Evac Area 3
3,Vessel 3,3,Safe Area 3 Marina,Evac Area 3 Dock,170.4,181.2,181.2,184.2,25.0,0,None
4,Vessel 3,4,Evac Area 3 Dock,Safe Area 3 Marina,184.2,195.0,195.0,198.0,25.0,12,Evac Area 3
5,Vessel 3,5,Safe Area 3 Marina,Evac Area 3 Dock,198.0,208.8,208.8,211.8,25.0,0,None
6,Vessel 3,6,Evac Area 3 Dock,Safe Area 3 Marina,211.8,222.6,222.6,225.6,25.0,12,Evac Area 3
7,Vessel 3,7,Safe Area 3 Marina,Evac Area 3 Dock,225.6,236.39999999999998,236.39999999999998,239.39999999999998,25.0,0,None
8,Vessel 3,8,Evac Area 3 Dock,Safe Area 3 Marina,239.39999999999998,250.2,250.2,253.2,25.0,12,Evac Area 3
9,Vessel 3,9,Safe Area 3 Marina,Evac Area 3 Dock,253.2,264.0,264.0,267.0,25.0,0,None
10,Vessel 3,10,Evac Area 3 Dock,Safe Area 3 Marina,267.0,277.8,277.8,280.8,25.0,12,Evac Area 3
1,Vessel 4,1,Safe Area 3 Marina,Evac Area 3 Dock,120.4,131.20000000000002,131.20000000000002,136.2,25.0,0,None
2,Vessel 4,2,Evac Area 3 Dock,Safe Area 3 Marina,136.2,147.0,147.0,152.0,25.0,38,Evac Area 3
3,Vessel 4,3,Safe Area 3 Marina,Evac Area 4 Dock,152.0,170.0,170.0,175.0,25.0,0,None
4,Vessel 4,4,Evac Area 4 Dock,Safe Area 3 Marina,175.0,193.0,193.0,198.0,25.0,28,Evac Area 4
5,Vessel 4,5,Safe Area 3 Marina,Evac Area 3 Dock,198.0,208.8,208.8,213.8,25.0,0,None
6,Vessel 4,6,Evac Area 3 Dock,Safe Area 3 Marina,213.8,224.6,224.6,229.6,25.0,31,Evac Area 3
7,Vessel 4,7,Safe Area 3 Marina,Evac Area 3 Dock,229.6,240.39999999999998,240.39999999999998,245.39999999999998,25.0,0,None
8,Vessel 4,8,Evac Area 3 Dock,Safe Area 3 Marina,245.39999999999998,256.2,256.2,261.2,25.0,38,Evac Area 3
9,Vessel 4,9,Safe Area 3 Marina,Evac Area 3 Dock,261.2,272.0,272.0,277.0,25.0,0,None
10,Vessel 4,10,Evac Area 3 Dock,Safe Area 3 Marina,277.0,287.8,287.8,292.8,25.0,38,Evac Area 3
11,Vessel 4,11,Safe Area 3 Marina,Evac Area 3 Dock,292.8,303.6,303.6,308.6,25.0,0,None
12,Vessel 4,12,Evac Area 3 Dock,Safe Area 3 Marina,308.6,319.40000000000003,319.40000000000003,324.40000000000003,25.0,38,Evac Area 3
13,Vessel 4,13,Safe Area 3 Marina,Evac Area 3 Dock,324.40000000000003,335.20000000000005,335.20000000000005,340.20000000000005,25.0,0,None
14,Vessel 4,14,Evac Area 3 Dock,Safe Area 3 Marina,340.20000000000005,351.00000000000006,351.00000000000006,356.00000000000006,25.0,38,Evac Area 3
1,Vessel 5,1,Safe Area 3 Marina,Evac Area 4 Dock,151.66666666666669,176.66666666666669,176.66666666666669,186.66666666666669,18.0,0,None
2,Vessel 5,2,Evac Area 4 Dock,Safe Area 3 Marina,186.66666666666669,211.66666666666669,211.66666666666669,221.66666666666669,18.0,120,Evac Area 4
3,Vessel 5,3,Safe Area 3 Marina,Evac Area 4 Dock,221.66666666666669,246.66666666666669,246.66666666666669,256.6666666666667,18.0,0,None
4,Vessel 5,4,Evac Area 4 Dock,Safe Area 3 Marina,256.6666666666667,281.6666666666667,281.6666666666667,291.6666666666667,18.0,120,Evac Area 4
5,Vessel 5,5,Safe Area 3 Marina,Evac Area 4 Dock,291.6666666666667,316.6666666666667,316.6666666666667,326.6666666666667,18.0,0,None
6,Vessel 5,6,Evac Area 4 Dock,Safe Area 3 Marina,326.6666666666667,351.6666666666667,351.6666666666667,361.6666666666667,18.0,120,Evac Area 4
1,Vessel 6,1,Safe Area 3 Marina,Evac Area 3 Dock,148.07999999999998,158.88,158.88,161.88,25.0,0,None
2,Vessel 6,2,Evac Area 3 Dock,Safe Area 3 Marina,161.88,172.67999999999998,172.67999999999998,175.67999999999998,25.0,12,Evac Area 3
3,Vessel 6,3,Safe Area 3 Marina,Evac Area 3 Dock,175.67999999999998,186.47999999999996,186.47999999999996,189.47999999999996,25.0,0,None
4,Vessel 6,4,Evac Area 3 Dock,Safe Area 3 Marina,189.47999999999996,200.27999999999997,200.27999999999997,203.27999999999997,25.0,12,Evac Area 3
5,Vessel 6,5,Safe Area 3 Marina,Evac Area 3 Dock,203.27999999999997,214.07999999999998,214.07999999999998,217.07999999999998,25.0,0,None
6,Vessel 6,6,Evac Area 3 Dock,Safe Area 3 Marina,217.07999999999998,227.87999999999997,227.87999999999997,230.87999999999997,25.0,12,Evac Area 3
7,Vessel 6,7,Safe Area 3 Marina,Evac Area 3 Dock,230.87999999999997,241.67999999999995,241.67999999999995,244.67999999999995,25.0,0,None
8,Vessel 6,8,Evac Area 3 Dock,Safe Area 3 Marina,244.67999999999995,255.47999999999996,255.47999999999996,258.47999999999996,25.0,12,Evac Area 3
9,Vessel 6,9,Safe Area 3 Marina,Evac Area 3 Dock,258.47999999999996,269.28,269.28,272.28,25.0,0,None
10,Vessel 6,10,Evac Area 3 Dock,Safe Area 3 Marina,272.28,283.08,283.08,286.08,25.0,12,Evac Area 3
11,Vessel 6,11,Safe Area 3 Marina,Evac Area 3 Dock,286.08,296.88,296.88,299.88,25.0,0,None
12,Vessel 6,12,Evac Area 3 Dock,Safe Area 3 Marina,299.88,310.68,310.68,313.68,25.0,12,Evac Area 3
