segment_id,resource_id,route_segment_id,origin,destination,route_start_time,route_end_time,load_start_time,load_end_time,resource_speed,evacuees,evacuated_location
1,Vessel 1,1,Safe Area 1 Terminal,Evac Area 1 Ferry Terminal,10.0,24.0,24.0,34.0,12.0,0,None
2,Vessel 1,2,Evac Area 1 Ferry Terminal,Safe Area 1 Terminal,34.0,48.0,48.0,58.0,12.0,133,Evac Area 1
1,Vessel 2,1,Safe Area 2 Harbor,Evac Area 2 Marina,10.0,22.0,22.0,25.0,25.0,0,None
2,Vessel 2,2,Evac Area 2 Marina,Safe Area 2 Harbor,25.0,37.0,37.0,40.0,25.0,12,Evac Area 2
1,Vessel 2,1,Safe Area 2 Harbor,Evac Area 2 Marina,40.0,52.0,52.0,55.0,25.0,0,None
2,Vessel 2,2,Evac Area 2 Marina,Safe Area 2 Harbor,55.0,67.0,67.0,70.0,25.0,12,Evac Area 2
1,Vessel 4,1,Safe Area 1 Terminal,Evac Area 3 Dock,10.0,22.0,22.0,27.0,25.0,0,None
2,Vessel 4,2,Evac Area 3 Dock,Safe Area 3 Marina,27.0,37.8,37.8,42.8,25.0,38,Evac Area 3
1,Vessel 4,1,Safe Area 3 Marina,Evac Area 4 Dock,42.8,60.8,60.8,65.8,25.0,0,None
2,Vessel 4,2,Evac Area 4 Dock,Safe Area 3 Marina,65.8,83.8,83.8,88.8,25.0,38,Evac Area 4
1,Vessel 5,1,Safe Area 1 Terminal,Evac Area 3 Dock,30.0,46.66666666666667,46.66666666666667,56.66666666666667,18.0,0,None
2,Vessel 5,2,Evac Area 3 Dock,Safe Area 3 Marina,56.66666666666667,71.66666666666667,71.66666666666667,81.66666666666667,18.0,120,Evac Area 3
1,Vessel 6,1,Safe Area 1 Terminal,Evac Area 3 Dock,30.0,42.0,42.0,45.0,25.0,0,None
2,Vessel 6,2,Evac Area 3 Dock,Safe Area 3 Marina,45.0,55.8,55.8,58.8,25.0,12,Evac Area 3
1,Vessel 2,1,Safe Area 2 Harbor,Evac Area 2 Marina,70.0,82.0,82.0,85.0,25.0,0,None
2,Vessel 2,2,Evac Area 2 Marina,Safe Area 2 Harbor,85.0,97.0,97.0,100.0,25.0,0,Evac Area 2
3,Vessel 2,3,Safe Area 2 Harbor,Evac Area 2 Marina,100.0,112.0,112.0,115.0,25.0,0,None
4,Vessel 2,4,Evac Area 2 Marina,Safe Area 2 Harbor,115.0,127.0,127.0,130.0,25.0,6,Evac Area 2
5,Vessel 2,5,Safe Area 2 Harbor,Evac Area 2 Marina,130.0,142.0,142.0,145.0,25.0,0,None
6,Vessel 2,6,Evac Area 2 Marina,Safe Area 2 Harbor,145.0,157.0,157.0,160.0,25.0,12,Evac Area 2
7,Vessel 2,7,Safe Area 2 Harbor,Evac Area 2 Marina,160.0,172.0,172.0,175.0,25.0,0,None
8,Vessel 2,8,Evac Area 2 Marina,Safe Area 2 Harbor,175.0,187.0,187.0,190.0,25.0,0,Evac Area 2
9,Vessel 2,9,Safe Area 2 Harbor,Evac Area 2 Marina,190.0,202.0,202.0,205.0,25.0,0,None
10,Vessel 2,10,Evac Area 2 Marina,Safe Area 2 Harbor,205.0,217.0,217.0,220.0,25.0,12,Evac Area 2
11,Vessel 2,11,Safe Area 2 Harbor,Evac Area 2 Marina,220.0,232.0,232.0,235.0,25.0,0,None
12,Vessel 2,12,Evac Area 2 Marina,Safe Area 2 Harbor,235.0,247.0,247.0,250.0,25.0,12,Evac Area 2
13,Vessel 2,13,Safe Area 2 Harbor,Evac Area 2 Marina,250.0,262.0,262.0,265.0,25.0,0,None
14,Vessel 2,14,Evac Area 2 Marina,Safe Area 2 Harbor,265.0,277.0,277.0,280.0,25.0,12,Evac Area 2
15,Vessel 2,15,Safe Area 2 Harbor,Evac Area 2 Marina,280.0,292.0,292.0,295.0,25.0,0,None
16,Vessel 2,16,Evac Area 2 Marina,Safe Area 2 Harbor,295.0,307.0,307.0,310.0,25.0,12,Evac Area 2
17,Vessel 2,17,Safe Area 2 Harbor,Evac Area 2 Marina,310.0,322.0,322.0,325.0,25.0,0,None
18,Vessel 2,18,Evac Area 2 Marina,Safe Area 2 Harbor,325.0,337.0,337.0,340.0,25.0,12,Evac Area 2
19,Vessel 2,19,Safe Area 2 Harbor,Evac Area 2 Marina,340.0,352.0,352.0,355.0,25.0,0,None
20,Vessel 2,20,Evac Area 2 Marina,Safe Area 2 Harbor,355.0,367.0,367.0,370.0,25.0,12,Evac Area 2
21,Vessel 2,21,Safe Area 2 Harbor,Evac Area 2 Marina,370.0,382.0,382.0,385.0,25.0,0,None
22,Vessel 2,22,Evac Area 2 Marina,Safe Area 2 Harbor,385.0,397.0,397.0,400.0,25.0,12,Evac Area 2
23,Vessel 2,23,Safe Area 2 Harbor,Evac Area 2 Marina,400.0,412.0,412.0,415.0,25.0,0,None
24,Vessel 2,24,Evac Area 2 Marina,Safe Area 2 Harbor,415.0,427.0,427.0,430.0,25.0,12,Evac Area 2
25,Vessel 2,25,Safe Area 2 Harbor,Evac Area 2 Marina,430.0,442.0,442.0,445.0,25.0,0,None
26,Vessel 2,26,Evac Area 2 Marina,Safe Area 2 Harbor,445.0,457.0,457.0,460.0,25.0,12,Evac Area 2
27,Vessel 2,27,Safe Area 2 Harbor,Evac Area 2 Marina,460.0,472.0,472.0,475.0,25.0,0,None
28,Vessel 2,28,Evac Area 2 Marina,Safe Area 2 Harbor,475.0,487.0,487.0,490.0,25.0,12,Evac Area 2
29,Vessel 2,29,Safe Area 2 Harbor,Evac Area 4 Dock,490.0,508.24,508.24,511.24,25.0,0,None
30,Vessel 2,30,Evac Area 4 Dock,Safe Area 2 Harbor,511.24,529.48,529.48,532.48,25.0,12,Evac Area 4
31,Vessel 2,31,Safe Area 2 Harbor,Evac Area 2 Marina,532.48,544.48,544.48,547.48,25.0,0,None
32,Vessel 2,32,Evac Area 2 Marina,Safe Area 2 Harbor,547.48,559.48,559.48,562.48,25.0,12,Evac Area 2
33,Vessel 2,33,Safe Area 2 Harbor,Evac Area 2 Marina,562.48,574.48,574.48,577.48,25.0,0,None
34,Vessel 2,34,Evac Area 2 Marina,Safe Area 2 Harbor,577.48,589.48,589.48,592.48,25.0,12,Evac Area 2
1,Vessel 3,1,Safe Area 3 Marina,Evac Area 3 Dock,60.0,70.8,70.8,73.8,25.0,0,None
2,Vessel 3,2,Evac Area 3 Dock,Safe Area 3 Marina,73.8,84.6,84.6,87.6,25.0,0,Evac Area 3
3,Vessel 3,3,Safe Area 3 Marina,Evac Area 3 Dock,87.6,98.39999999999999,98.39999999999999,101.39999999999999,25.0,0,None
4,Vessel 3,4,Evac Area 3 Dock,Safe Area 3 Marina,101.39999999999999,112.19999999999999,112.19999999999999,115.19999999999999,25.0,12,Evac Area 3
5,Vessel 3,5,Safe Area 3 Marina,Evac Area 3 Dock,115.19999999999999,125.99999999999999,125.99999999999999,129.0,25.0,0,None
6,Vessel 3,6,Evac Area 3 Dock,Safe Area 1 Terminal,129.0,141.0,141.0,144.0,25.0,12,Evac Area 3
7,Vessel 3,7,Safe Area 1 Terminal,Evac Area 4 Beach,144.0,165.59999999999997,165.59999999999997,168.59999999999997,25.0,0,None
8,Vessel 3,8,Evac Area 4 Beach,Safe Area 3 Marina,168.59999999999997,186.59999999999997,186.59999999999997,189.59999999999997,25.0,12,Evac Area 4
9,Vessel 3,9,Safe Area 3 Marina,Evac Area 4 Beach,189.59999999999997,207.59999999999997,207.59999999999997,210.59999999999997,25.0,0,None
10,Vessel 3,10,Evac Area 4 Beach,Safe Area 3 Marina,210.59999999999997,228.59999999999997,228.59999999999997,231.59999999999997,25.0,12,Evac Area 4
11,Vessel 3,11,Safe Area 3 Marina,Evac Area 3 Dock,231.59999999999997,242.39999999999998,242.39999999999998,245.39999999999998,25.0,0,None
12,Vessel 3,12,Evac Area 3 Dock,Safe Area 3 Marina,245.39999999999998,256.2,256.2,259.2,25.0,12,Evac Area 3
13,Vessel 3,13,Safe Area 3 Marina,Evac Area 4 Beach,259.2,277.2,277.2,280.2,25.0,0,None
14,Vessel 3,14,Evac Area 4 Beach,Safe Area 3 Marina,280.2,298.2,298.2,301.2,25.0,12,Evac Area 4
15,Vessel 3,15,Safe Area 3 Marina,Evac Area 3 Dock,301.2,312.0,312.0,315.0,25.0,0,None
16,Vessel 3,16,Evac Area 3 Dock,Safe Area 3 Marina,315.0,325.8,325.8,328.8,25.0,12,Evac Area 3
17,Vessel 3,17,Safe Area 3 Marina,Evac Area 3 Dock,328.8,339.6,339.6,342.6,25.0,0,None
18,Vessel 3,18,Evac Area 3 Dock,Safe Area 3 Marina,342.6,353.40000000000003,353.40000000000003,356.40000000000003,25.0,12,Evac Area 3
19,Vessel 3,19,Safe Area 3 Marina,Evac Area 4 Dock,356.40000000000003,374.40000000000003,374.40000000000003,377.40000000000003,25.0,0,None
20,Vessel 3,20,Evac Area 4 Dock,Safe Area 3 Marina,377.40000000000003,395.40000000000003,395.40000000000003,398.40000000000003,25.0,12,Evac Area 4
21,Vessel 3,21,Safe Area 3 Marina,Evac Area 3 Dock,398.40000000000003,409.20000000000005,409.20000000000005,412.20000000000005,25.0,0,None
22,Vessel 3,22,Evac Area 3 Dock,Safe Area 3 Marina,412.20000000000005,423.00000000000006,423.00000000000006,426.00000000000006,25.0,12,Evac Area 3
23,Vessel 3,23,Safe Area 3 Marina,Evac Area 3 Dock,426.00000000000006,436.80000000000007,436.80000000000007,439.80000000000007,25.0,0,None
24,Vessel 3,24,Evac Area 3 Dock,Safe Area 3 Marina,439.80000000000007,450.6000000000001,450.6000000000001,453.6000000000001,25.0,12,Evac Area 3
25,Vessel 3,25,Safe Area 3 Marina,Evac Area 4 Beach,453.6000000000001,471.6000000000001,471.6000000000001,474.6000000000001,25.0,0,None
26,Vessel 3,26,Evac Area 4 Beach,Safe Area 3 Marina,474.6000000000001,492.6000000000001,492.6000000000001,495.6000000000001,25.0,12,Evac Area 4
27,Vessel 3,27,Safe Area 3 Marina,Evac Area 3 Dock,495.6000000000001,506.4000000000001,506.4000000000001,509.4000000000001,25.0,0,None
28,Vessel 3,28,Evac Area 3 Dock,Safe Area 3 Marina,509.4000000000001,520.2,520.2,523.2,25.0,12,Evac Area 3
29,Vessel 3,29,Safe Area 3 Marina,Evac Area 3 Dock,523.2,534.0000000000001,534.0000000000001,537.0000000000001,25.0,0,None
30,Vessel 3,30,Evac Area 3 Dock,Safe Area 3 Marina,537.0000000000001,547.8000000000002,547.8000000000002,550.8000000000002,25.0,12,Evac Area 3
31,Vessel 3,31,Safe Area 3 Marina,Evac Area 3 Dock,550.8000000000002,561.6000000000001,561.6000000000001,564.6000000000001,25.0,0,None
32,Vessel 3,32,Evac Area 3 Dock,Safe Area 3 Marina,564.6000000000001,575.4000000000001,575.4000000000001,578.4000000000001,25.0,12,Evac Area 3
1,Vessel 4,1,Safe Area 3 Marina,Evac Area 4 Dock,88.8,106.8,106.8,111.8,25.0,0,None
2,Vessel 4,2,Evac Area 4 Dock,Safe Area 3 Marina,111.8,129.8,129.8,134.8,25.0,38,Evac Area 4
3,Vessel 4,3,Safe Area 3 Marina,Evac Area 4 Dock,134.8,152.8,152.8,157.8,25.0,0,None
4,Vessel 4,4,Evac Area 4 Dock,Safe Area 2 Harbor,157.8,176.04,176.04,181.04,25.0,38,Evac Area 4
5,Vessel 4,5,Safe Area 2 Harbor,Evac Area 4 Dock,181.04,199.28,199.28,204.28,25.0,0,None
6,Vessel 4,6,Evac Area 4 Dock,Safe Area 3 Marina,204.28,222.28,222.28,227.28,25.0,38,Evac Area 4
7,Vessel 4,7,Safe Area 3 Marina,Evac Area 4 Dock,227.28,245.28,245.28,250.28,25.0,0,None
8,Vessel 4,8,Evac Area 4 Dock,Safe Area 3 Marina,250.28,268.28,268.28,273.28,25.0,38,Evac Area 4
9,Vessel 4,9,Safe Area 3 Marina,Evac Area 4 Dock,273.28,291.28,291.28,296.28,25.0,0,None
10,Vessel 4,10,Evac Area 4 Dock,Safe Area 3 Marina,296.28,314.28,314.28,319.28,25.0,38,Evac Area 4
11,Vessel 4,11,Safe Area 3 Marina,Evac Area 4 Dock,319.28,337.28,337.28,342.28,25.0,0,None
12,Vessel 4,12,Evac Area 4 Dock,Safe Area 3 Marina,342.28,360.28,360.28,365.28,25.0,38,Evac Area 4
13,Vessel 4,13,Safe Area 3 Marina,Evac Area 4 Dock,365.28,383.28,383.28,388.28,25.0,0,None
14,Vessel 4,14,Evac Area 4 Dock,Safe Area 3 Marina,388.28,406.28,406.28,411.28,25.0,38,Evac Area 4
15,Vessel 4,15,Safe Area 3 Marina,Evac Area 4 Dock,411.28,429.28,429.28,434.28,25.0,0,None
16,Vessel 4,16,Evac Area 4 Dock,Safe Area 2 Harbor,434.28,452.52,452.52,457.52,25.0,38,Evac Area 4
17,Vessel 4,17,Safe Area 2 Harbor,Evac Area 2 Marina,457.52,469.52,469.52,474.52,25.0,0,None
18,Vessel 4,18,Evac Area 2 Marina,Safe Area 2 Harbor,474.52,486.52,486.52,491.52,25.0,38,Evac Area 2
19,Vessel 4,19,Safe Area 2 Harbor,Evac Area 4 Dock,491.52,509.76,509.76,514.76,25.0,0,None
20,Vessel 4,20,Evac Area 4 Dock,Safe Area 3 Marina,514.76,532.76,532.76,537.76,25.0,38,Evac Area 4
21,Vessel 4,21,Safe Area 3 Marina,Evac Area 4 Dock,537.76,555.76,555.76,560.76,25.0,0,None
22,Vessel 4,22,Evac Area 4 Dock,Safe Area 3 Marina,560.76,578.76,578.76,583.76,25.0,38,Evac Area 4
1,Vessel 5,1,Safe Area 3 Marina,Evac Area 4 Dock,81.66666666666667,106.66666666666667,106.66666666666667,116.66666666666667,18.0,0,None
2,Vessel 5,2,Evac Area 4 Dock,Safe Area 3 Marina,116.66666666666667,141.66666666666669,141.66666666666669,151.66666666666669,18.0,120,Evac Area 4
3,Vessel 5,3,Safe Area 3 Marina,Evac Area 4 Dock,151.66666666666669,176.66666666666669,176.66666666666669,186.66666666666669,18.0,0,None
4,Vessel 5,4,Evac Area 4 Dock,Safe Area 3 Marina,186.66666666666669,211.66666666666669,211.66666666666669,221.66666666666669,18.0,120,Evac Area 4
5,Vessel 5,5,Safe Area 3 Marina,Evac Area 4 Dock,221.66666666666669,246.66666666666669,246.66666666666669,256.6666666666667,18.0,0,None
6,Vessel 5,6,Evac Area 4 Dock,Safe Area 2 Harbor,256.6666666666667,282.0,282.0,292.0,18.0,120,Evac Area 4
7,Vessel 5,7,Safe Area 2 Harbor,Evac Area 4 Dock,292.0,317.33333333333337,317.33333333333337,327.33333333333337,18.0,0,None
8,Vessel 5,8,Evac Area 4 Dock,Safe Area 3 Marina,327.33333333333337,352.33333333333337,352.33333333333337,362.33333333333337,18.0,120,Evac Area 4
9,Vessel 5,9,Safe Area 3 Marina,Evac Area 4 Dock,362.33333333333337,387.33333333333337,387.33333333333337,397.33333333333337,18.0,0,None
10,Vessel 5,10,Evac Area 4 Dock,Safe Area 3 Marina,397.33333333333337,422.33333333333337,422.33333333333337,432.33333333333337,18.0,120,Evac Area 4
11,Vessel 5,11,Safe Area 3 Marina,Evac Area 4 Dock,432.33333333333337,457.33333333333337,457.33333333333337,467.33333333333337,18.0,0,None
12,Vessel 5,12,Evac Area 4 Dock,Safe Area 3 Marina,467.33333333333337,492.33333333333337,492.33333333333337,502.33333333333337,18.0,120,Evac Area 4
13,Vessel 5,13,Safe Area 3 Marina,Evac Area 4 Dock,502.33333333333337,527.3333333333334,527.3333333333334,537.3333333333334,18.0,0,None
14,Vessel 5,14,Evac Area 4 Dock,Safe Area 1 Terminal,537.3333333333334,567.3333333333334,567.3333333333334,577.3333333333334,18.0,120,Evac Area 4
1,Vessel 6,1,Safe Area 3 Marina,Evac Area 3 Dock,58.8,69.6,69.6,72.6,25.0,0,None
2,Vessel 6,2,Evac Area 3 Dock,Safe Area 3 Marina,72.6,83.39999999999999,83.39999999999999,86.39999999999999,25.0,12,Evac Area 3
3,Vessel 6,3,Safe Area 3 Marina,Evac Area 3 Dock,86.39999999999999,97.19999999999999,97.19999999999999,100.19999999999999,25.0,0,None
4,Vessel 6,4,Evac Area 3 Dock,Safe Area 3 Marina,100.19999999999999,110.99999999999999,110.99999999999999,113.99999999999999,25.0,12,Evac Area 3
5,Vessel 6,5,Safe Area 3 Marina,Evac Area 3 Dock,113.99999999999999,124.79999999999998,124.79999999999998,127.79999999999998,25.0,0,None
6,Vessel 6,6,Evac Area 3 Dock,Safe Area 3 Marina,127.79999999999998,138.59999999999997,138.59999999999997,141.59999999999997,25.0,12,Evac Area 3
7,Vessel 6,7,Safe Area 3 Marina,Evac Area 3 Dock,141.59999999999997,152.39999999999998,152.39999999999998,155.39999999999998,25.0,0,None
8,Vessel 6,8,Evac Area 3 Dock,Safe Area 3 Marina,155.39999999999998,166.2,166.2,169.2,25.0,12,Evac Area 3
9,Vessel 6,9,Safe Area 3 Marina,Evac Area 3 Dock,169.2,179.99999999999997,179.99999999999997,182.99999999999997,25.0,0,None
10,Vessel 6,10,Evac Area 3 Dock,Safe Area 3 Marina,182.99999999999997,193.79999999999998,193.79999999999998,196.79999999999998,25.0,12,Evac Area 3
11,Vessel 6,11,Safe Area 3 Marina,Evac Area 3 Dock,196.79999999999998,207.6,207.6,210.6,25.0,0,None
12,Vessel 6,12,Evac Area 3 Dock,Safe Area 3 Marina,210.6,221.4,221.4,224.4,25.0,12,Evac Area 3
13,Vessel 6,13,Safe Area 3 Marina,Evac Area 3 Dock,224.4,235.20000000000002,235.20000000000002,238.20000000000002,25.0,0,None
14,Vessel 6,14,Evac Area 3 Dock,Safe Area 3 Marina,238.20000000000002,249.00000000000003,249.00000000000003,252.00000000000003,25.0,12,Evac Area 3
15,Vessel 6,15,Safe Area 3 Marina,Evac Area 3 Dock,252.00000000000003,262.80000000000007,262.80000000000007,265.80000000000007,25.0,0,None
16,Vessel 6,16,Evac Area 3 Dock,Safe Area 3 Marina,265.80000000000007,276.6,276.6,279.6,25.0,12,Evac Area 3
17,Vessel 6,17,Safe Area 3 Marina,Evac Area 3 Dock,279.6,290.4000000000001,290.4000000000001,293.4000000000001,25.0,0,None
18,Vessel 6,18,Evac Area 3 Dock,Safe Area 3 Marina,293.4000000000001,304.20000000000005,304.20000000000005,307.20000000000005,25.0,4,Evac Area 3
19,Vessel 6,19,Safe Area 3 Marina,Evac Area 3 Dock,307.20000000000005,318.00000000000006,318.00000000000006,321.00000000000006,25.0,0,None
20,Vessel 6,20,Evac Area 3 Dock,Safe Area 3 Marina,321.00000000000006,331.80000000000007,331.80000000000007,334.80000000000007,25.0,12,Evac Area 3
21,Vessel 6,21,Safe Area 3 Marina,Evac Area 3 Dock,334.80000000000007,345.6000000000001,345.6000000000001,348.6000000000001,25.0,0,None
22,Vessel 6,22,Evac Area 3 Dock,Safe Area 3 Marina,348.6000000000001,359.4000000000001,359.4000000000001,362.4000000000001,25.0,12,Evac Area 3
23,Vessel 6,23,Safe Area 3 Marina,Evac Area 3 Dock,362.4000000000001,373.2000000000001,373.2000000000001,376.2000000000001,25.0,0,None
24,Vessel 6,24,Evac Area 3 Dock,Safe Area 3 Marina,376.2000000000001,387.0000000000001,387.0000000000001,390.0000000000001,25.0,12,Evac Area 3
25,Vessel 6,25,Safe Area 3 Marina,Evac Area 1 Marina,390.0000000000001,397.2000000000001,397.2000000000001,400.2000000000001,25.0,0,None
26,Vessel 6,26,Evac Area 1 Marina,Safe Area 1 Terminal,400.2000000000001,406.9200000000001,406.9200000000001,409.9200000000001,25.0,0,Evac Area 1
27,Vessel 6,27,Safe Area 1 Terminal,Evac Area 1 Marina,409.9200000000001,416.6400000000001,416.6400000000001,419.6400000000001,25.0,0,None
28,Vessel 6,28,Evac Area 1 Marina,Safe Area 1 Terminal,419.6400000000001,426.3600000000001,426.3600000000001,429.3600000000001,25.0,0,Evac Area 1
29,Vessel 6,29,Safe Area 1 Terminal,Evac Area 1 Marina,429.3600000000001,436.08000000000015,436.08000000000015,439.08000000000015,25.0,0,None
30,Vessel 6,30,Evac Area 1 Marina,Safe Area 3 Marina,439.08000000000015,446.28000000000014,446.28000000000014,449.28000000000014,25.0,0,Evac Area 1
31,Vessel 6,31,Safe Area 3 Marina,Evac Area 3 Dock,449.28000000000014,460.08000000000015,460.08000000000015,463.08000000000015,25.0,0,None
32,Vessel 6,32,Evac Area 3 Dock,Safe Area 3 Marina,463.08000000000015,473.88000000000017,473.88000000000017,476.88000000000017,25.0,12,Evac Area 3
33,Vessel 6,33,Safe Area 3 Marina,Evac Area 4 Dock,476.88000000000017,494.88000000000017,494.88000000000017,497.88000000000017,25.0,0,None
34,Vessel 6,34,Evac Area 4 Dock,Safe Area 2 Harbor,497.88000000000017,516.1200000000001,516.1200000000001,519.1200000000001,25.0,12,Evac Area 4
35,Vessel 6,35,Safe Area 2 Harbor,Evac Area 2 Marina,519.1200000000001,531.1200000000001,531.1200000000001,534.1200000000001,25.0,0,None
36,Vessel 6,36,Evac Area 2 Marina,Safe Area 2 Harbor,534.1200000000001,546.1200000000001,546.1200000000001,549.1200000000001,25.0,12,Evac Area 2
37,Vessel 6,37,Safe Area 2 Harbor,Evac Area 2 Marina,549.1200000000001,561.1200000000001,561.1200000000001,564.1200000000001,25.0,0,None
38,Vessel 6,38,Evac Area 2 Marina,Safe Area 2 Harbor,564.1200000000001,576.1200000000001,576.1200000000001,579.1200000000001,25.0,12,Evac Area 2
