segment_id,resource_id,route_segment_id,origin,destination,route_start_time,route_end_time,load_start_time,load_end_time,resource_speed,evacuees,evacuated_location
1,Vessel 1,1,Safe Area 1 Terminal,Evac Area 1 Ferry Terminal,10.0,24.0,24.0,34.0,12.0,0,None
2,Vessel 1,2,Evac Area 1 Ferry Terminal,Safe Area 1 Terminal,34.0,48.0,48.0,58.0,12.0,33,Evac Area 1
1,Vessel 1,1,Safe Area 1 Terminal,Evac Area 1 Ferry Terminal,58.0,72.0,72.0,82.0,12.0,0,None
2,Vessel 1,2,Evac Area 1 Ferry Terminal,Safe Area 1 Terminal,82.0,96.0,96.0,106.0,12.0,47,Evac Area 1
1,Vessel 2,1,Safe Area 2 Harbor,Evac Area 4 Beach,10.0,28.239999999999995,28.239999999999995,31.239999999999995,25.0,0,None
2,Vessel 2,2,Evac Area 4 Beach,Safe Area 2 Harbor,31.239999999999995,49.48,49.48,52.48,25.0,12,Evac Area 4
1,Vessel 2,1,Safe Area 2 Harbor,Evac Area 4 Dock,52.48,70.72,70.72,73.72,25.0,0,None
2,Vessel 2,2,Evac Area 4 Dock,Safe Area 3 Marina,73.72,91.72,91.72,94.72,25.0,12,Evac Area 4
1,Vessel 3,1,Safe Area 3 Marina,Evac Area 4 Dock,60.0,78.0,78.0,81.0,25.0,0,None
2,Vessel 3,2,Evac Area 4 Dock,Safe Area 1 Terminal,81.0,102.6,102.6,105.6,25.0,1,Evac Area 4
1,Vessel 4,1,Safe Area 1 Terminal,Evac Area 3 Dock,10.0,22.0,22.0,27.0,25.0,0,None
2,Vessel 4,2,Evac Area 3 Dock,Safe Area 3 Marina,27.0,37.8,37.8,42.8,25.0,38,Evac Area 3
1,Vessel 4,1,Safe Area 3 Marina,Evac Area 2 Marina,42.8,59.6,59.6,64.6,25.0,0,None
2,Vessel 4,2,Evac Area 2 Marina,Safe Area 2 Harbor,64.6,76.6,76.6,81.6,25.0,38,Evac Area 2
1,Vessel 4,1,Safe Area 2 Harbor,Evac Area 4 Dock,81.6,99.84,99.84,104.84,25.0,0,None
2,Vessel 4,2,Evac Area 4 Dock,Safe Area 3 Marina,104.84,122.84,122.84,127.84,25.0,38,Evac Area 4
1,Vessel 5,1,Safe Area 1 Terminal,Evac Area 3 Dock,30.0,46.66666666666667,46.66666666666667,56.66666666666667,18.0,0,None
2,Vessel 5,2,Evac Area 3 Dock,Safe Area 3 Marina,56.66666666666667,71.66666666666667,71.66666666666667,81.66666666666667,18.0,120,Evac Area 3
1,Vessel 5,1,Safe Area 3 Marina,Evac Area 4 Dock,81.66666666666667,106.66666666666669,106.66666666666669,116.66666666666669,18.0,0,None
2,Vessel 5,2,Evac Area 4 Dock,Safe Area 3 Marina,116.66666666666669,141.66666666666669,141.66666666666669,151.66666666666669,18.0,120,Evac Area 4
1,Vessel 6,1,Safe Area 1 Terminal,Evac Area 3 Dock,30.0,42.0,42.0,45.0,25.0,0,None
2,Vessel 6,2,Evac Area 3 Dock,Safe Area 3 Marina,45.0,55.8,55.8,58.8,25.0,12,Evac Area 3
1,Vessel 6,1,Safe Area 3 Marina,Evac Area 2 Marina,58.8,75.6,75.6,78.6,25.0,0,None
2,Vessel 6,2,Evac Area 2 Marina,Safe Area 2 Harbor,78.6,90.6,90.6,93.6,25.0,12,Evac Area 2
1,Vessel 1,1,Safe Area 1 Terminal,Evac Area 1 Ferry Terminal,106.0,120.0,120.0,130.0,12.0,0,None
2,Vessel 1,2,Evac Area 1 Ferry Terminal,Safe Area 1 Terminal,130.0,144.0,144.0,154.0,12.0,16,Evac Area 1
1,Vessel 2,1,Safe Area 3 Marina,Evac Area 3 Dock,94.72,105.52,105.52,108.52,25.0,0,None
2,Vessel 2,2,Evac Area 3 Dock,Safe Area 3 Marina,108.52,119.32,119.32,122.32,25.0,12,Evac Area 3
3,Vessel 2,3,Safe Area 3 Marina,Evac Area 4 Dock,122.32,140.32,140.32,143.32,25.0,0,None
4,Vessel 2,4,Evac Area 4 Dock,Safe Area 2 Harbor,143.32,161.56,161.56,164.56,25.0,11,Evac Area 4
5,Vessel 2,5,Safe Area 2 Harbor,Evac Area 2 Marina,164.56,176.56,176.56,179.56,25.0,0,None
6,Vessel 2,6,Evac Area 2 Marina,Safe Area 2 Harbor,179.56,191.56,191.56,194.56,25.0,12,Evac Area 2
7,Vessel 2,7,Safe Area 2 Harbor,Evac Area 2 Marina,194.56,206.56,206.56,209.56,25.0,0,None
8,Vessel 2,8,Evac Area 2 Marina,Safe Area 2 Harbor,209.56,221.56,221.56,224.56,25.0,12,Evac Area 2
9,Vessel 2,9,Safe Area 2 Harbor,Evac Area 2 Marina,224.56,236.56,236.56,239.56,25.0,0,None
10,Vessel 2,10,Evac Area 2 Marina,Safe Area 2 Harbor,239.56,251.56,251.56,254.56,25.0,12,Evac Area 2
11,Vessel 2,11,Safe Area 2 Harbor,Evac Area 2 Marina,254.56,266.56,266.56,269.56,25.0,0,None
12,Vessel 2,12,Evac Area 2 Marina,Safe Area 2 Harbor,269.56,281.56,281.56,284.56,25.0,12,Evac Area 2
1,Vessel 3,1,Safe Area 1 Terminal,Evac Area 3 Dock,105.6,117.6,117.6,120.6,25.0,0,None
2,Vessel 3,2,Evac Area 3 Dock,Safe Area 3 Marina,120.6,131.39999999999998,131.39999999999998,134.39999999999998,25.0,12,Evac Area 3
3,Vessel 3,3,Safe Area 3 Marina,Evac Area 4 Beach,134.39999999999998,152.39999999999998,152.39999999999998,155.39999999999998,25.0,0,None
4,Vessel 3,4,Evac Area 4 Beach,Safe Area 3 Marina,155.39999999999998,173.39999999999998,173.39999999999998,176.39999999999998,25.0,12,Evac Area 4
5,Vessel 3,5,Safe Area 3 Marina,Evac Area 3 Dock,176.39999999999998,187.2,187.2,190.2,25.0,0,None
6,Vessel 3,6,Evac Area 3 Dock,Safe Area 3 Marina,190.2,201.0,201.0,204.0,25.0,12,Evac Area 3
7,Vessel 3,7,Safe Area 3 Marina,Evac Area 3 Dock,204.0,214.79999999999998,214.79999999999998,217.79999999999998,25.0,0,None
8,Vessel 3,8,Evac Area 3 Dock,Safe Area 3 Marina,217.79999999999998,228.6,228.6,231.6,25.0,12,Evac Area 3
9,Vessel 3,9,Safe Area 3 Marina,Evac Area 3 Dock,231.6,242.4,242.4,245.4,25.0,0,None
10,Vessel 3,10,Evac Area 3 Dock,Safe Area 3 Marina,245.4,256.20000000000005,256.20000000000005,259.20000000000005,25.0,12,Evac Area 3
11,Vessel 3,11,Safe Area 3 Marina,Evac Area 3 Dock,259.20000000000005,270.0,270.0,273.0,25.0,0,None
12,Vessel 3,12,Evac Area 3 Dock,Safe Area 3 Marina,273.0,283.80000000000007,283.80000000000007,286.80000000000007,25.0,12,Evac Area 3
1,Vessel 4,1,Safe Area 3 Marina,Evac Area 3 Dock,127.84,138.64,138.64,143.64,25.0,0,None
2,Vessel 4,2,Evac Area 3 Dock,Safe Area 3 Marina,143.64,154.44,154.44,159.44,25.0,38,Evac Area 3
3,Vessel 4,3,Safe Area 3 Marina,Evac Area 3 Dock,159.44,170.24,170.24,175.24,25.0,0,None
4,Vessel 4,4,Evac Area 3 Dock,Safe Area 3 Marina,175.24,186.04,186.04,191.04,25.0,38,Evac Area 3
5,Vessel 4,5,Safe Area 3 Marina,Evac Area 3 Dock,191.04,201.83999999999997,201.83999999999997,206.83999999999997,25.0,0,None
6,Vessel 4,6,Evac Area 3 Dock,Safe Area 3 Marina,206.83999999999997,217.64,217.64,222.64,25.0,38,Evac Area 3
7,Vessel 4,7,Safe Area 3 Marina,Evac Area 3 Dock,222.64,233.44,233.44,238.44,25.0,0,None
8,Vessel 4,8,Evac Area 3 Dock,Safe Area 3 Marina,238.44,249.24,249.24,254.24,25.0,33,Evac Area 3
9,Vessel 4,9,Safe Area 3 Marina,Evac Area 3 Dock,254.24,265.04,265.04,270.04,25.0,0,None
10,Vessel 4,10,Evac Area 3 Dock,Safe Area 3 Marina,270.04,280.84000000000003,280.84000000000003,285.84000000000003,25.0,38,Evac Area 3
1,Vessel 5,1,Safe Area 3 Marina,Evac Area 3 Dock,151.66666666666669,166.66666666666669,166.66666666666669,176.66666666666669,18.0,0,None
2,Vessel 5,2,Evac Area 3 Dock,Safe Area 3 Marina,176.66666666666669,191.66666666666669,191.66666666666669,201.66666666666669,18.0,120,Evac Area 3
3,Vessel 5,3,Safe Area 3 Marina,Evac Area 2 Marina,201.66666666666669,225.00000000000003,225.00000000000003,235.00000000000003,18.0,0,None
4,Vessel 5,4,Evac Area 2 Marina,Safe Area 2 Harbor,235.00000000000003,251.66666666666669,251.66666666666669,261.6666666666667,18.0,116,Evac Area 2
1,Vessel 6,1,Safe Area 2 Harbor,Evac Area 2 Marina,93.6,105.6,105.6,108.6,25.0,0,None
2,Vessel 6,2,Evac Area 2 Marina,Safe Area 2 Harbor,108.6,120.6,120.6,123.6,25.0,12,Evac Area 2
3,Vessel 6,3,Safe Area 2 Harbor,Evac Area 2 Marina,123.6,135.6,135.6,138.6,25.0,0,None
4,Vessel 6,4,Evac Area 2 Marina,Safe Area 2 Harbor,138.6,150.6,150.6,153.6,25.0,12,Evac Area 2
5,Vessel 6,5,Safe Area 2 Harbor,Evac Area 2 Marina,153.6,165.6,165.6,168.6,25.0,0,None
6,Vessel 6,6,Evac Area 2 Marina,Safe Area 2 Harbor,168.6,180.6,180.6,183.6,25.0,12,Evac Area 2
7,Vessel 6,7,Safe Area 2 Harbor,Evac Area 2 Marina,183.6,195.6,195.6,198.6,25.0,0,None
8,Vessel 6,8,Evac Area 2 Marina,Safe Area 2 Harbor,198.6,210.6,210.6,213.6,25.0,12,Evac Area 2
9,Vessel 6,9,Safe Area 2 Harbor,Evac Area 4 Beach,213.6,231.84,231.84,234.84,25.0,0,None
10,Vessel 6,10,Evac Area 4 Beach,Safe Area 3 Marina,234.84,252.84,252.84,255.84,25.0,12,Evac Area 4
11,Vessel 6,11,Safe Area 3 Marina,Evac Area 3 Dock,255.84,266.64,266.64,269.64,25.0,0,None
12,Vessel 6,12,Evac Area 3 Dock,Safe Area 3 Marina,269.64,280.44000000000005,280.44000000000005,283.44000000000005,25.0,12,Evac Area 3
