segment_id,resource_id,route_segment_id,origin,destination,route_start_time,route_end_time,load_start_time,load_end_time,resource_speed,evacuees,evacuated_location
1,Vessel 1,1,Safe Area 1 Terminal,Evac Area 1 Ferry Terminal,10.0,24.0,24.0,34.0,12.0,0,None
2,Vessel 1,2,Evac Area 1 Ferry Terminal,Safe Area 1 Terminal,34.0,48.0,48.0,58.0,12.0,143,Evac Area 1
1,Vessel 2,1,Safe Area 2 Harbor,Evac Area 4 Dock,10.0,28.24,28.24,31.24,25.0,0,None
2,Vessel 2,2,Evac Area 4 Dock,Safe Area 3 Marina,31.24,49.24,49.24,52.24,25.0,12,Evac Area 4
1,Vessel 2,1,Safe Area 3 Marina,Evac Area 3 Dock,52.24,63.04,63.04,66.03999999999999,25.0,0,None
2,Vessel 2,2,Evac Area 3 Dock,Safe Area 3 Marina,66.03999999999999,76.84,76.84,79.84,25.0,12,Evac Area 3
1,Vessel 3,1,Safe Area 3 Marina,Evac Area 3 Dock,60.0,70.8,70.8,73.8,25.0,0,None
2,Vessel 3,2,Evac Area 3 Dock,Safe Area 3 Marina,73.8,84.6,84.6,87.6,25.0,12,Evac Area 3
1,Vessel 4,1,Safe Area 1 Terminal,Evac Area 3 Dock,10.0,22.0,22.0,27.0,25.0,0,None
2,Vessel 4,2,Evac Area 3 Dock,Safe Area 3 Marina,27.0,37.8,37.8,42.8,25.0,38,Evac Area 3
1,Vessel 4,1,Safe Area 3 Marina,Evac Area 3 Dock,42.8,53.6,53.6,58.6,25.0,0,None
2,Vessel 4,2,Evac Area 3 Dock,Safe Area 3 Marina,58.6,69.39999999999999,69.39999999999999,74.39999999999999,25.0,35,Evac Area 3
1,Vessel 5,1,Safe Area 1 Terminal,Evac Area 3 Dock,30.0,46.66666666666667,46.66666666666667,56.66666666666667,18.0,0,None
2,Vessel 5,2,Evac Area 3 Dock,Safe Area 3 Marina,56.66666666666667,71.66666666666667,71.66666666666667,81.66666666666667,18.0,120,Evac Area 3
1,Vessel 6,1,Safe Area 1 Terminal,Evac Area 3 Dock,30.0,42.0,42.0,45.0,25.0,0,None
2,Vessel 6,2,Evac Area 3 Dock,Safe Area 3 Marina,45.0,55.8,55.8,58.8,25.0,12,Evac Area 3
1,Vessel 6,1,Safe Area 3 Marina,Evac Area 3 Dock,58.8,69.6,69.6,72.6,25.0,0,None
2,Vessel 6,2,Evac Area 3 Dock,Safe Area 3 Marina,72.6,83.39999999999999,83.39999999999999,86.39999999999999,25.0,12,Evac Area 3
1,Vessel 2,1,Safe Area 3 Marina,Evac Area 4 Beach,79.84,97.84,97.84,100.84,25.0,0,None
2,Vessel 2,2,Evac Area 4 Beach,Safe Area 1 Terminal,100.84,122.44,122.44,125.44,25.0,12,Evac Area 4
3,Vessel 2,3,Safe Area 1 Terminal,Evac Area 2 Marina,125.44,149.44,149.44,152.44,25.0,0,None
4,Vessel 2,4,Evac Area 2 Marina,Safe Area 1 Terminal,152.44,176.44,176.44,179.44,25.0,12,Evac Area 2
5,Vessel 2,5,Safe Area 1 Terminal,Evac Area 3 Dock,179.44,191.44,191.44,194.44,25.0,0,None
6,Vessel 2,6,Evac Area 3 Dock,Safe Area 3 Marina,194.44,205.24,205.24,208.24,25.0,12,Evac Area 3
7,Vessel 2,7,Safe Area 3 Marina,Evac Area 4 Beach,208.24,226.24,226.24,229.24,25.0,0,None
8,Vessel 2,8,Evac Area 4 Beach,Safe Area 2 Harbor,229.24,247.48000000000002,247.48000000000002,250.48000000000002,25.0,12,Evac Area 4
9,Vessel 2,9,Safe Area 2 Harbor,Evac Area 2 Marina,250.48000000000002,262.48,262.48,265.48,25.0,0,None
10,Vessel 2,10,Evac Area 2 Marina,Safe Area 2 Harbor,265.48,277.48,277.48,280.48,25.0,12,Evac Area 2
11,Vessel 2,11,Safe Area 2 Harbor,Evac Area 4 Dock,280.48,298.72,298.72,301.72,25.0,0,None
12,Vessel 2,12,Evac Area 4 Dock,Safe Area 3 Marina,301.72,319.72,319.72,322.72,25.0,12,Evac Area 4
13,Vessel 2,13,Safe Area 3 Marina,Evac Area 3 Dock,322.72,333.52000000000004,333.52000000000004,336.52000000000004,25.0,0,None
14,Vessel 2,14,Evac Area 3 Dock,Safe Area 3 Marina,336.52000000000004,347.32000000000005,347.32000000000005,350.32000000000005,25.0,12,Evac Area 3
15,Vessel 2,15,Safe Area 3 Marina,Evac Area 3 Dock,350.32000000000005,361.12000000000006,361.12000000000006,364.12000000000006,25.0,0,None
16,Vessel 2,16,Evac Area 3 Dock,Safe Area 3 Marina,364.12000000000006,374.9200000000001,374.9200000000001,377.9200000000001,25.0,12,Evac Area 3
17,Vessel 2,17,Safe Area 3 Marina,Evac Area 3 Dock,377.9200000000001,388.7200000000001,388.7200000000001,391.7200000000001,25.0,0,None
18,Vessel 2,18,Evac Area 3 Dock,Safe Area 3 Marina,391.7200000000001,402.5200000000001,402.5200000000001,405.5200000000001,25.0,12,Evac Area 3
19,Vessel 2,19,Safe Area 3 Marina,Evac Area 3 Dock,405.5200000000001,416.3200000000001,416.3200000000001,419.3200000000001,25.0,0,None
20,Vessel 2,20,Evac Area 3 Dock,Safe Area 3 Marina,419.3200000000001,430.1200000000001,430.1200000000001,433.1200000000001,25.0,12,Evac Area 3
21,Vessel 2,21,Safe Area 3 Marina,Evac Area 4 Beach,433.1200000000001,451.1200000000001,451.1200000000001,454.1200000000001,25.0,0,None
22,Vessel 2,22,Evac Area 4 Beach,Safe Area 2 Harbor,454.1200000000001,472.3600000000001,472.3600000000001,475.3600000000001,25.0,5,Evac Area 4
1,Vessel 3,1,Safe Area 3 Marina,Evac Area 3 Dock,87.6,98.39999999999999,98.39999999999999,101.39999999999999,25.0,0,None
2,Vessel 3,2,Evac Area 3 Dock,Safe Area 3 Marina,101.39999999999999,112.19999999999999,112.19999999999999,115.19999999999999,25.0,12,Evac Area 3
3,Vessel 3,3,Safe Area 3 Marina,Evac Area 2 Marina,115.19999999999999,132.0,132.0,135.0,25.0,0,None
4,Vessel 3,4,Evac Area 2 Marina,Safe Area 2 Harbor,135.0,147.0,147.0,150.0,25.0,12,Evac Area 2
5,Vessel 3,5,Safe Area 2 Harbor,Evac Area 4 Dock,150.0,168.23999999999998,168.23999999999998,171.23999999999998,25.0,0,None
6,Vessel 3,6,Evac Area 4 Dock,Safe Area 2 Harbor,171.23999999999998,189.48,189.48,192.48,25.0,12,Evac Area 4
7,Vessel 3,7,Safe Area 2 Harbor,Evac Area 2 Marina,192.48,204.48,204.48,207.48,25.0,0,None
8,Vessel 3,8,Evac Area 2 Marina,Safe Area 2 Harbor,207.48,219.48,219.48,222.48,25.0,12,Evac Area 2
9,Vessel 3,9,Safe Area 2 Harbor,Evac Area 2 Marina,222.48,234.48,234.48,237.48,25.0,0,None
10,Vessel 3,10,Evac Area 2 Marina,Safe Area 2 Harbor,237.48,249.48,249.48,252.48,25.0,12,Evac Area 2
11,Vessel 3,11,Safe Area 2 Harbor,Evac Area 2 Marina,252.48,264.48,264.48,267.48,25.0,0,None
12,Vessel 3,12,Evac Area 2 Marina,Safe Area 2 Harbor,267.48,279.48,279.48,282.48,25.0,12,Evac Area 2
13,Vessel 3,13,Safe Area 2 Harbor,Evac Area 3 Dock,282.48,301.67999999999995,301.67999999999995,304.67999999999995,25.0,0,None
14,Vessel 3,14,Evac Area 3 Dock,Safe Area 3 Marina,304.67999999999995,315.48,315.48,318.48,25.0,12,Evac Area 3
15,Vessel 3,15,Safe Area 3 Marina,Evac Area 3 Dock,318.48,329.28000000000003,329.28000000000003,332.28000000000003,25.0,0,None
16,Vessel 3,16,Evac Area 3 Dock,Safe Area 3 Marina,332.28000000000003,343.08000000000004,343.08000000000004,346.08000000000004,25.0,12,Evac Area 3
17,Vessel 3,17,Safe Area 3 Marina,Evac Area 3 Dock,346.08000000000004,356.88000000000005,356.88000000000005,359.88000000000005,25.0,0,None
18,Vessel 3,18,Evac Area 3 Dock,Safe Area 3 Marina,359.88000000000005,370.68000000000006,370.68000000000006,373.68000000000006,25.0,12,Evac Area 3
19,Vessel 3,19,Safe Area 3 Marina,Evac Area 2 Marina,373.68000000000006,390.4800000000001,390.4800000000001,393.4800000000001,25.0,0,None
20,Vessel 3,20,Evac Area 2 Marina,Safe Area 2 Harbor,393.4800000000001,405.4800000000001,405.4800000000001,408.4800000000001,25.0,12,Evac Area 2
21,Vessel 3,21,Safe Area 2 Harbor,Evac Area 2 Marina,408.4800000000001,420.4800000000001,420.4800000000001,423.4800000000001,25.0,0,None
22,Vessel 3,22,Evac Area 2 Marina,Safe Area 2 Harbor,423.4800000000001,435.4800000000001,435.4800000000001,438.4800000000001,25.0,12,Evac Area 2
1,Vessel 4,1,Safe Area 3 Marina,Evac Area 3 Dock,74.39999999999999,85.19999999999999,85.19999999999999,90.19999999999999,25.0,0,None
2,Vessel 4,2,Evac Area 3 Dock,Safe Area 3 Marina,90.19999999999999,100.99999999999999,100.99999999999999,105.99999999999999,25.0,38,Evac Area 3
3,Vessel 4,3,Safe Area 3 Marina,Evac Area 3 Dock,105.99999999999999,116.79999999999998,116.79999999999998,121.79999999999998,25.0,0,None
4,Vessel 4,4,Evac Area 3 Dock,Safe Area 3 Marina,121.79999999999998,132.59999999999997,132.59999999999997,137.59999999999997,25.0,38,Evac Area 3
5,Vessel 4,5,Safe Area 3 Marina,Evac Area 3 Dock,137.59999999999997,148.39999999999998,148.39999999999998,153.39999999999998,25.0,0,None
6,Vessel 4,6,Evac Area 3 Dock,Safe Area 3 Marina,153.39999999999998,164.2,164.2,169.2,25.0,38,Evac Area 3
7,Vessel 4,7,Safe Area 3 Marina,Evac Area 3 Dock,169.2,179.99999999999997,179.99999999999997,184.99999999999997,25.0,0,None
8,Vessel 4,8,Evac Area 3 Dock,Safe Area 3 Marina,184.99999999999997,195.79999999999998,195.79999999999998,200.79999999999998,25.0,38,Evac Area 3
9,Vessel 4,9,Safe Area 3 Marina,Evac Area 2 Marina,200.79999999999998,217.6,217.6,222.6,25.0,0,None
10,Vessel 4,10,Evac Area 2 Marina,Safe Area 2 Harbor,222.6,234.6,234.6,239.6,25.0,38,Evac Area 2
11,Vessel 4,11,Safe Area 2 Harbor,Evac Area 2 Marina,239.6,251.6,251.6,256.6,25.0,0,None
12,Vessel 4,12,Evac Area 2 Marina,Safe Area 2 Harbor,256.6,268.6,268.6,273.6,25.0,38,Evac Area 2
13,Vessel 4,13,Safe Area 2 Harbor,Evac Area 2 Marina,273.6,285.6,285.6,290.6,25.0,0,None
14,Vessel 4,14,Evac Area 2 Marina,Safe Area 2 Harbor,290.6,302.6,302.6,307.6,25.0,37,Evac Area 2
15,Vessel 4,15,Safe Area 2 Harbor,Evac Area 2 Marina,307.6,319.6,319.6,324.6,25.0,0,None
16,Vessel 4,16,Evac Area 2 Marina,Safe Area 2 Harbor,324.6,336.6,336.6,341.6,25.0,38,Evac Area 2
17,Vessel 4,17,Safe Area 2 Harbor,Evac Area 2 Marina,341.6,353.6,353.6,358.6,25.0,0,None
18,Vessel 4,18,Evac Area 2 Marina,Safe Area 2 Harbor,358.6,370.6,370.6,375.6,25.0,38,Evac Area 2
19,Vessel 4,19,Safe Area 2 Harbor,Evac Area 2 Marina,375.6,387.6,387.6,392.6,25.0,0,None
20,Vessel 4,20,Evac Area 2 Marina,Safe Area 2 Harbor,392.6,404.6,404.6,409.6,25.0,38,Evac Area 2
21,Vessel 4,21,Safe Area 2 Harbor,Evac Area 2 Marina,409.6,421.6,421.6,426.6,25.0,0,None
22,Vessel 4,22,Evac Area 2 Marina,Safe Area 2 Harbor,426.6,438.6,438.6,443.6,25.0,38,Evac Area 2
23,Vessel 4,23,Safe Area 2 Harbor,Evac Area 2 Marina,443.6,455.6,455.6,460.6,25.0,0,None
24,Vessel 4,24,Evac Area 2 Marina,Safe Area 2 Harbor,460.6,472.6,472.6,477.6,25.0,38,Evac Area 2
1,Vessel 5,1,Safe Area 3 Marina,Evac Area 3 Dock,81.66666666666667,96.66666666666667,96.66666666666667,106.66666666666667,18.0,0,None
2,Vessel 5,2,Evac Area 3 Dock,Safe Area 3 Marina,106.66666666666667,121.66666666666667,121.66666666666667,131.66666666666669,18.0,120,Evac Area 3
3,Vessel 5,3,Safe Area 3 Marina,Evac Area 3 Dock,131.66666666666669,146.66666666666669,146.66666666666669,156.66666666666669,18.0,0,None
4,Vessel 5,4,Evac Area 3 Dock,Safe Area 3 Marina,156.66666666666669,171.66666666666669,171.66666666666669,181.66666666666669,18.0,120,Evac Area 3
5,Vessel 5,5,Safe Area 3 Marina,Evac Area 3 Dock,181.66666666666669,196.66666666666669,196.66666666666669,206.66666666666669,18.0,0,None
6,Vessel 5,6,Evac Area 3 Dock,Safe Area 3 Marina,206.66666666666669,221.66666666666669,221.66666666666669,231.66666666666669,18.0,120,Evac Area 3
7,Vessel 5,7,Safe Area 3 Marina,Evac Area 3 Dock,231.66666666666669,246.66666666666669,246.66666666666669,256.6666666666667,18.0,0,None
8,Vessel 5,8,Evac Area 3 Dock,Safe Area 3 Marina,256.6666666666667,271.6666666666667,271.6666666666667,281.6666666666667,18.0,120,Evac Area 3
9,Vessel 5,9,Safe Area 3 Marina,Evac Area 3 Dock,281.6666666666667,296.6666666666667,296.6666666666667,306.6666666666667,18.0,0,None
10,Vessel 5,10,Evac Area 3 Dock,Safe Area 3 Marina,306.6666666666667,321.6666666666667,321.6666666666667,331.6666666666667,18.0,120,Evac Area 3
11,Vessel 5,11,Safe Area 3 Marina,Evac Area 3 Dock,331.6666666666667,346.6666666666667,346.6666666666667,356.6666666666667,18.0,0,None
12,Vessel 5,12,Evac Area 3 Dock,Safe Area 3 Marina,356.6666666666667,371.6666666666667,371.6666666666667,381.6666666666667,18.0,120,Evac Area 3
13,Vessel 5,13,Safe Area 3 Marina,Evac Area 3 Dock,381.6666666666667,396.6666666666667,396.6666666666667,406.6666666666667,18.0,0,None
14,Vessel 5,14,Evac Area 3 Dock,Safe Area 3 Marina,406.6666666666667,421.6666666666667,421.6666666666667,431.6666666666667,18.0,118,Evac Area 3
15,Vessel 5,15,Safe Area 3 Marina,Evac Area 3 Dock,431.6666666666667,446.6666666666667,446.6666666666667,456.6666666666667,18.0,0,None
16,Vessel 5,16,Evac Area 3 Dock,Safe Area 3 Marina,456.6666666666667,471.6666666666667,471.6666666666667,481.6666666666667,18.0,120,Evac Area 3
1,Vessel 6,1,Safe Area 3 Marina,Evac Area 4 Dock,86.39999999999999,104.39999999999999,104.39999999999999,107.39999999999999,25.0,0,None
2,Vessel 6,2,Evac Area 4 Dock,Safe Area 2 Harbor,107.39999999999999,125.63999999999999,125.63999999999999,128.64,25.0,12,Evac Area 4
3,Vessel 6,3,Safe Area 2 Harbor,Evac Area 2 Marina,128.64,140.64,140.64,143.64,25.0,0,None
4,Vessel 6,4,Evac Area 2 Marina,Safe Area 2 Harbor,143.64,155.64,155.64,158.64,25.0,12,Evac Area 2
5,Vessel 6,5,Safe Area 2 Harbor,Evac Area 4 Beach,158.64,176.88,176.88,179.88,25.0,0,None
6,Vessel 6,6,Evac Area 4 Beach,Safe Area 2 Harbor,179.88,198.11999999999998,198.11999999999998,201.11999999999998,25.0,12,Evac Area 4
7,Vessel 6,7,Safe Area 2 Harbor,Evac Area 2 Marina,201.11999999999998,213.11999999999998,213.11999999999998,216.11999999999998,25.0,0,None
8,Vessel 6,8,Evac Area 2 Marina,Safe Area 2 Harbor,216.11999999999998,228.11999999999998,228.11999999999998,231.11999999999998,25.0,12,Evac Area 2
9,Vessel 6,9,Safe Area 2 Harbor,Evac Area 2 Marina,231.11999999999998,243.11999999999998,243.11999999999998,246.11999999999998,25.0,0,None
10,Vessel 6,10,Evac Area 2 Marina,Safe Area 2 Harbor,246.11999999999998,258.12,258.12,261.12,25.0,12,Evac Area 2
11,Vessel 6,11,Safe Area 2 Harbor,Evac Area 2 Marina,261.12,273.12,273.12,276.12,25.0,0,None
12,Vessel 6,12,Evac Area 2 Marina,Safe Area 2 Harbor,276.12,288.12,288.12,291.12,25.0,12,Evac Area 2
13,Vessel 6,13,Safe Area 2 Harbor,Evac Area 2 Marina,291.12,303.12,303.12,306.12,25.0,0,None
14,Vessel 6,14,Evac Area 2 Marina,Safe Area 2 Harbor,306.12,318.12,318.12,321.12,25.0,12,Evac Area 2
15,Vessel 6,15,Safe Area 2 Harbor,Evac Area 2 Marina,321.12,333.12,333.12,336.12,25.0,0,None
16,Vessel 6,16,Evac Area 2 Marina,Safe Area 2 Harbor,336.12,348.12,348.12,351.12,25.0,12,Evac Area 2
17,Vessel 6,17,Safe Area 2 Harbor,Evac Area 4 Beach,351.12,369.36,369.36,372.36,25.0,0,None
18,Vessel 6,18,Evac Area 4 Beach,Safe Area 3 Marina,372.36,390.36,390.36,393.36,25.0,12,Evac Area 4
19,Vessel 6,19,Safe Area 3 Marina,Evac Area 3 Dock,393.36,404.16,404.16,407.16,25.0,0,None
20,Vessel 6,20,Evac Area 3 Dock,Safe Area 3 Marina,407.16,417.96000000000004,417.96000000000004,420.96000000000004,25.0,12,Evac Area 3
