segment_id,resource_id,route_segment_id,origin,destination,route_start_time,route_end_time,load_start_time,load_end_time,resource_speed,evacuees,evacuated_location
1,Vessel 1,1,Safe Area 1 Terminal,Evac Area 1 Ferry Terminal,10.0,24.0,24.0,34.0,12.0,0,None
2,Vessel 1,2,Evac Area 1 Ferry Terminal,Safe Area 1 Terminal,34.0,48.0,48.0,58.0,12.0,143,Evac Area 1
1,Vessel 2,1,Safe Area 2 Harbor,Evac Area 4 Dock,10.0,28.239999999999995,28.239999999999995,31.239999999999995,25.0,0,None
2,Vessel 2,2,Evac Area 4 Dock,Safe Area 3 Marina,31.239999999999995,49.24,49.24,52.24,25.0,12,Evac Area 4
1,Vessel 2,1,Safe Area 3 Marina,Evac Area 3 Dock,52.24,63.04,63.04,66.03999999999999,25.0,0,None
2,Vessel 2,2,Evac Area 3 Dock,Safe Area 3 Marina,66.03999999999999,76.84,76.84,79.84,25.0,12,Evac Area 3
1,Vessel 2,1,Safe Area 3 Marina,Evac Area 3 Dock,79.84,90.64,90.64,93.64,25.0,0,None
2,Vessel 2,2,Evac Area 3 Dock,Safe Area 3 Marina,93.64,104.44,104.44,107.44,25.0,12,Evac Area 3
1,Vessel 3,1,Safe Area 3 Marina,Evac Area 3 Dock,60.0,70.8,70.8,73.8,25.0,0,None
2,Vessel 3,2,Evac Area 3 Dock,Safe Area 3 Marina,73.8,84.6,84.6,87.6,25.0,12,Evac Area 3
1,Vessel 3,1,Safe Area 3 Marina,Evac Area 2 Marina,87.6,104.4,104.4,107.4,25.0,0,None
2,Vessel 3,2,Evac Area 2 Marina,Safe Area 2 Harbor,107.4,119.4,119.4,122.4,25.0,12,Evac Area 2
1,Vessel 4,1,Safe Area 1 Terminal,Evac Area 3 Dock,10.0,22.0,22.0,27.0,25.0,0,None
2,Vessel 4,2,Evac Area 3 Dock,Safe Area 3 Marina,27.0,37.8,37.8,42.8,25.0,38,Evac Area 3
1,Vessel 4,1,Safe Area 3 Marina,Evac Area 3 Dock,42.8,53.6,53.6,58.6,25.0,0,None
2,Vessel 4,2,Evac Area 3 Dock,Safe Area 3 Marina,58.6,69.39999999999999,69.39999999999999,74.39999999999999,25.0,35,Evac Area 3
1,Vessel 4,1,Safe Area 3 Marina,Evac Area 3 Dock,74.39999999999999,85.19999999999999,85.19999999999999,90.2,25.0,0,None
2,Vessel 4,2,Evac Area 3 Dock,Safe Area 3 Marina,90.2,101.0,101.0,106.0,25.0,38,Evac Area 3
1,Vessel 5,1,Safe Area 1 Terminal,Evac Area 3 Dock,30.0,46.66666666666667,46.66666666666667,56.66666666666667,18.0,0,None
2,Vessel 5,2,Evac Area 3 Dock,Safe Area 3 Marina,56.66666666666667,71.66666666666667,71.66666666666667,81.66666666666667,18.0,120,Evac Area 3
1,Vessel 5,1,Safe Area 3 Marina,Evac Area 3 Dock,81.66666666666667,96.66666666666669,96.66666666666669,106.66666666666669,18.0,0,None
2,Vessel 5,2,Evac Area 3 Dock,Safe Area 3 Marina,106.66666666666669,121.66666666666669,121.66666666666669,131.66666666666669,18.0,120,Evac Area 3
1,Vessel 6,1,Safe Area 1 Terminal,Evac Area 3 Dock,30.0,42.0,42.0,45.0,25.0,0,None
2,Vessel 6,2,Evac Area 3 Dock,Safe Area 3 Marina,45.0,55.8,55.8,58.8,25.0,12,Evac Area 3
1,Vessel 6,1,Safe Area 3 Marina,Evac Area 3 Dock,58.8,69.6,69.6,72.6,25.0,0,None
2,Vessel 6,2,Evac Area 3 Dock,Safe Area 3 Marina,72.6,83.39999999999999,83.39999999999999,86.39999999999999,25.0,12,Evac Area 3
1,Vessel 6,1,Safe Area 3 Marina,Evac Area 4 Dock,86.39999999999999,104.4,104.4,107.4,25.0,0,None
2,Vessel 6,2,Evac Area 4 Dock,Safe Area 2 Harbor,107.4,125.64,125.64,128.64,25.0,12,Evac Area 4
1,Vessel 2,1,Safe Area 3 Marina,Evac Area 3 Dock,107.44,118.24,118.24,121.24,25.0,0,None
2,Vessel 2,2,Evac Area 3 Dock,Safe Area 3 Marina,121.24,132.04,132.04,135.04,25.0,12,Evac Area 3
3,Vessel 2,3,Safe Area 3 Marina,Evac Area 3 Dock,135.04,145.83999999999997,145.83999999999997,148.83999999999997,25.0,0,None
4,Vessel 2,4,Evac Area 3 Dock,Safe Area 3 Marina,148.83999999999997,159.64,159.64,162.64,25.0,12,Evac Area 3
5,Vessel 2,5,Safe Area 3 Marina,Evac Area 2 Marina,162.64,179.44,179.44,182.44,25.0,0,None
6,Vessel 2,6,Evac Area 2 Marina,Safe Area 2 Harbor,182.44,194.44,194.44,197.44,25.0,12,Evac Area 2
7,Vessel 2,7,Safe Area 2 Harbor,Evac Area 2 Marina,197.44,209.44,209.44,212.44,25.0,0,None
8,Vessel 2,8,Evac Area 2 Marina,Safe Area 2 Harbor,212.44,224.44,224.44,227.44,25.0,12,Evac Area 2
9,Vessel 2,9,Safe Area 2 Harbor,Evac Area 2 Marina,227.44,239.44,239.44,242.44,25.0,0,None
10,Vessel 2,10,Evac Area 2 Marina,Safe Area 2 Harbor,242.44,254.44,254.44,257.44,25.0,12,Evac Area 2
11,Vessel 2,11,Safe Area 2 Harbor,Evac Area 2 Marina,257.44,269.44,269.44,272.44,25.0,0,None
12,Vessel 2,12,Evac Area 2 Marina,Safe Area 2 Harbor,272.44,284.44,284.44,287.44,25.0,12,Evac Area 2
13,Vessel 2,13,Safe Area 2 Harbor,Evac Area 4 Beach,287.44,305.68,305.68,308.68,25.0,0,None
14,Vessel 2,14,Evac Area 4 Beach,Safe Area 3 Marina,308.68,326.68,326.68,329.68,25.0,8,Evac Area 4
1,Vessel 3,1,Safe Area 2 Harbor,Evac Area 2 Marina,122.4,134.4,134.4,137.4,25.0,0,None
2,Vessel 3,2,Evac Area 2 Marina,Safe Area 2 Harbor,137.4,149.4,149.4,152.4,25.0,12,Evac Area 2
3,Vessel 3,3,Safe Area 2 Harbor,Evac Area 2 Marina,152.4,164.4,164.4,167.4,25.0,0,None
4,Vessel 3,4,Evac Area 2 Marina,Safe Area 2 Harbor,167.4,179.4,179.4,182.4,25.0,12,Evac Area 2
5,Vessel 3,5,Safe Area 2 Harbor,Evac Area 2 Marina,182.4,194.4,194.4,197.4,25.0,0,None
6,Vessel 3,6,Evac Area 2 Marina,Safe Area 2 Harbor,197.4,209.4,209.4,212.4,25.0,12,Evac Area 2
7,Vessel 3,7,Safe Area 2 Harbor,Evac Area 2 Marina,212.4,224.4,224.4,227.4,25.0,0,None
8,Vessel 3,8,Evac Area 2 Marina,Safe Area 2 Harbor,227.4,239.4,239.4,242.4,25.0,12,Evac Area 2
9,Vessel 3,9,Safe Area 2 Harbor,Evac Area 2 Marina,242.4,254.4,254.4,257.4,25.0,0,None
10,Vessel 3,10,Evac Area 2 Marina,Safe Area 2 Harbor,257.4,269.4,269.4,272.4,25.0,12,Evac Area 2
11,Vessel 3,11,Safe Area 2 Harbor,Evac Area 2 Marina,272.4,284.4,284.4,287.4,25.0,0,None
12,Vessel 3,12,Evac Area 2 Marina,Safe Area 2 Harbor,287.4,299.4,299.4,302.4,25.0,12,Evac Area 2
13,Vessel 3,13,Safe Area 2 Harbor,Evac Area 4 Beach,302.4,320.64,320.64,323.64,25.0,0,None
14,Vessel 3,14,Evac Area 4 Beach,Safe Area 2 Harbor,323.64,341.88,341.88,344.88,25.0,12,Evac Area 4
1,Vessel 4,1,Safe Area 3 Marina,Evac Area 2 Marina,106.0,122.8,122.8,127.8,25.0,0,None
2,Vessel 4,2,Evac Area 2 Marina,Safe Area 2 Harbor,127.8,139.8,139.8,144.8,25.0,38,Evac Area 2
3,Vessel 4,3,Safe Area 2 Harbor,Evac Area 2 Marina,144.8,156.8,156.8,161.8,25.0,0,None
4,Vessel 4,4,Evac Area 2 Marina,Safe Area 2 Harbor,161.8,173.8,173.8,178.8,25.0,38,Evac Area 2
5,Vessel 4,5,Safe Area 2 Harbor,Evac Area 2 Marina,178.8,190.8,190.8,195.8,25.0,0,None
6,Vessel 4,6,Evac Area 2 Marina,Safe Area 2 Harbor,195.8,207.8,207.8,212.8,25.0,38,Evac Area 2
7,Vessel 4,7,Safe Area 2 Harbor,Evac Area 2 Marina,212.8,224.8,224.8,229.8,25.0,0,None
8,Vessel 4,8,Evac Area 2 Marina,Safe Area 2 Harbor,229.8,241.8,241.8,246.8,25.0,38,Evac Area 2
9,Vessel 4,9,Safe Area 2 Harbor,Evac Area 2 Marina,246.8,258.8,258.8,263.8,25.0,0,None
10,Vessel 4,10,Evac Area 2 Marina,Safe Area 2 Harbor,263.8,275.8,275.8,280.8,25.0,38,Evac Area 2
11,Vessel 4,11,Safe Area 2 Harbor,Evac Area 2 Marina,280.8,292.8,292.8,297.8,25.0,0,None
12,Vessel 4,12,Evac Area 2 Marina,Safe Area 2 Harbor,297.8,309.8,309.8,314.8,25.0,38,Evac Area 2
1,Vessel 5,1,Safe Area 3 Marina,Evac Area 3 Dock,131.66666666666669,146.66666666666669,146.66666666666669,156.66666666666669,18.0,0,None
2,Vessel 5,2,Evac Area 3 Dock,Safe Area 1 Terminal,156.66666666666669,173.33333333333337,173.33333333333337,183.33333333333337,18.0,120,Evac Area 3
3,Vessel 5,3,Safe Area 1 Terminal,Evac Area 3 Dock,183.33333333333337,200.00000000000003,200.00000000000003,210.00000000000003,18.0,0,None
4,Vessel 5,4,Evac Area 3 Dock,Safe Area 3 Marina,210.00000000000003,225.00000000000003,225.00000000000003,235.00000000000003,18.0,118,Evac Area 3
5,Vessel 5,5,Safe Area 3 Marina,Evac Area 3 Dock,235.00000000000003,250.00000000000003,250.00000000000003,260.0,18.0,0,None
6,Vessel 5,6,Evac Area 3 Dock,Safe Area 3 Marina,260.0,275.0,275.0,285.0,18.0,120,Evac Area 3
7,Vessel 5,7,Safe Area 3 Marina,Evac Area 2 Marina,285.0,308.33333333333337,308.33333333333337,318.33333333333337,18.0,0,None
8,Vessel 5,8,Evac Area 2 Marina,Safe Area 2 Harbor,318.33333333333337,335.0,335.0,345.0,18.0,120,Evac Area 2
1,Vessel 6,1,Safe Area 2 Harbor,Evac Area 2 Marina,128.64,140.64,140.64,143.64,25.0,0,None
2,Vessel 6,2,Evac Area 2 Marina,Safe Area 2 Harbor,143.64,155.64,155.64,158.64,25.0,12,Evac Area 2
3,Vessel 6,3,Safe Area 2 Harbor,Evac Area 2 Marina,158.64,170.64,170.64,173.64,25.0,0,None
4,Vessel 6,4,Evac Area 2 Marina,Safe Area 2 Harbor,173.64,185.64,185.64,188.64,25.0,12,Evac Area 2
5,Vessel 6,5,Safe Area 2 Harbor,Evac Area 2 Marina,188.64,200.64,200.64,203.64,25.0,0,None
6,Vessel 6,6,Evac Area 2 Marina,Safe Area 2 Harbor,203.64,215.64,215.64,218.64,25.0,12,Evac Area 2
7,Vessel 6,7,Safe Area 2 Harbor,Evac Area 2 Marina,218.64,230.64,230.64,233.64,25.0,0,None
8,Vessel 6,8,Evac Area 2 Marina,Safe Area 2 Harbor,233.64,245.64,245.64,248.64,25.0,12,Evac Area 2
9,Vessel 6,9,Safe Area 2 Harbor,Evac Area 2 Marina,248.64,260.64,260.64,263.64,25.0,0,None
10,Vessel 6,10,Evac Area 2 Marina,Safe Area 2 Harbor,263.64,275.64,275.64,278.64,25.0,12,Evac Area 2
11,Vessel 6,11,Safe Area 2 Harbor,Evac Area 2 Marina,278.64,290.64,290.64,293.64,25.0,0,None
12,Vessel 6,12,Evac Area 2 Marina,Safe Area 2 Harbor,293.64,305.64,305.64,308.64,25.0,12,Evac Area 2
