segment_id,resource_id,route_segment_id,origin,destination,route_start_time,route_end_time,load_start_time,load_end_time,resource_speed,evacuees,evacuated_location
1,Vessel 1,1,Safe Area 1 Terminal,Evac Area 1 Ferry Terminal,10.0,24.0,24.0,34.0,12.0,0,None
2,Vessel 1,2,Evac Area 1 Ferry Terminal,Safe Area 1 Terminal,34.0,48.0,48.0,58.0,12.0,116,Evac Area 1
1,Vessel 1,1,Safe Area 1 Terminal,Evac Area 1 Ferry Terminal,58.0,72.0,72.0,82.0,12.0,0,None
2,Vessel 1,2,Evac Area 1 Ferry Terminal,Safe Area 1 Terminal,82.0,96.0,96.0,106.0,12.0,370,Evac Area 1
1,Vessel 2,1,Safe Area 2 Harbor,Evac Area 2 Marina,10.0,22.0,22.0,25.0,25.0,0,None
2,Vessel 2,2,Evac Area 2 Marina,Safe Area 3 Marina,25.0,41.8,41.8,44.8,25.0,12,Evac Area 2
1,Vessel 2,1,Safe Area 3 Marina,Evac Area 3 Dock,44.8,55.599999999999994,55.599999999999994,58.6,25.0,0,None
2,Vessel 2,2,Evac Area 3 Dock,Safe Area 3 Marina,58.6,69.39999999999999,69.39999999999999,72.39999999999999,25.0,4,Evac Area 3
1,Vessel 2,1,Safe Area 3 Marina,Evac Area 1 Marina,90.0,97.2,97.2,100.2,25.0,0,None
2,Vessel 2,2,Evac Area 1 Marina,Safe Area 1 Terminal,100.2,106.92,106.92,109.92,25.0,12,Evac Area 1
3,Vessel 2,3,Safe Area 1 Terminal,Evac Area 1 Marina,109.92,116.64,116.64,119.64,25.0,0,None
4,Vessel 2,4,Evac Area 1 Marina,Safe Area 1 Terminal,119.64,126.36,126.36,129.36,25.0,12,Evac Area 1
1,Vessel 3,1,Safe Area 3 Marina,Evac Area 2 Marina,60.0,76.8,76.8,79.8,25.0,0,None
2,Vessel 3,2,Evac Area 2 Marina,Safe Area 2 Harbor,79.8,91.8,91.8,94.8,25.0,12,Evac Area 2
1,Vessel 3,1,Safe Area 2 Harbor,Evac Area 3 Dock,94.8,114.0,114.0,117.0,25.0,0,None
2,Vessel 3,2,Evac Area 3 Dock,Safe Area 3 Marina,117.0,127.8,127.8,130.8,25.0,12,Evac Area 3
1,Vessel 4,1,Safe Area 1 Terminal,Evac Area 3 Dock,10.0,22.0,22.0,27.0,25.0,0,None
2,Vessel 4,2,Evac Area 3 Dock,Safe Area 3 Marina,27.0,37.8,37.8,42.8,25.0,35,Evac Area 3
1,Vessel 4,1,Safe Area 3 Marina,Evac Area 2 Marina,42.8,59.6,59.6,64.6,25.0,0,None
2,Vessel 4,2,Evac Area 2 Marina,Safe Area 2 Harbor,64.6,76.6,76.6,81.6,25.0,38,Evac Area 2
1,Vessel 4,1,Safe Area 2 Harbor,Evac Area 2 Marina,90.0,102.0,102.0,107.0,25.0,0,None
2,Vessel 4,2,Evac Area 2 Marina,Safe Area 3 Marina,107.0,123.8,123.8,128.8,25.0,20,Evac Area 2
1,Vessel 5,1,Safe Area 1 Terminal,Evac Area 2 Marina,30.0,63.333333333333336,63.333333333333336,73.33333333333334,18.0,0,None
2,Vessel 5,2,Evac Area 2 Marina,Safe Area 2 Harbor,73.33333333333334,90.00000000000001,90.00000000000001,100.0,18.0,120,Evac Area 2
1,Vessel 6,1,Safe Area 1 Terminal,Evac Area 2 Marina,30.0,54.0,54.0,57.0,25.0,0,None
2,Vessel 6,2,Evac Area 2 Marina,Safe Area 2 Harbor,57.0,69.0,69.0,72.0,25.0,12,Evac Area 2
1,Vessel 6,1,Safe Area 2 Harbor,Evac Area 4 Beach,72.0,90.24,90.24,93.24,25.0,0,None
2,Vessel 6,2,Evac Area 4 Beach,Safe Area 2 Harbor,93.24,111.48,111.48,114.48,25.0,11,Evac Area 4
1,Vessel 6,1,Safe Area 2 Harbor,Evac Area 3 Dock,114.48,133.68,133.68,136.68,25.0,0,None
2,Vessel 6,2,Evac Area 3 Dock,Safe Area 3 Marina,136.68,147.48000000000002,147.48000000000002,150.48000000000002,25.0,9,Evac Area 3
1,Vessel 1,1,Safe Area 1 Terminal,Evac Area 1 Ferry Terminal,120.0,134.0,134.0,144.0,12.0,0,None
2,Vessel 1,2,Evac Area 1 Ferry Terminal,Safe Area 1 Terminal,144.0,158.0,158.0,168.0,12.0,166,Evac Area 1
1,Vessel 2,1,Safe Area 1 Terminal,Evac Area 3 Dock,129.36,141.36,141.36,144.36,25.0,0,None
2,Vessel 2,2,Evac Area 3 Dock,Safe Area 3 Marina,144.36,155.16000000000003,155.16000000000003,158.16000000000003,25.0,10,Evac Area 3
3,Vessel 2,3,Safe Area 3 Marina,Evac Area 3 Dock,158.16000000000003,168.96,168.96,171.96,25.0,0,None
4,Vessel 2,4,Evac Area 3 Dock,Safe Area 3 Marina,171.96,182.76,182.76,185.76,25.0,12,Evac Area 3
1,Vessel 3,1,Safe Area 3 Marina,Evac Area 4 Dock,130.8,148.8,148.8,151.8,25.0,0,None
2,Vessel 3,2,Evac Area 4 Dock,Safe Area 2 Harbor,151.8,170.04000000000002,170.04000000000002,173.04000000000002,25.0,3,Evac Area 4
1,Vessel 4,1,Safe Area 3 Marina,Evac Area 2 Marina,128.8,145.60000000000002,145.60000000000002,150.60000000000002,25.0,0,None
2,Vessel 4,2,Evac Area 2 Marina,Safe Area 2 Harbor,150.60000000000002,162.60000000000002,162.60000000000002,167.60000000000002,25.0,32,Evac Area 2
3,Vessel 4,3,Safe Area 2 Harbor,Evac Area 2 Marina,167.60000000000002,179.60000000000002,179.60000000000002,184.60000000000002,25.0,0,None
4,Vessel 4,4,Evac Area 2 Marina,Safe Area 2 Harbor,184.60000000000002,196.60000000000002,196.60000000000002,201.60000000000002,25.0,32,Evac Area 2
1,Vessel 5,1,Safe Area 2 Harbor,Evac Area 2 Marina,120.0,136.66666666666666,136.66666666666666,146.66666666666666,18.0,0,None
2,Vessel 5,2,Evac Area 2 Marina,Safe Area 2 Harbor,146.66666666666666,163.33333333333334,163.33333333333334,173.33333333333334,18.0,120,Evac Area 2
3,Vessel 5,3,Safe Area 2 Harbor,Evac Area 2 Marina,173.33333333333334,190.0,190.0,200.0,18.0,0,None
4,Vessel 5,4,Evac Area 2 Marina,Safe Area 2 Harbor,200.0,216.66666666666669,216.66666666666669,226.66666666666669,18.0,120,Evac Area 2
1,Vessel 6,1,Safe Area 3 Marina,Evac Area 4 Beach,150.48000000000002,168.48000000000002,168.48000000000002,171.48000000000002,25.0,0,None
2,Vessel 6,2,Evac Area 4 Beach,Safe Area 3 Marina,171.48000000000002,189.48000000000002,189.48000000000002,192.48000000000002,25.0,12,Evac Area 4
