segment_id,resource_id,route_segment_id,origin,destination,route_start_time,route_end_time,load_start_time,load_end_time,resource_speed,evacuees,evacuated_location
1,Vessel 1,1,Safe Area 1 Terminal,Evac Area 1 Ferry Terminal,10.0,24.0,24.0,34.0,12.0,0,None
2,Vessel 1,2,Evac Area 1 Ferry Terminal,Safe Area 1 Terminal,34.0,48.0,48.0,58.0,12.0,63,Evac Area 1
1,Vessel 2,1,Safe Area 2 Harbor,Evac Area 2 Marina,10.0,22.0,22.0,25.0,25.0,0,None
2,Vessel 2,2,Evac Area 2 Marina,Safe Area 2 Harbor,25.0,37.0,37.0,40.0,25.0,12,Evac Area 2
1,Vessel 2,1,Safe Area 2 Harbor,Evac Area 2 Marina,40.0,52.0,52.0,55.0,25.0,0,None
2,Vessel 2,2,Evac Area 2 Marina,Safe Area 2 Harbor,55.0,67.0,67.0,70.0,25.0,12,Evac Area 2
1,Vessel 2,1,Safe Area 2 Harbor,Evac Area 2 Marina,70.0,82.0,82.0,85.0,25.0,0,None
2,Vessel 2,2,Evac Area 2 Marina,Safe Area 3 Marina,85.0,101.8,101.8,104.8,25.0,12,Evac Area 2
1,Vessel 2,1,Safe Area 3 Marina,Evac Area 3 Dock,104.8,115.6,115.6,118.6,25.0,0,None
2,Vessel 2,2,Evac Area 3 Dock,Safe Area 3 Marina,118.6,129.39999999999998,129.39999999999998,132.39999999999998,25.0,12,Evac Area 3
1,Vessel 3,1,Safe Area 3 Marina,Evac Area 2 Marina,60.0,76.8,76.8,79.8,25.0,0,None
2,Vessel 3,2,Evac Area 2 Marina,Safe Area 2 Harbor,79.8,91.8,91.8,94.8,25.0,12,Evac Area 2
1,Vessel 3,1,Safe Area 2 Harbor,Evac Area 2 Marina,94.8,106.8,106.8,109.8,25.0,0,None
2,Vessel 3,2,Evac Area 2 Marina,Safe Area 2 Harbor,109.8,121.8,121.8,124.8,25.0,12,Evac Area 2
1,Vessel 4,1,Safe Area 1 Terminal,Evac Area 3 Dock,10.0,22.0,22.0,27.0,25.0,0,None
2,Vessel 4,2,Evac Area 3 Dock,Safe Area 3 Marina,27.0,37.8,37.8,42.8,25.0,38,Evac Area 3
1,Vessel 4,1,Safe Area 3 Marina,Evac Area 4 Dock,42.8,60.8,60.8,65.8,25.0,0,None
2,Vessel 4,2,Evac Area 4 Dock,Safe Area 2 Harbor,65.8,84.03999999999999,84.03999999999999,89.03999999999999,25.0,38,Evac Area 4
1,Vessel 4,1,Safe Area 2 Harbor,Evac Area 2 Marina,89.03999999999999,101.04,101.04,106.04,25.0,0,None
2,Vessel 4,2,Evac Area 2 Marina,Safe Area 2 Harbor,106.04,118.04,118.04,123.04,25.0,37,Evac Area 2
1,Vessel 5,1,Safe Area 1 Terminal,Evac Area 3 Dock,30.0,46.66666666666667,46.66666666666667,56.66666666666667,18.0,0,None
2,Vessel 5,2,Evac Area 3 Dock,Safe Area 3 Marina,56.66666666666667,71.66666666666667,71.66666666666667,81.66666666666667,18.0,120,Evac Area 3
1,Vessel 5,1,Safe Area 3 Marina,Evac Area 4 Dock,81.66666666666667,106.66666666666669,106.66666666666669,116.66666666666669,18.0,0,None
2,Vessel 5,2,Evac Area 4 Dock,Safe Area 3 Marina,116.66666666666669,141.66666666666669,141.66666666666669,151.66666666666669,18.0,120,Evac Area 4
1,Vessel 6,1,Safe Area 1 Terminal,Evac Area 3 Dock,30.0,42.0,42.0,45.0,25.0,0,None
2,Vessel 6,2,Evac Area 3 Dock,Safe Area 3 Marina,45.0,55.8,55.8,58.8,25.0,12,Evac Area 3
1,Vessel 6,1,Safe Area 3 Marina,Evac Area 4 Beach,58.8,76.8,76.8,79.8,25.0,0,None
2,Vessel 6,2,Evac Area 4 Beach,Safe Area 2 Harbor,79.8,98.04,98.04,101.04,25.0,12,Evac Area 4
1,Vessel 6,1,Safe Area 2 Harbor,Evac Area 4 Beach,101.04,119.28,119.28,122.28,25.0,0,None
2,Vessel 6,2,Evac Area 4 Beach,Safe Area 2 Harbor,122.28,140.51999999999998,140.51999999999998,143.51999999999998,25.0,5,Evac Area 4
1,Vessel 1,1,Safe Area 1 Terminal,Evac Area 1 Ferry Terminal,120.0,134.0,134.0,144.0,12.0,0,None
2,Vessel 1,2,Evac Area 1 Ferry Terminal,Safe Area 1 Terminal,144.0,158.0,158.0,168.0,12.0,26,Evac Area 1
1,Vessel 2,1,Safe Area 3 Marina,Evac Area 3 Dock,132.39999999999998,143.2,143.2,146.2,25.0,0,None
2,Vessel 2,2,Evac Area 3 Dock,Safe Area 3 Marina,146.2,156.99999999999997,156.99999999999997,159.99999999999997,25.0,12,Evac Area 3
3,Vessel 2,3,Safe Area 3 Marina,Evac Area 3 Dock,159.99999999999997,170.79999999999995,170.79999999999995,173.79999999999995,25.0,0,None
4,Vessel 2,4,Evac Area 3 Dock,Safe Area 3 Marina,173.79999999999995,184.59999999999997,184.59999999999997,187.59999999999997,25.0,12,Evac Area 3
5,Vessel 2,5,Safe Area 3 Marina,Evac Area 4 Beach,187.59999999999997,205.59999999999997,205.59999999999997,208.59999999999997,25.0,0,None
6,Vessel 2,6,Evac Area 4 Beach,Safe Area 2 Harbor,208.59999999999997,226.83999999999997,226.83999999999997,229.83999999999997,25.0,0,Evac Area 4
7,Vessel 2,7,Safe Area 2 Harbor,Evac Area 2 Marina,229.83999999999997,241.83999999999997,241.83999999999997,244.83999999999997,25.0,0,None
8,Vessel 2,8,Evac Area 2 Marina,Safe Area 2 Harbor,244.83999999999997,256.84,256.84,259.84,25.0,12,Evac Area 2
9,Vessel 2,9,Safe Area 2 Harbor,Evac Area 2 Marina,259.84,271.84,271.84,274.84,25.0,0,None
10,Vessel 2,10,Evac Area 2 Marina,Safe Area 2 Harbor,274.84,286.84,286.84,289.84,25.0,12,Evac Area 2
11,Vessel 2,11,Safe Area 2 Harbor,Evac Area 2 Marina,289.84,301.84,301.84,304.84,25.0,0,None
12,Vessel 2,12,Evac Area 2 Marina,Safe Area 2 Harbor,304.84,316.84,316.84,319.84,25.0,12,Evac Area 2
1,Vessel 3,1,Safe Area 2 Harbor,Evac Area 2 Marina,124.8,136.8,136.8,139.8,25.0,0,None
2,Vessel 3,2,Evac Area 2 Marina,Safe Area 2 Harbor,139.8,151.8,151.8,154.8,25.0,12,Evac Area 2
3,Vessel 3,3,Safe Area 2 Harbor,Evac Area 2 Marina,154.8,166.8,166.8,169.8,25.0,0,None
4,Vessel 3,4,Evac Area 2 Marina,Safe Area 2 Harbor,169.8,181.8,181.8,184.8,25.0,12,Evac Area 2
5,Vessel 3,5,Safe Area 2 Harbor,Evac Area 2 Marina,184.8,196.8,196.8,199.8,25.0,0,None
6,Vessel 3,6,Evac Area 2 Marina,Safe Area 2 Harbor,199.8,211.8,211.8,214.8,25.0,12,Evac Area 2
7,Vessel 3,7,Safe Area 2 Harbor,Evac Area 2 Marina,214.8,226.8,226.8,229.8,25.0,0,None
8,Vessel 3,8,Evac Area 2 Marina,Safe Area 2 Harbor,229.8,241.8,241.8,244.8,25.0,12,Evac Area 2
9,Vessel 3,9,Safe Area 2 Harbor,Evac Area 2 Marina,244.8,256.8,256.8,259.8,25.0,0,None
10,Vessel 3,10,Evac Area 2 Marina,Safe Area 2 Harbor,259.8,271.8,271.8,274.8,25.0,12,Evac Area 2
11,Vessel 3,11,Safe Area 2 Harbor,Evac Area 2 Marina,274.8,286.8,286.8,289.8,25.0,0,None
12,Vessel 3,12,Evac Area 2 Marina,Safe Area 2 Harbor,289.8,301.8,301.8,304.8,25.0,12,Evac Area 2
1,Vessel 4,1,Safe Area 2 Harbor,Evac Area 2 Marina,123.04,135.04000000000002,135.04000000000002,140.04000000000002,25.0,0,None
2,Vessel 4,2,Evac Area 2 Marina,Safe Area 3 Marina,140.04000000000002,156.84,156.84,161.84,25.0,38,Evac Area 2
3,Vessel 4,3,Safe Area 3 Marina,Evac Area 3 Dock,161.84,172.64,172.64,177.64,25.0,0,None
4,Vessel 4,4,Evac Area 3 Dock,Safe Area 3 Marina,177.64,188.44,188.44,193.44,25.0,38,Evac Area 3
5,Vessel 4,5,Safe Area 3 Marina,Evac Area 3 Dock,193.44,204.24,204.24,209.24,25.0,0,None
6,Vessel 4,6,Evac Area 3 Dock,Safe Area 3 Marina,209.24,220.04,220.04,225.04,25.0,38,Evac Area 3
7,Vessel 4,7,Safe Area 3 Marina,Evac Area 3 Dock,225.04,235.83999999999997,235.83999999999997,240.83999999999997,25.0,0,None
8,Vessel 4,8,Evac Area 3 Dock,Safe Area 3 Marina,240.83999999999997,251.64,251.64,256.64,25.0,38,Evac Area 3
9,Vessel 4,9,Safe Area 3 Marina,Evac Area 3 Dock,256.64,267.44,267.44,272.44,25.0,0,None
10,Vessel 4,10,Evac Area 3 Dock,Safe Area 3 Marina,272.44,283.24,283.24,288.24,25.0,38,Evac Area 3
11,Vessel 4,11,Safe Area 3 Marina,Evac Area 3 Dock,288.24,299.04,299.04,304.04,25.0,0,None
12,Vessel 4,12,Evac Area 3 Dock,Safe Area 3 Marina,304.04,314.84000000000003,314.84000000000003,319.84000000000003,25.0,38,Evac Area 3
1,Vessel 5,1,Safe Area 3 Marina,Evac Area 3 Dock,151.66666666666669,166.66666666666669,166.66666666666669,176.66666666666669,18.0,0,None
2,Vessel 5,2,Evac Area 3 Dock,Safe Area 3 Marina,176.66666666666669,191.66666666666669,191.66666666666669,201.66666666666669,18.0,120,Evac Area 3
3,Vessel 5,3,Safe Area 3 Marina,Evac Area 3 Dock,201.66666666666669,216.66666666666669,216.66666666666669,226.66666666666669,18.0,0,None
4,Vessel 5,4,Evac Area 3 Dock,Safe Area 3 Marina,226.66666666666669,241.66666666666669,241.66666666666669,251.66666666666669,18.0,116,Evac Area 3
5,Vessel 5,5,Safe Area 3 Marina,Evac Area 4 Dock,251.66666666666669,276.6666666666667,276.6666666666667,286.6666666666667,18.0,0,None
6,Vessel 5,6,Evac Area 4 Dock,Safe Area 3 Marina,286.6666666666667,311.6666666666667,311.6666666666667,321.6666666666667,18.0,103,Evac Area 4
1,Vessel 6,1,Safe Area 2 Harbor,Evac Area 2 Marina,143.51999999999998,155.51999999999998,155.51999999999998,158.51999999999998,25.0,0,None
2,Vessel 6,2,Evac Area 2 Marina,Safe Area 2 Harbor,158.51999999999998,170.51999999999998,170.51999999999998,173.51999999999998,25.0,12,Evac Area 2
3,Vessel 6,3,Safe Area 2 Harbor,Evac Area 2 Marina,173.51999999999998,185.51999999999998,185.51999999999998,188.51999999999998,25.0,0,None
4,Vessel 6,4,Evac Area 2 Marina,Safe Area 2 Harbor,188.51999999999998,200.51999999999998,200.51999999999998,203.51999999999998,25.0,12,Evac Area 2
5,Vessel 6,5,Safe Area 2 Harbor,Evac Area 2 Marina,203.51999999999998,215.51999999999998,215.51999999999998,218.51999999999998,25.0,0,None
6,Vessel 6,6,Evac Area 2 Marina,Safe Area 2 Harbor,218.51999999999998,230.51999999999998,230.51999999999998,233.51999999999998,25.0,12,Evac Area 2
7,Vessel 6,7,Safe Area 2 Harbor,Evac Area 2 Marina,233.51999999999998,245.51999999999998,245.51999999999998,248.51999999999998,25.0,0,None
8,Vessel 6,8,Evac Area 2 Marina,Safe Area 2 Harbor,248.51999999999998,260.52,260.52,263.52,25.0,12,Evac Area 2
9,Vessel 6,9,Safe Area 2 Harbor,Evac Area 2 Marina,263.52,275.52,275.52,278.52,25.0,0,None
10,Vessel 6,10,Evac Area 2 Marina,Safe Area 2 Harbor,278.52,290.52,290.52,293.52,25.0,12,Evac Area 2
