segment_id,resource_id,route_segment_id,origin,destination,route_start_time,route_end_time,load_start_time,load_end_time,resource_speed,evacuees,evacuated_location
1,Vessel 1,1,Safe Area 1 Terminal,Evac Area 1 Ferry Terminal,10.0,24.0,24.0,34.0,12.0,0,None
2,Vessel 1,2,Evac Area 1 Ferry Terminal,Safe Area 1 Terminal,34.0,48.0,48.0,58.0,12.0,227,Evac Area 1
1,Vessel 2,1,Safe Area 2 Harbor,Evac Area 2 Marina,10.0,22.0,22.0,25.0,25.0,0,None
2,Vessel 2,2,Evac Area 2 Marina,Safe Area 2 Harbor,25.0,37.0,37.0,40.0,25.0,12,Evac Area 2
1,Vessel 4,1,Safe Area 1 Terminal,Evac Area 3 Dock,10.0,22.0,22.0,27.0,25.0,0,None
2,Vessel 4,2,Evac Area 3 Dock,Safe Area 3 Marina,27.0,37.8,37.8,42.8,25.0,26,Evac Area 3
1,Vessel 2,1,Safe Area 2 Harbor,Evac Area 4 Dock,40.0,58.239999999999995,58.239999999999995,61.239999999999995,25.0,0,None
2,Vessel 2,2,Evac Area 4 Dock,Safe Area 3 Marina,61.239999999999995,79.24,79.24,82.24,25.0,12,Evac Area 4
3,Vessel 2,3,Safe Area 3 Marina,Evac Area 3 Dock,82.24,93.03999999999999,93.03999999999999,96.03999999999999,25.0,0,None
4,Vessel 2,4,Evac Area 3 Dock,Safe Area 3 Marina,96.03999999999999,106.83999999999999,106.83999999999999,109.83999999999999,25.0,5,Evac Area 3
5,Vessel 2,5,Safe Area 3 Marina,Evac Area 3 Dock,109.83999999999999,120.63999999999999,120.63999999999999,123.63999999999999,25.0,0,None
6,Vessel 2,6,Evac Area 3 Dock,Safe Area 3 Marina,123.63999999999999,134.44,134.44,137.44,25.0,12,Evac Area 3
7,Vessel 2,7,Safe Area 3 Marina,Evac Area 3 Dock,137.44,148.23999999999998,148.23999999999998,151.23999999999998,25.0,0,None
8,Vessel 2,8,Evac Area 3 Dock,Safe Area 3 Marina,151.23999999999998,162.04,162.04,165.04,25.0,12,Evac Area 3
9,Vessel 2,9,Safe Area 3 Marina,Evac Area 3 Dock,165.04,175.84,175.84,178.84,25.0,0,None
10,Vessel 2,10,Evac Area 3 Dock,Safe Area 3 Marina,178.84,189.64000000000001,189.64000000000001,192.64000000000001,25.0,12,Evac Area 3
11,Vessel 2,11,Safe Area 3 Marina,Evac Area 4 Dock,192.64000000000001,210.64000000000001,210.64000000000001,213.64000000000001,25.0,0,None
12,Vessel 2,12,Evac Area 4 Dock,Safe Area 3 Marina,213.64000000000001,231.64000000000001,231.64000000000001,234.64000000000001,25.0,12,Evac Area 4
13,Vessel 2,13,Safe Area 3 Marina,Evac Area 4 Beach,234.64000000000001,252.64000000000001,252.64000000000001,255.64000000000001,25.0,0,None
14,Vessel 2,14,Evac Area 4 Beach,Safe Area 3 Marina,255.64000000000001,273.64,273.64,276.64,25.0,12,Evac Area 4
15,Vessel 2,15,Safe Area 3 Marina,Evac Area 4 Beach,276.64,294.64,294.64,297.64,25.0,0,None
16,Vessel 2,16,Evac Area 4 Beach,Safe Area 3 Marina,297.64,315.64,315.64,318.64,25.0,8,Evac Area 4
17,Vessel 2,17,Safe Area 3 Marina,Evac Area 4 Beach,318.64,336.64,336.64,339.64,25.0,0,None
18,Vessel 2,18,Evac Area 4 Beach,Safe Area 3 Marina,339.64,357.64,357.64,360.64,25.0,12,Evac Area 4
1,Vessel 3,1,Safe Area 3 Marina,Evac Area 3 Dock,60.0,70.8,70.8,73.8,25.0,0,None
2,Vessel 3,2,Evac Area 3 Dock,Safe Area 3 Marina,73.8,84.6,84.6,87.6,25.0,12,Evac Area 3
3,Vessel 3,3,Safe Area 3 Marina,Evac Area 4 Dock,87.6,105.6,105.6,108.6,25.0,0,None
4,Vessel 3,4,Evac Area 4 Dock,Safe Area 3 Marina,108.6,126.6,126.6,129.6,25.0,12,Evac Area 4
5,Vessel 3,5,Safe Area 3 Marina,Evac Area 4 Beach,129.6,147.6,147.6,150.6,25.0,0,None
6,Vessel 3,6,Evac Area 4 Beach,Safe Area 3 Marina,150.6,168.6,168.6,171.6,25.0,12,Evac Area 4
7,Vessel 3,7,Safe Area 3 Marina,Evac Area 4 Beach,171.6,189.6,189.6,192.6,25.0,0,None
8,Vessel 3,8,Evac Area 4 Beach,Safe Area 3 Marina,192.6,210.6,210.6,213.6,25.0,12,Evac Area 4
9,Vessel 3,9,Safe Area 3 Marina,Evac Area 4 Dock,213.6,231.6,231.6,234.6,25.0,0,None
10,Vessel 3,10,Evac Area 4 Dock,Safe Area 2 Harbor,234.6,252.84,252.84,255.84,25.0,12,Evac Area 4
11,Vessel 3,11,Safe Area 2 Harbor,Evac Area 4 Beach,255.84,274.08,274.08,277.08,25.0,0,None
12,Vessel 3,12,Evac Area 4 Beach,Safe Area 3 Marina,277.08,295.08,295.08,298.08,25.0,12,Evac Area 4
13,Vessel 3,13,Safe Area 3 Marina,Evac Area 4 Beach,298.08,316.08,316.08,319.08,25.0,0,None
14,Vessel 3,14,Evac Area 4 Beach,Safe Area 2 Harbor,319.08,337.32,337.32,340.32,25.0,12,Evac Area 4
15,Vessel 3,15,Safe Area 2 Harbor,Evac Area 4 Beach,340.32,358.56,358.56,361.56,25.0,0,None
16,Vessel 3,16,Evac Area 4 Beach,Safe Area 2 Harbor,361.56,379.8,379.8,382.8,25.0,12,Evac Area 4
1,Vessel 4,1,Safe Area 3 Marina,Evac Area 4 Dock,42.8,60.8,60.8,65.8,25.0,0,None
2,Vessel 4,2,Evac Area 4 Dock,Safe Area 2 Harbor,65.8,84.03999999999999,84.03999999999999,89.03999999999999,25.0,38,Evac Area 4
3,Vessel 4,3,Safe Area 2 Harbor,Evac Area 2 Marina,89.03999999999999,101.03999999999999,101.03999999999999,106.03999999999999,25.0,0,None
4,Vessel 4,4,Evac Area 2 Marina,Safe Area 2 Harbor,106.03999999999999,118.03999999999999,118.03999999999999,123.03999999999999,25.0,38,Evac Area 2
5,Vessel 4,5,Safe Area 2 Harbor,Evac Area 2 Marina,123.03999999999999,135.04,135.04,140.04,25.0,0,None
6,Vessel 4,6,Evac Area 2 Marina,Safe Area 2 Harbor,140.04,152.04,152.04,157.04,25.0,38,Evac Area 2
7,Vessel 4,7,Safe Area 2 Harbor,Evac Area 2 Marina,157.04,169.04,169.04,174.04,25.0,0,None
8,Vessel 4,8,Evac Area 2 Marina,Safe Area 2 Harbor,174.04,186.04,186.04,191.04,25.0,38,Evac Area 2
9,Vessel 4,9,Safe Area 2 Harbor,Evac Area 2 Marina,191.04,203.04,203.04,208.04,25.0,0,None
10,Vessel 4,10,Evac Area 2 Marina,Safe Area 2 Harbor,208.04,220.04,220.04,225.04,25.0,38,Evac Area 2
11,Vessel 4,11,Safe Area 2 Harbor,Evac Area 2 Marina,225.04,237.04,237.04,242.04,25.0,0,None
12,Vessel 4,12,Evac Area 2 Marina,Safe Area 2 Harbor,242.04,254.04,254.04,259.03999999999996,25.0,38,Evac Area 2
13,Vessel 4,13,Safe Area 2 Harbor,Evac Area 2 Marina,259.03999999999996,271.03999999999996,271.03999999999996,276.03999999999996,25.0,0,None
14,Vessel 4,14,Evac Area 2 Marina,Safe Area 2 Harbor,276.03999999999996,288.03999999999996,288.03999999999996,293.03999999999996,25.0,38,Evac Area 2
15,Vessel 4,15,Safe Area 2 Harbor,Evac Area 2 Marina,293.03999999999996,305.03999999999996,305.03999999999996,310.03999999999996,25.0,0,None
16,Vessel 4,16,Evac Area 2 Marina,Safe Area 2 Harbor,310.03999999999996,322.03999999999996,322.03999999999996,327.03999999999996,25.0,38,Evac Area 2
17,Vessel 4,17,Safe Area 2 Harbor,Evac Area 2 Marina,327.03999999999996,339.03999999999996,339.03999999999996,344.03999999999996,25.0,0,None
18,Vessel 4,18,Evac Area 2 Marina,Safe Area 2 Harbor,344.03999999999996,356.03999999999996,356.03999999999996,361.03999999999996,25.0,23,Evac Area 2
1,Vessel 5,1,Safe Area 1 Terminal,Evac Area 4 Dock,30.0,60.0,60.0,70.0,18.0,0,None
2,Vessel 5,2,Evac Area 4 Dock,Safe Area 3 Marina,70.0,95.0,95.0,105.0,18.0,120,Evac Area 4
3,Vessel 5,3,Safe Area 3 Marina,Evac Area 4 Dock,105.0,130.0,130.0,140.0,18.0,0,None
4,Vessel 5,4,Evac Area 4 Dock,Safe Area 2 Harbor,140.0,165.33333333333334,165.33333333333334,175.33333333333334,18.0,120,Evac Area 4
5,Vessel 5,5,Safe Area 2 Harbor,Evac Area 2 Marina,175.33333333333334,192.0,192.0,202.0,18.0,0,None
6,Vessel 5,6,Evac Area 2 Marina,Safe Area 2 Harbor,202.0,218.66666666666666,218.66666666666666,228.66666666666666,18.0,120,Evac Area 2
7,Vessel 5,7,Safe Area 2 Harbor,Evac Area 2 Marina,228.66666666666666,245.33333333333331,245.33333333333331,255.33333333333331,18.0,0,None
8,Vessel 5,8,Evac Area 2 Marina,Safe Area 2 Harbor,255.33333333333331,272.0,272.0,282.0,18.0,120,Evac Area 2
9,Vessel 5,9,Safe Area 2 Harbor,Evac Area 2 Marina,282.0,298.6666666666667,298.6666666666667,308.6666666666667,18.0,0,None
10,Vessel 5,10,Evac Area 2 Marina,Safe Area 2 Harbor,308.6666666666667,325.33333333333337,325.33333333333337,335.33333333333337,18.0,120,Evac Area 2
11,Vessel 5,11,Safe Area 2 Harbor,Evac Area 2 Marina,335.33333333333337,352.00000000000006,352.00000000000006,362.00000000000006,18.0,0,None
12,Vessel 5,12,Evac Area 2 Marina,Safe Area 2 Harbor,362.00000000000006,378.66666666666674,378.66666666666674,388.66666666666674,18.0,120,Evac Area 2
1,Vessel 6,1,Safe Area 1 Terminal,Evac Area 3 Dock,30.0,42.0,42.0,45.0,25.0,0,None
2,Vessel 6,2,Evac Area 3 Dock,Safe Area 3 Marina,45.0,55.8,55.8,58.8,25.0,12,Evac Area 3
3,Vessel 6,3,Safe Area 3 Marina,Evac Area 3 Dock,58.8,69.6,69.6,72.6,25.0,0,None
4,Vessel 6,4,Evac Area 3 Dock,Safe Area 3 Marina,72.6,83.39999999999999,83.39999999999999,86.39999999999999,25.0,12,Evac Area 3
5,Vessel 6,5,Safe Area 3 Marina,Evac Area 3 Dock,86.39999999999999,97.19999999999999,97.19999999999999,100.19999999999999,25.0,0,None
6,Vessel 6,6,Evac Area 3 Dock,Safe Area 3 Marina,100.19999999999999,110.99999999999999,110.99999999999999,113.99999999999999,25.0,12,Evac Area 3
7,Vessel 6,7,Safe Area 3 Marina,Evac Area 3 Dock,113.99999999999999,124.79999999999998,124.79999999999998,127.79999999999998,25.0,0,None
8,Vessel 6,8,Evac Area 3 Dock,Safe Area 3 Marina,127.79999999999998,138.59999999999997,138.59999999999997,141.59999999999997,25.0,12,Evac Area 3
9,Vessel 6,9,Safe Area 3 Marina,Evac Area 4 Dock,141.59999999999997,159.59999999999997,159.59999999999997,162.59999999999997,25.0,0,None
10,Vessel 6,10,Evac Area 4 Dock,Safe Area 3 Marina,162.59999999999997,180.59999999999997,180.59999999999997,183.59999999999997,25.0,12,Evac Area 4
11,Vessel 6,11,Safe Area 3 Marina,Evac Area 4 Beach,183.59999999999997,201.59999999999997,201.59999999999997,204.59999999999997,25.0,0,None
12,Vessel 6,12,Evac Area 4 Beach,Safe Area 3 Marina,204.59999999999997,222.59999999999997,222.59999999999997,225.59999999999997,25.0,12,Evac Area 4
13,Vessel 6,13,Safe Area 3 Marina,Evac Area 4 Dock,225.59999999999997,243.59999999999997,243.59999999999997,246.59999999999997,25.0,0,None
14,Vessel 6,14,Evac Area 4 Dock,Safe Area 3 Marina,246.59999999999997,264.59999999999997,264.59999999999997,267.59999999999997,25.0,12,Evac Area 4
15,Vessel 6,15,Safe Area 3 Marina,Evac Area 4 Dock,267.59999999999997,285.59999999999997,285.59999999999997,288.59999999999997,25.0,0,None
16,Vessel 6,16,Evac Area 4 Dock,Safe Area 3 Marina,288.59999999999997,306.59999999999997,306.59999999999997,309.59999999999997,25.0,12,Evac Area 4
17,Vessel 6,17,Safe Area 3 Marina,Evac Area 4 Beach,309.59999999999997,327.59999999999997,327.59999999999997,330.59999999999997,25.0,0,None
18,Vessel 6,18,Evac Area 4 Beach,Safe Area 3 Marina,330.59999999999997,348.59999999999997,348.59999999999997,351.59999999999997,25.0,12,Evac Area 4
