segment_id,resource_id,route_segment_id,origin,destination,route_start_time,route_end_time,load_start_time,load_end_time,resource_speed,evacuees,evacuated_location
1,Vessel 1,1,Safe Area 1 Terminal,Evac Area 1 Ferry Terminal,10.0,24.0,24.0,34.0,12.0,0,None
2,Vessel 1,2,Evac Area 1 Ferry Terminal,Safe Area 1 Terminal,34.0,48.0,48.0,58.0,12.0,457,Evac Area 1
3,Vessel 1,3,Safe Area 1 Terminal,Evac Area 1 Ferry Terminal,58.0,72.0,72.0,82.0,12.0,0,None
4,Vessel 1,4,Evac Area 1 Ferry Terminal,Safe Area 1 Terminal,82.0,96.0,96.0,106.0,12.0,26,Evac Area 1
1,Vessel 2,1,Safe Area 2 Harbor,Evac Area 4 Dock,10.0,28.24,28.24,31.24,25.0,0,None
2,Vessel 2,2,Evac Area 4 Dock,Safe Area 2 Harbor,31.24,49.48,49.48,52.48,25.0,12,Evac Area 4
3,Vessel 2,3,Safe Area 2 Harbor,Evac Area 4 Dock,52.48,70.72,70.72,73.72,25.0,0,None
4,Vessel 2,4,Evac Area 4 Dock,Safe Area 3 Marina,73.72,91.72,91.72,94.72,25.0,12,Evac Area 4
5,Vessel 2,5,Safe Area 3 Marina,Evac Area 4 Dock,94.72,112.72,112.72,115.72,25.0,0,None
6,Vessel 2,6,Evac Area 4 Dock,Safe Area 3 Marina,115.72,133.72,133.72,136.72,25.0,12,Evac Area 4
7,Vessel 2,7,Safe Area 3 Marina,Evac Area 4 Dock,136.72,154.72,154.72,157.72,25.0,0,None
8,Vessel 2,8,Evac Area 4 Dock,Safe Area 2 Harbor,157.72,175.96,175.96,178.96,25.0,12,Evac Area 4
9,Vessel 2,9,Safe Area 2 Harbor,Evac Area 2 Marina,178.96,190.96,190.96,193.96,25.0,0,None
10,Vessel 2,10,Evac Area 2 Marina,Safe Area 2 Harbor,193.96,205.96,205.96,208.96,25.0,12,Evac Area 2
11,Vessel 2,11,Safe Area 2 Harbor,Evac Area 2 Marina,208.96,220.96,220.96,223.96,25.0,0,None
12,Vessel 2,12,Evac Area 2 Marina,Safe Area 2 Harbor,223.96,235.96,235.96,238.96,25.0,12,Evac Area 2
13,Vessel 2,13,Safe Area 2 Harbor,Evac Area 2 Marina,238.96,250.96,250.96,253.96,25.0,0,None
14,Vessel 2,14,Evac Area 2 Marina,Safe Area 2 Harbor,253.96,265.96000000000004,265.96000000000004,268.96000000000004,25.0,12,Evac Area 2
15,Vessel 2,15,Safe Area 2 Harbor,Evac Area 2 Marina,268.96000000000004,280.96000000000004,280.96000000000004,283.96000000000004,25.0,0,None
16,Vessel 2,16,Evac Area 2 Marina,Safe Area 2 Harbor,283.96000000000004,295.96000000000004,295.96000000000004,298.96000000000004,25.0,12,Evac Area 2
17,Vessel 2,17,Safe Area 2 Harbor,Evac Area 2 Marina,298.96000000000004,310.96000000000004,310.96000000000004,313.96000000000004,25.0,0,None
18,Vessel 2,18,Evac Area 2 Marina,Safe Area 2 Harbor,313.96000000000004,325.96000000000004,325.96000000000004,328.96000000000004,25.0,12,Evac Area 2
19,Vessel 2,19,Safe Area 2 Harbor,Evac Area 2 Marina,328.96000000000004,340.96000000000004,340.96000000000004,343.96000000000004,25.0,0,None
20,Vessel 2,20,Evac Area 2 Marina,Safe Area 2 Harbor,343.96000000000004,355.96000000000004,355.96000000000004,358.96000000000004,25.0,12,Evac Area 2
1,Vessel 3,1,Safe Area 3 Marina,Evac Area 4 Dock,60.0,78.0,78.0,81.0,25.0,0,None
2,Vessel 3,2,Evac Area 4 Dock,Safe Area 2 Harbor,81.0,99.24,99.24,102.24,25.0,12,Evac Area 4
3,Vessel 3,3,Safe Area 2 Harbor,Evac Area 2 Marina,102.24,114.24,114.24,117.24,25.0,0,None
4,Vessel 3,4,Evac Area 2 Marina,Safe Area 2 Harbor,117.24,129.24,129.24,132.24,25.0,12,Evac Area 2
5,Vessel 3,5,Safe Area 2 Harbor,Evac Area 2 Marina,132.24,144.24,144.24,147.24,25.0,0,None
6,Vessel 3,6,Evac Area 2 Marina,Safe Area 2 Harbor,147.24,159.24,159.24,162.24,25.0,12,Evac Area 2
7,Vessel 3,7,Safe Area 2 Harbor,Evac Area 2 Marina,162.24,174.24,174.24,177.24,25.0,0,None
8,Vessel 3,8,Evac Area 2 Marina,Safe Area 2 Harbor,177.24,189.24,189.24,192.24,25.0,12,Evac Area 2
9,Vessel 3,9,Safe Area 2 Harbor,Evac Area 2 Marina,192.24,204.24,204.24,207.24,25.0,0,None
10,Vessel 3,10,Evac Area 2 Marina,Safe Area 2 Harbor,207.24,219.24,219.24,222.24,25.0,12,Evac Area 2
11,Vessel 3,11,Safe Area 2 Harbor,Evac Area 2 Marina,222.24,234.24,234.24,237.24,25.0,0,None
12,Vessel 3,12,Evac Area 2 Marina,Safe Area 2 Harbor,237.24,249.24,249.24,252.24,25.0,12,Evac Area 2
13,Vessel 3,13,Safe Area 2 Harbor,Evac Area 2 Marina,252.24,264.24,264.24,267.24,25.0,0,None
14,Vessel 3,14,Evac Area 2 Marina,Safe Area 2 Harbor,267.24,279.24,279.24,282.24,25.0,12,Evac Area 2
15,Vessel 3,15,Safe Area 2 Harbor,Evac Area 2 Marina,282.24,294.24,294.24,297.24,25.0,0,None
16,Vessel 3,16,Evac Area 2 Marina,Safe Area 2 Harbor,297.24,309.24,309.24,312.24,25.0,12,Evac Area 2
17,Vessel 3,17,Safe Area 2 Harbor,Evac Area 2 Marina,312.24,324.24,324.24,327.24,25.0,0,None
18,Vessel 3,18,Evac Area 2 Marina,Safe Area 2 Harbor,327.24,339.24,339.24,342.24,25.0,12,Evac Area 2
19,Vessel 3,19,Safe Area 2 Harbor,Evac Area 2 Marina,342.24,354.24,354.24,357.24,25.0,0,None
20,Vessel 3,20,Evac Area 2 Marina,Safe Area 2 Harbor,357.24,369.24,369.24,372.24,25.0,12,Evac Area 2
1,Vessel 4,1,Safe Area 1 Terminal,Evac Area 3 Dock,10.0,22.0,22.0,27.0,25.0,0,None
2,Vessel 4,2,Evac Area 3 Dock,Safe Area 3 Marina,27.0,37.8,37.8,42.8,25.0,38,Evac Area 3
3,Vessel 4,3,Safe Area 3 Marina,Evac Area 3 Dock,42.8,53.599999999999994,53.599999999999994,58.599999999999994,25.0,0,None
4,Vessel 4,4,Evac Area 3 Dock,Safe Area 3 Marina,58.599999999999994,69.39999999999999,69.39999999999999,74.39999999999999,25.0,38,Evac Area 3
5,Vessel 4,5,Safe Area 3 Marina,Evac Area 3 Dock,74.39999999999999,85.19999999999999,85.19999999999999,90.19999999999999,25.0,0,None
6,Vessel 4,6,Evac Area 3 Dock,Safe Area 3 Marina,90.19999999999999,100.99999999999999,100.99999999999999,105.99999999999999,25.0,38,Evac Area 3
7,Vessel 4,7,Safe Area 3 Marina,Evac Area 3 Dock,105.99999999999999,116.79999999999998,116.79999999999998,121.79999999999998,25.0,0,None
8,Vessel 4,8,Evac Area 3 Dock,Safe Area 3 Marina,121.79999999999998,132.6,132.6,137.6,25.0,38,Evac Area 3
9,Vessel 4,9,Safe Area 3 Marina,Evac Area 3 Dock,137.6,148.4,148.4,153.4,25.0,0,None
10,Vessel 4,10,Evac Area 3 Dock,Safe Area 3 Marina,153.4,164.20000000000002,164.20000000000002,169.20000000000002,25.0,38,Evac Area 3
11,Vessel 4,11,Safe Area 3 Marina,Evac Area 4 Dock,169.20000000000002,187.20000000000002,187.20000000000002,192.20000000000002,25.0,0,None
12,Vessel 4,12,Evac Area 4 Dock,Safe Area 2 Harbor,192.20000000000002,210.44000000000003,210.44000000000003,215.44000000000003,25.0,38,Evac Area 4
13,Vessel 4,13,Safe Area 2 Harbor,Evac Area 2 Marina,215.44000000000003,227.44000000000003,227.44000000000003,232.44000000000003,25.0,0,None
14,Vessel 4,14,Evac Area 2 Marina,Safe Area 2 Harbor,232.44000000000003,244.44000000000003,244.44000000000003,249.44000000000003,25.0,38,Evac Area 2
15,Vessel 4,15,Safe Area 2 Harbor,Evac Area 2 Marina,249.44000000000003,261.44000000000005,261.44000000000005,266.44000000000005,25.0,0,None
16,Vessel 4,16,Evac Area 2 Marina,Safe Area 2 Harbor,266.44000000000005,278.44000000000005,278.44000000000005,283.44000000000005,25.0,38,Evac Area 2
17,Vessel 4,17,Safe Area 2 Harbor,Evac Area 2 Marina,283.44000000000005,295.44000000000005,295.44000000000005,300.44000000000005,25.0,0,None
18,Vessel 4,18,Evac Area 2 Marina,Safe Area 2 Harbor,300.44000000000005,312.44000000000005,312.44000000000005,317.44000000000005,25.0,38,Evac Area 2
19,Vessel 4,19,Safe Area 2 Harbor,Evac Area 2 Marina,317.44000000000005,329.44000000000005,329.44000000000005,334.44000000000005,25.0,0,None
20,Vessel 4,20,Evac Area 2 Marina,Safe Area 2 Harbor,334.44000000000005,346.44000000000005,346.44000000000005,351.44000000000005,25.0,34,Evac Area 2
21,Vessel 4,21,Safe Area 2 Harbor,Evac Area 2 Marina,351.44000000000005,363.44000000000005,363.44000000000005,368.44000000000005,25.0,0,None
22,Vessel 4,22,Evac Area 2 Marina,Safe Area 2 Harbor,368.44000000000005,380.44000000000005,380.44000000000005,385.44000000000005,25.0,38,Evac Area 2
1,Vessel 5,1,Safe Area 1 Terminal,Evac Area 3 Dock,30.0,46.66666666666667,46.66666666666667,56.66666666666667,18.0,0,None
2,Vessel 5,2,Evac Area 3 Dock,Safe Area 3 Marina,56.66666666666667,71.66666666666667,71.66666666666667,81.66666666666667,18.0,120,Evac Area 3
3,Vessel 5,3,Safe Area 3 Marina,Evac Area 3 Dock,81.66666666666667,96.66666666666667,96.66666666666667,106.66666666666667,18.0,0,None
4,Vessel 5,4,Evac Area 3 Dock,Safe Area 3 Marina,106.66666666666667,121.66666666666667,121.66666666666667,131.66666666666669,18.0,120,Evac Area 3
5,Vessel 5,5,Safe Area 3 Marina,Evac Area 3 Dock,131.66666666666669,146.66666666666669,146.66666666666669,156.66666666666669,18.0,0,None
6,Vessel 5,6,Evac Area 3 Dock,Safe Area 3 Marina,156.66666666666669,171.66666666666669,171.66666666666669,181.66666666666669,18.0,120,Evac Area 3
7,Vessel 5,7,Safe Area 3 Marina,Evac Area 4 Dock,181.66666666666669,206.66666666666669,206.66666666666669,216.66666666666669,18.0,0,None
8,Vessel 5,8,Evac Area 4 Dock,Safe Area 3 Marina,216.66666666666669,241.66666666666669,241.66666666666669,251.66666666666669,18.0,111,Evac Area 4
9,Vessel 5,9,Safe Area 3 Marina,Evac Area 3 Dock,251.66666666666669,266.6666666666667,266.6666666666667,276.6666666666667,18.0,0,None
10,Vessel 5,10,Evac Area 3 Dock,Safe Area 3 Marina,276.6666666666667,291.6666666666667,291.6666666666667,301.6666666666667,18.0,120,Evac Area 3
11,Vessel 5,11,Safe Area 3 Marina,Evac Area 4 Dock,301.6666666666667,326.6666666666667,326.6666666666667,336.6666666666667,18.0,0,None
12,Vessel 5,12,Evac Area 4 Dock,Safe Area 3 Marina,336.6666666666667,361.6666666666667,361.6666666666667,371.6666666666667,18.0,120,Evac Area 4
1,Vessel 6,1,Safe Area 1 Terminal,Evac Area 4 Dock,30.0,51.599999999999994,51.599999999999994,54.599999999999994,25.0,0,None
2,Vessel 6,2,Evac Area 4 Dock,Safe Area 3 Marina,54.599999999999994,72.6,72.6,75.6,25.0,12,Evac Area 4
3,Vessel 6,3,Safe Area 3 Marina,Evac Area 4 Dock,75.6,93.6,93.6,96.6,25.0,0,None
4,Vessel 6,4,Evac Area 4 Dock,Safe Area 1 Terminal,96.6,118.19999999999999,118.19999999999999,121.19999999999999,25.0,12,Evac Area 4
5,Vessel 6,5,Safe Area 1 Terminal,Evac Area 4 Dock,121.19999999999999,142.79999999999998,142.79999999999998,145.79999999999998,25.0,0,None
6,Vessel 6,6,Evac Area 4 Dock,Safe Area 2 Harbor,145.79999999999998,164.04,164.04,167.04,25.0,12,Evac Area 4
7,Vessel 6,7,Safe Area 2 Harbor,Evac Area 4 Beach,167.04,185.28,185.28,188.28,25.0,0,None
8,Vessel 6,8,Evac Area 4 Beach,Safe Area 1 Terminal,188.28,209.88,209.88,212.88,25.0,12,Evac Area 4
9,Vessel 6,9,Safe Area 1 Terminal,Evac Area 4 Dock,212.88,234.48,234.48,237.48,25.0,0,None
10,Vessel 6,10,Evac Area 4 Dock,Safe Area 1 Terminal,237.48,259.08,259.08,262.08,25.0,12,Evac Area 4
11,Vessel 6,11,Safe Area 1 Terminal,Evac Area 4 Dock,262.08,283.68,283.68,286.68,25.0,0,None
12,Vessel 6,12,Evac Area 4 Dock,Safe Area 1 Terminal,286.68,308.28000000000003,308.28000000000003,311.28000000000003,25.0,12,Evac Area 4
13,Vessel 6,13,Safe Area 1 Terminal,Evac Area 4 Dock,311.28000000000003,332.88000000000005,332.88000000000005,335.88000000000005,25.0,0,None
14,Vessel 6,14,Evac Area 4 Dock,Safe Area 3 Marina,335.88000000000005,353.88000000000005,353.88000000000005,356.88000000000005,25.0,12,Evac Area 4
