segment_id,resource_id,route_segment_id,origin,destination,route_start_time,route_end_time,load_start_time,load_end_time,resource_speed,evacuees,evacuated_location
1,Vessel 1,1,Safe Area 1 Terminal,Evac Area 1 Ferry Terminal,10.0,24.0,24.0,34.0,12.0,0,None
2,Vessel 1,2,Evac Area 1 Ferry Terminal,Safe Area 1 Terminal,34.0,48.0,48.0,58.0,12.0,333,Evac Area 1
1,Vessel 2,1,Safe Area 2 Harbor,Evac Area 4 Dock,10.0,28.24,28.24,31.24,25.0,0,None
2,Vessel 2,2,Evac Area 4 Dock,Safe Area 3 Marina,31.24,49.239999999999995,49.239999999999995,52.239999999999995,25.0,12,Evac Area 4
3,Vessel 2,3,Safe Area 3 Marina,Evac Area 3 Dock,52.239999999999995,63.03999999999999,63.03999999999999,66.03999999999999,25.0,0,None
4,Vessel 2,4,Evac Area 3 Dock,Safe Area 3 Marina,66.03999999999999,76.83999999999999,76.83999999999999,79.83999999999999,25.0,12,Evac Area 3
5,Vessel 2,5,Safe Area 3 Marina,Evac Area 3 Dock,79.83999999999999,90.63999999999999,90.63999999999999,93.63999999999999,25.0,0,None
6,Vessel 2,6,Evac Area 3 Dock,Safe Area 3 Marina,93.63999999999999,104.43999999999998,104.43999999999998,107.43999999999998,25.0,12,Evac Area 3
7,Vessel 2,7,Safe Area 3 Marina,Evac Area 3 Dock,107.43999999999998,118.23999999999998,118.23999999999998,121.23999999999998,25.0,0,None
8,Vessel 2,8,Evac Area 3 Dock,Safe Area 3 Marina,121.23999999999998,132.04,132.04,135.04,25.0,12,Evac Area 3
9,Vessel 2,9,Safe Area 3 Marina,Evac Area 3 Dock,135.04,145.84,145.84,148.84,25.0,0,None
10,Vessel 2,10,Evac Area 3 Dock,Safe Area 3 Marina,148.84,159.64000000000001,159.64000000000001,162.64000000000001,25.0,12,Evac Area 3
11,Vessel 2,11,Safe Area 3 Marina,Evac Area 4 Dock,162.64000000000001,180.64000000000001,180.64000000000001,183.64000000000001,25.0,0,None
12,Vessel 2,12,Evac Area 4 Dock,Safe Area 3 Marina,183.64000000000001,201.64000000000001,201.64000000000001,204.64000000000001,25.0,12,Evac Area 4
13,Vessel 2,13,Safe Area 3 Marina,Evac Area 1 Marina,204.64000000000001,211.84,211.84,214.84,25.0,0,None
14,Vessel 2,14,Evac Area 1 Marina,Safe Area 1 Terminal,214.84,221.56,221.56,224.56,25.0,0,Evac Area 1
15,Vessel 2,15,Safe Area 1 Terminal,Evac Area 1 Marina,224.56,231.28,231.28,234.28,25.0,0,None
16,Vessel 2,16,Evac Area 1 Marina,Safe Area 1 Terminal,234.28,241.0,241.0,244.0,25.0,0,Evac Area 1
17,Vessel 2,17,Safe Area 1 Terminal,Evac Area 1 Marina,244.0,250.72,250.72,253.72,25.0,0,None
18,Vessel 2,18,Evac Area 1 Marina,Safe Area 1 Terminal,253.72,260.44,260.44,263.44,25.0,0,Evac Area 1
19,Vessel 2,19,Safe Area 1 Terminal,Evac Area 1 Marina,263.44,270.15999999999997,270.15999999999997,273.15999999999997,25.0,0,None
20,Vessel 2,20,Evac Area 1 Marina,Safe Area 3 Marina,273.15999999999997,280.35999999999996,280.35999999999996,283.35999999999996,25.0,0,Evac Area 1
21,Vessel 2,21,Safe Area 3 Marina,Evac Area 3 Dock,283.35999999999996,294.15999999999997,294.15999999999997,297.15999999999997,25.0,0,None
22,Vessel 2,22,Evac Area 3 Dock,Safe Area 3 Marina,297.15999999999997,307.96,307.96,310.96,25.0,12,Evac Area 3
23,Vessel 2,23,Safe Area 3 Marina,Evac Area 3 Dock,310.96,321.76,321.76,324.76,25.0,0,None
24,Vessel 2,24,Evac Area 3 Dock,Safe Area 3 Marina,324.76,335.56,335.56,338.56,25.0,12,Evac Area 3
25,Vessel 2,25,Safe Area 3 Marina,Evac Area 3 Dock,338.56,349.36,349.36,352.36,25.0,0,None
26,Vessel 2,26,Evac Area 3 Dock,Safe Area 3 Marina,352.36,363.16,363.16,366.16,25.0,12,Evac Area 3
27,Vessel 2,27,Safe Area 3 Marina,Evac Area 3 Dock,366.16,376.96000000000004,376.96000000000004,379.96000000000004,25.0,0,None
28,Vessel 2,28,Evac Area 3 Dock,Safe Area 3 Marina,379.96000000000004,390.76000000000005,390.76000000000005,393.76000000000005,25.0,12,Evac Area 3
29,Vessel 2,29,Safe Area 3 Marina,Evac Area 3 Dock,393.76000000000005,404.56000000000006,404.56000000000006,407.56000000000006,25.0,0,None
30,Vessel 2,30,Evac Area 3 Dock,Safe Area 3 Marina,407.56000000000006,418.36000000000007,418.36000000000007,421.36000000000007,25.0,12,Evac Area 3
31,Vessel 2,31,Safe Area 3 Marina,Evac Area 3 Dock,421.36000000000007,432.1600000000001,432.1600000000001,435.1600000000001,25.0,0,None
32,Vessel 2,32,Evac Area 3 Dock,Safe Area 3 Marina,435.1600000000001,445.9600000000001,445.9600000000001,448.9600000000001,25.0,12,Evac Area 3
1,Vessel 3,1,Safe Area 3 Marina,Evac Area 4 Beach,60.0,78.0,78.0,81.0,25.0,0,None
2,Vessel 3,2,Evac Area 4 Beach,Safe Area 2 Harbor,81.0,99.24,99.24,102.24,25.0,12,Evac Area 4
3,Vessel 3,3,Safe Area 2 Harbor,Evac Area 2 Marina,102.24,114.24,114.24,117.24,25.0,0,None
4,Vessel 3,4,Evac Area 2 Marina,Safe Area 2 Harbor,117.24,129.24,129.24,132.24,25.0,12,Evac Area 2
5,Vessel 3,5,Safe Area 2 Harbor,Evac Area 2 Marina,132.24,144.24,144.24,147.24,25.0,0,None
6,Vessel 3,6,Evac Area 2 Marina,Safe Area 2 Harbor,147.24,159.24,159.24,162.24,25.0,12,Evac Area 2
7,Vessel 3,7,Safe Area 2 Harbor,Evac Area 2 Marina,162.24,174.24,174.24,177.24,25.0,0,None
8,Vessel 3,8,Evac Area 2 Marina,Safe Area 2 Harbor,177.24,189.24,189.24,192.24,25.0,12,Evac Area 2
9,Vessel 3,9,Safe Area 2 Harbor,Evac Area 2 Marina,192.24,204.24,204.24,207.24,25.0,0,None
10,Vessel 3,10,Evac Area 2 Marina,Safe Area 2 Harbor,207.24,219.24,219.24,222.24,25.0,12,Evac Area 2
11,Vessel 3,11,Safe Area 2 Harbor,Evac Area 2 Marina,222.24,234.24,234.24,237.24,25.0,0,None
12,Vessel 3,12,Evac Area 2 Marina,Safe Area 2 Harbor,237.24,249.24,249.24,252.24,25.0,12,Evac Area 2
13,Vessel 3,13,Safe Area 2 Harbor,Evac Area 2 Marina,252.24,264.24,264.24,267.24,25.0,0,None
14,Vessel 3,14,Evac Area 2 Marina,Safe Area 2 Harbor,267.24,279.24,279.24,282.24,25.0,12,Evac Area 2
15,Vessel 3,15,Safe Area 2 Harbor,Evac Area 2 Marina,282.24,294.24,294.24,297.24,25.0,0,None
16,Vessel 3,16,Evac Area 2 Marina,Safe Area 2 Harbor,297.24,309.24,309.24,312.24,25.0,12,Evac Area 2
17,Vessel 3,17,Safe Area 2 Harbor,Evac Area 2 Marina,312.24,324.24,324.24,327.24,25.0,0,None
18,Vessel 3,18,Evac Area 2 Marina,Safe Area 2 Harbor,327.24,339.24,339.24,342.24,25.0,12,Evac Area 2
19,Vessel 3,19,Safe Area 2 Harbor,Evac Area 2 Marina,342.24,354.24,354.24,357.24,25.0,0,None
20,Vessel 3,20,Evac Area 2 Marina,Safe Area 2 Harbor,357.24,369.24,369.24,372.24,25.0,12,Evac Area 2
21,Vessel 3,21,Safe Area 2 Harbor,Evac Area 2 Marina,372.24,384.24,384.24,387.24,25.0,0,None
22,Vessel 3,22,Evac Area 2 Marina,Safe Area 2 Harbor,387.24,399.24,399.24,402.24,25.0,12,Evac Area 2
23,Vessel 3,23,Safe Area 2 Harbor,Evac Area 4 Beach,402.24,420.48,420.48,423.48,25.0,0,None
24,Vessel 3,24,Evac Area 4 Beach,Safe Area 2 Harbor,423.48,441.72,441.72,444.72,25.0,12,Evac Area 4
25,Vessel 3,25,Safe Area 2 Harbor,Evac Area 2 Marina,444.72,456.72,456.72,459.72,25.0,0,None
26,Vessel 3,26,Evac Area 2 Marina,Safe Area 2 Harbor,459.72,471.72,471.72,474.72,25.0,12,Evac Area 2
1,Vessel 4,1,Safe Area 1 Terminal,Evac Area 3 Dock,10.0,22.0,22.0,27.0,25.0,0,None
2,Vessel 4,2,Evac Area 3 Dock,Safe Area 3 Marina,27.0,37.8,37.8,42.8,25.0,38,Evac Area 3
3,Vessel 4,3,Safe Area 3 Marina,Evac Area 4 Dock,42.8,60.8,60.8,65.8,25.0,0,None
4,Vessel 4,4,Evac Area 4 Dock,Safe Area 3 Marina,65.8,83.8,83.8,88.8,25.0,38,Evac Area 4
5,Vessel 4,5,Safe Area 3 Marina,Evac Area 4 Dock,88.8,106.8,106.8,111.8,25.0,0,None
6,Vessel 4,6,Evac Area 4 Dock,Safe Area 3 Marina,111.8,129.8,129.8,134.8,25.0,38,Evac Area 4
7,Vessel 4,7,Safe Area 3 Marina,Evac Area 4 Dock,134.8,152.8,152.8,157.8,25.0,0,None
8,Vessel 4,8,Evac Area 4 Dock,Safe Area 3 Marina,157.8,175.8,175.8,180.8,25.0,38,Evac Area 4
9,Vessel 4,9,Safe Area 3 Marina,Evac Area 4 Dock,180.8,198.8,198.8,203.8,25.0,0,None
10,Vessel 4,10,Evac Area 4 Dock,Safe Area 3 Marina,203.8,221.8,221.8,226.8,25.0,38,Evac Area 4
11,Vessel 4,11,Safe Area 3 Marina,Evac Area 4 Dock,226.8,244.8,244.8,249.8,25.0,0,None
12,Vessel 4,12,Evac Area 4 Dock,Safe Area 3 Marina,249.8,267.8,267.8,272.8,25.0,38,Evac Area 4
13,Vessel 4,13,Safe Area 3 Marina,Evac Area 4 Dock,272.8,290.8,290.8,295.8,25.0,0,None
14,Vessel 4,14,Evac Area 4 Dock,Safe Area 2 Harbor,295.8,314.04,314.04,319.04,25.0,38,Evac Area 4
15,Vessel 4,15,Safe Area 2 Harbor,Evac Area 2 Marina,319.04,331.04,331.04,336.04,25.0,0,None
16,Vessel 4,16,Evac Area 2 Marina,Safe Area 2 Harbor,336.04,348.04,348.04,353.04,25.0,38,Evac Area 2
17,Vessel 4,17,Safe Area 2 Harbor,Evac Area 2 Marina,353.04,365.04,365.04,370.04,25.0,0,None
18,Vessel 4,18,Evac Area 2 Marina,Safe Area 2 Harbor,370.04,382.04,382.04,387.04,25.0,35,Evac Area 2
19,Vessel 4,19,Safe Area 2 Harbor,Evac Area 4 Dock,387.04,405.28000000000003,405.28000000000003,410.28000000000003,25.0,0,None
20,Vessel 4,20,Evac Area 4 Dock,Safe Area 3 Marina,410.28000000000003,428.28000000000003,428.28000000000003,433.28000000000003,25.0,38,Evac Area 4
21,Vessel 4,21,Safe Area 3 Marina,Evac Area 4 Dock,433.28000000000003,451.28000000000003,451.28000000000003,456.28000000000003,25.0,0,None
22,Vessel 4,22,Evac Area 4 Dock,Safe Area 3 Marina,456.28000000000003,474.28000000000003,474.28000000000003,479.28000000000003,25.0,38,Evac Area 4
1,Vessel 5,1,Safe Area 1 Terminal,Evac Area 3 Dock,30.0,46.66666666666667,46.66666666666667,56.66666666666667,18.0,0,None
2,Vessel 5,2,Evac Area 3 Dock,Safe Area 3 Marina,56.66666666666667,71.66666666666667,71.66666666666667,81.66666666666667,18.0,120,Evac Area 3
3,Vessel 5,3,Safe Area 3 Marina,Evac Area 4 Dock,81.66666666666667,106.66666666666667,106.66666666666667,116.66666666666667,18.0,0,None
4,Vessel 5,4,Evac Area 4 Dock,Safe Area 3 Marina,116.66666666666667,141.66666666666669,141.66666666666669,151.66666666666669,18.0,120,Evac Area 4
5,Vessel 5,5,Safe Area 3 Marina,Evac Area 4 Dock,151.66666666666669,176.66666666666669,176.66666666666669,186.66666666666669,18.0,0,None
6,Vessel 5,6,Evac Area 4 Dock,Safe Area 3 Marina,186.66666666666669,211.66666666666669,211.66666666666669,221.66666666666669,18.0,120,Evac Area 4
7,Vessel 5,7,Safe Area 3 Marina,Evac Area 4 Dock,221.66666666666669,246.66666666666669,246.66666666666669,256.6666666666667,18.0,0,None
8,Vessel 5,8,Evac Area 4 Dock,Safe Area 3 Marina,256.6666666666667,281.6666666666667,281.6666666666667,291.6666666666667,18.0,120,Evac Area 4
9,Vessel 5,9,Safe Area 3 Marina,Evac Area 4 Dock,291.6666666666667,316.6666666666667,316.6666666666667,326.6666666666667,18.0,0,None
10,Vessel 5,10,Evac Area 4 Dock,Safe Area 3 Marina,326.6666666666667,351.6666666666667,351.6666666666667,361.6666666666667,18.0,120,Evac Area 4
11,Vessel 5,11,Safe Area 3 Marina,Evac Area 4 Dock,361.6666666666667,386.6666666666667,386.6666666666667,396.6666666666667,18.0,0,None
12,Vessel 5,12,Evac Area 4 Dock,Safe Area 3 Marina,396.6666666666667,421.6666666666667,421.6666666666667,431.6666666666667,18.0,120,Evac Area 4
13,Vessel 5,13,Safe Area 3 Marina,Evac Area 3 Dock,431.6666666666667,446.6666666666667,446.6666666666667,456.6666666666667,18.0,0,None
14,Vessel 5,14,Evac Area 3 Dock,Safe Area 3 Marina,456.6666666666667,471.6666666666667,471.6666666666667,481.6666666666667,18.0,74,Evac Area 3
1,Vessel 6,1,Safe Area 1 Terminal,Evac Area 3 Dock,30.0,42.0,42.0,45.0,25.0,0,None
2,Vessel 6,2,Evac Area 3 Dock,Safe Area 3 Marina,45.0,55.8,55.8,58.8,25.0,12,Evac Area 3
3,Vessel 6,3,Safe Area 3 Marina,Evac Area 3 Dock,58.8,69.6,69.6,72.6,25.0,0,None
4,Vessel 6,4,Evac Area 3 Dock,Safe Area 3 Marina,72.6,83.39999999999999,83.39999999999999,86.39999999999999,25.0,0,Evac Area 3
5,Vessel 6,5,Safe Area 3 Marina,Evac Area 3 Dock,86.39999999999999,97.19999999999999,97.19999999999999,100.19999999999999,25.0,0,None
6,Vessel 6,6,Evac Area 3 Dock,Safe Area 3 Marina,100.19999999999999,110.99999999999999,110.99999999999999,113.99999999999999,25.0,12,Evac Area 3
7,Vessel 6,7,Safe Area 3 Marina,Evac Area 4 Beach,113.99999999999999,132.0,132.0,135.0,25.0,0,None
8,Vessel 6,8,Evac Area 4 Beach,Safe Area 2 Harbor,135.0,153.24,153.24,156.24,25.0,12,Evac Area 4
9,Vessel 6,9,Safe Area 2 Harbor,Evac Area 4 Beach,156.24,174.48000000000002,174.48000000000002,177.48000000000002,25.0,0,None
10,Vessel 6,10,Evac Area 4 Beach,Safe Area 3 Marina,177.48000000000002,195.48000000000002,195.48000000000002,198.48000000000002,25.0,12,Evac Area 4
11,Vessel 6,11,Safe Area 3 Marina,Evac Area 4 Dock,198.48000000000002,216.48000000000002,216.48000000000002,219.48000000000002,25.0,0,None
12,Vessel 6,12,Evac Area 4 Dock,Safe Area 3 Marina,219.48000000000002,237.48000000000002,237.48000000000002,240.48000000000002,25.0,12,Evac Area 4
13,Vessel 6,13,Safe Area 3 Marina,Evac Area 4 Dock,240.48000000000002,258.48,258.48,261.48,25.0,0,None
14,Vessel 6,14,Evac Area 4 Dock,Safe Area 3 Marina,261.48,279.48,279.48,282.48,25.0,12,Evac Area 4
15,Vessel 6,15,Safe Area 3 Marina,Evac Area 4 Beach,282.48,300.48,300.48,303.48,25.0,0,None
16,Vessel 6,16,Evac Area 4 Beach,Safe Area 2 Harbor,303.48,321.72,321.72,324.72,25.0,12,Evac Area 4
17,Vessel 6,17,Safe Area 2 Harbor,Evac Area 2 Marina,324.72,336.72,336.72,339.72,25.0,0,None
18,Vessel 6,18,Evac Area 2 Marina,Safe Area 2 Harbor,339.72,351.72,351.72,354.72,25.0,12,Evac Area 2
19,Vessel 6,19,Safe Area 2 Harbor,Evac Area 2 Marina,354.72,366.72,366.72,369.72,25.0,0,None
20,Vessel 6,20,Evac Area 2 Marina,Safe Area 2 Harbor,369.72,381.72,381.72,384.72,25.0,12,Evac Area 2
21,Vessel 6,21,Safe Area 2 Harbor,Evac Area 2 Marina,384.72,396.72,396.72,399.72,25.0,0,None
22,Vessel 6,22,Evac Area 2 Marina,Safe Area 2 Harbor,399.72,411.72,411.72,414.72,25.0,12,Evac Area 2
23,Vessel 6,23,Safe Area 2 Harbor,Evac Area 2 Marina,414.72,426.72,426.72,429.72,25.0,0,None
24,Vessel 6,24,Evac Area 2 Marina,Safe Area 2 Harbor,429.72,441.72,441.72,444.72,25.0,12,Evac Area 2
25,Vessel 6,25,Safe Area 2 Harbor,Evac Area 2 Marina,444.72,456.72,456.72,459.72,25.0,0,None
26,Vessel 6,26,Evac Area 2 Marina,Safe Area 2 Harbor,459.72,471.72,471.72,474.72,25.0,12,Evac Area 2
