segment_id,resource_id,route_segment_id,origin,destination,route_start_time,route_end_time,load_start_time,load_end_time,resource_speed,evacuees,evacuated_location
1,Vessel 1,1,Safe Area 1 Terminal,Evac Area 1 Ferry Terminal,10.0,24.0,24.0,34.0,12.0,0,None
2,Vessel 1,2,Evac Area 1 Ferry Terminal,Safe Area 1 Terminal,34.0,48.0,48.0,58.0,12.0,30,Evac Area 1
1,Vessel 1,1,Safe Area 1 Terminal,Evac Area 1 Ferry Terminal,60.0,74.0,74.0,84.0,12.0,0,None
2,Vessel 1,2,Evac Area 1 Ferry Terminal,Safe Area 1 Terminal,84.0,98.0,98.0,108.0,12.0,1,Evac Area 1
1,Vessel 2,1,Safe Area 2 Harbor,Evac Area 4 Dock,10.0,28.239999999999995,28.239999999999995,31.239999999999995,25.0,0,None
2,Vessel 2,2,Evac Area 4 Dock,Safe Area 3 Marina,31.239999999999995,49.24,49.24,52.24,25.0,12,Evac Area 4
1,Vessel 2,1,Safe Area 3 Marina,Evac Area 3 Dock,52.24,63.04,63.04,66.03999999999999,25.0,0,None
2,Vessel 2,2,Evac Area 3 Dock,Safe Area 3 Marina,66.03999999999999,76.84,76.84,79.84,25.0,12,Evac Area 3
1,Vessel 2,1,Safe Area 3 Marina,Evac Area 3 Dock,79.84,90.64,90.64,93.64,25.0,0,None
2,Vessel 2,2,Evac Area 3 Dock,Safe Area 3 Marina,93.64,104.44,104.44,107.44,25.0,12,Evac Area 3
1,Vessel 3,1,Safe Area 3 Marina,Evac Area 3 Dock,60.0,70.8,70.8,73.8,25.0,0,None
2,Vessel 3,2,Evac Area 3 Dock,Safe Area 3 Marina,73.8,84.6,84.6,87.6,25.0,12,Evac Area 3
1,Vessel 3,1,Safe Area 3 Marina,Evac Area 3 Dock,87.6,98.4,98.4,101.4,25.0,0,None
2,Vessel 3,2,Evac Area 3 Dock,Safe Area 3 Marina,101.4,112.2,112.2,115.2,25.0,12,Evac Area 3
1,Vessel 4,1,Safe Area 1 Terminal,Evac Area 3 Dock,10.0,22.0,22.0,27.0,25.0,0,None
2,Vessel 4,2,Evac Area 3 Dock,Safe Area 3 Marina,27.0,37.8,37.8,42.8,25.0,38,Evac Area 3
1,Vessel 4,1,Safe Area 3 Marina,Evac Area 4 Dock,42.8,60.8,60.8,65.8,25.0,0,None
2,Vessel 4,2,Evac Area 4 Dock,Safe Area 3 Marina,65.8,83.8,83.8,88.8,25.0,38,Evac Area 4
1,Vessel 4,1,Safe Area 3 Marina,Evac Area 3 Dock,88.8,99.6,99.6,104.6,25.0,0,None
2,Vessel 4,2,Evac Area 3 Dock,Safe Area 3 Marina,104.6,115.4,115.4,120.4,25.0,38,Evac Area 3
1,Vessel 5,1,Safe Area 1 Terminal,Evac Area 3 Dock,30.0,46.66666666666667,46.66666666666667,56.66666666666667,18.0,0,None
2,Vessel 5,2,Evac Area 3 Dock,Safe Area 3 Marina,56.66666666666667,71.66666666666667,71.66666666666667,81.66666666666667,18.0,120,Evac Area 3
1,Vessel 5,1,Safe Area 3 Marina,Evac Area 4 Dock,81.66666666666667,106.66666666666669,106.66666666666669,116.66666666666669,18.0,0,None
2,Vessel 5,2,Evac Area 4 Dock,Safe Area 3 Marina,116.66666666666669,141.66666666666669,141.66666666666669,151.66666666666669,18.0,120,Evac Area 4
1,Vessel 6,1,Safe Area 1 Terminal,Evac Area 3 Dock,30.0,42.0,42.0,45.0,25.0,0,None
2,Vessel 6,2,Evac Area 3 Dock,Safe Area 3 Marina,45.0,55.8,55.8,58.8,25.0,12,Evac Area 3
1,Vessel 6,1,Safe Area 3 Marina,Evac Area 4 Dock,58.8,76.8,76.8,79.8,25.0,0,None
2,Vessel 6,2,Evac Area 4 Dock,Safe Area 3 Marina,79.8,97.8,97.8,100.8,25.0,8,Evac Area 4
1,Vessel 2,1,Safe Area 3 Marina,Evac Area 2 Marina,107.44,124.24,124.24,127.24,25.0,0,None
2,Vessel 2,2,Evac Area 2 Marina,Safe Area 3 Marina,127.24,144.04,144.04,147.04,25.0,5,Evac Area 2
3,Vessel 2,3,Safe Area 3 Marina,Evac Area 4 Beach,147.04,165.04,165.04,168.04,25.0,0,None
4,Vessel 2,4,Evac Area 4 Beach,Safe Area 3 Marina,168.04,186.04,186.04,189.04,25.0,12,Evac Area 4
5,Vessel 2,5,Safe Area 3 Marina,Evac Area 2 Marina,189.04,205.83999999999997,205.83999999999997,208.83999999999997,25.0,0,None
6,Vessel 2,6,Evac Area 2 Marina,Safe Area 2 Harbor,208.83999999999997,220.83999999999997,220.83999999999997,223.83999999999997,25.0,12,Evac Area 2
7,Vessel 2,7,Safe Area 2 Harbor,Evac Area 4 Beach,223.83999999999997,242.07999999999998,242.07999999999998,245.07999999999998,25.0,0,None
8,Vessel 2,8,Evac Area 4 Beach,Safe Area 3 Marina,245.07999999999998,263.08,263.08,266.08,25.0,12,Evac Area 4
9,Vessel 2,9,Safe Area 3 Marina,Evac Area 3 Dock,266.08,276.88,276.88,279.88,25.0,0,None
10,Vessel 2,10,Evac Area 3 Dock,Safe Area 3 Marina,279.88,290.68,290.68,293.68,25.0,12,Evac Area 3
11,Vessel 2,11,Safe Area 3 Marina,Evac Area 3 Dock,293.68,304.48,304.48,307.48,25.0,0,None
12,Vessel 2,12,Evac Area 3 Dock,Safe Area 1 Terminal,307.48,319.48,319.48,322.48,25.0,5,Evac Area 3
1,Vessel 3,1,Safe Area 3 Marina,Evac Area 4 Beach,115.2,133.2,133.2,136.2,25.0,0,None
2,Vessel 3,2,Evac Area 4 Beach,Safe Area 2 Harbor,136.2,154.44,154.44,157.44,25.0,12,Evac Area 4
3,Vessel 3,3,Safe Area 2 Harbor,Evac Area 2 Marina,157.44,169.44,169.44,172.44,25.0,0,None
4,Vessel 3,4,Evac Area 2 Marina,Safe Area 2 Harbor,172.44,184.44,184.44,187.44,25.0,12,Evac Area 2
5,Vessel 3,5,Safe Area 2 Harbor,Evac Area 4 Dock,187.44,205.68,205.68,208.68,25.0,0,None
6,Vessel 3,6,Evac Area 4 Dock,Safe Area 3 Marina,208.68,226.68,226.68,229.68,25.0,12,Evac Area 4
7,Vessel 3,7,Safe Area 3 Marina,Evac Area 4 Dock,229.68,247.68,247.68,250.68,25.0,0,None
8,Vessel 3,8,Evac Area 4 Dock,Safe Area 2 Harbor,250.68,268.92,268.92,271.92,25.0,6,Evac Area 4
9,Vessel 3,9,Safe Area 2 Harbor,Evac Area 4 Beach,271.92,290.16,290.16,293.16,25.0,0,None
10,Vessel 3,10,Evac Area 4 Beach,Safe Area 3 Marina,293.16,311.16,311.16,314.16,25.0,12,Evac Area 4
1,Vessel 4,1,Safe Area 3 Marina,Evac Area 4 Dock,120.4,138.4,138.4,143.4,25.0,0,None
2,Vessel 4,2,Evac Area 4 Dock,Safe Area 3 Marina,143.4,161.4,161.4,166.4,25.0,38,Evac Area 4
3,Vessel 4,3,Safe Area 3 Marina,Evac Area 4 Dock,166.4,184.4,184.4,189.4,25.0,0,None
4,Vessel 4,4,Evac Area 4 Dock,Safe Area 3 Marina,189.4,207.4,207.4,212.4,25.0,38,Evac Area 4
5,Vessel 4,5,Safe Area 3 Marina,Evac Area 3 Dock,212.4,223.20000000000002,223.20000000000002,228.20000000000002,25.0,0,None
6,Vessel 4,6,Evac Area 3 Dock,Safe Area 3 Marina,228.20000000000002,239.00000000000003,239.00000000000003,244.00000000000003,25.0,38,Evac Area 3
7,Vessel 4,7,Safe Area 3 Marina,Evac Area 4 Dock,244.00000000000003,262.0,262.0,267.0,25.0,0,None
8,Vessel 4,8,Evac Area 4 Dock,Safe Area 2 Harbor,267.0,285.24,285.24,290.24,25.0,38,Evac Area 4
9,Vessel 4,9,Safe Area 2 Harbor,Evac Area 2 Marina,290.24,302.24,302.24,307.24,25.0,0,None
10,Vessel 4,10,Evac Area 2 Marina,Safe Area 2 Harbor,307.24,319.24,319.24,324.24,25.0,38,Evac Area 2
1,Vessel 5,1,Safe Area 3 Marina,Evac Area 3 Dock,151.66666666666669,166.66666666666669,166.66666666666669,176.66666666666669,18.0,0,None
2,Vessel 5,2,Evac Area 3 Dock,Safe Area 3 Marina,176.66666666666669,191.66666666666669,191.66666666666669,201.66666666666669,18.0,120,Evac Area 3
3,Vessel 5,3,Safe Area 3 Marina,Evac Area 3 Dock,201.66666666666669,216.66666666666669,216.66666666666669,226.66666666666669,18.0,0,None
4,Vessel 5,4,Evac Area 3 Dock,Safe Area 3 Marina,226.66666666666669,241.66666666666669,241.66666666666669,251.66666666666669,18.0,120,Evac Area 3
5,Vessel 5,5,Safe Area 3 Marina,Evac Area 4 Dock,251.66666666666669,276.6666666666667,276.6666666666667,286.6666666666667,18.0,0,None
6,Vessel 5,6,Evac Area 4 Dock,Safe Area 3 Marina,286.6666666666667,311.6666666666667,311.6666666666667,321.6666666666667,18.0,120,Evac Area 4
1,Vessel 6,1,Safe Area 3 Marina,Evac Area 4 Dock,100.8,118.8,118.8,121.8,25.0,0,None
2,Vessel 6,2,Evac Area 4 Dock,Safe Area 3 Marina,121.8,139.8,139.8,142.8,25.0,12,Evac Area 4
3,Vessel 6,3,Safe Area 3 Marina,Evac Area 4 Dock,142.8,160.8,160.8,163.8,25.0,0,None
4,Vessel 6,4,Evac Area 4 Dock,Safe Area 2 Harbor,163.8,182.04,182.04,185.04,25.0,12,Evac Area 4
5,Vessel 6,5,Safe Area 2 Harbor,Evac Area 4 Beach,185.04,203.27999999999997,203.27999999999997,206.27999999999997,25.0,0,None
6,Vessel 6,6,Evac Area 4 Beach,Safe Area 3 Marina,206.27999999999997,224.27999999999997,224.27999999999997,227.27999999999997,25.0,12,Evac Area 4
7,Vessel 6,7,Safe Area 3 Marina,Evac Area 4 Beach,227.27999999999997,245.27999999999997,245.27999999999997,248.27999999999997,25.0,0,None
8,Vessel 6,8,Evac Area 4 Beach,Safe Area 3 Marina,248.27999999999997,266.28,266.28,269.28,25.0,12,Evac Area 4
9,Vessel 6,9,Safe Area 3 Marina,Evac Area 4 Beach,269.28,287.28,287.28,290.28,25.0,0,None
10,Vessel 6,10,Evac Area 4 Beach,Safe Area 1 Terminal,290.28,311.88,311.88,314.88,25.0,12,Evac Area 4
