segment_id,resource_id,route_segment_id,origin,destination,route_start_time,route_end_time,load_start_time,load_end_time,resource_speed,evacuees,evacuated_location
1,Vessel 1,1,Safe Area 1 Terminal,Evac Area 1 Ferry Terminal,10.0,24.0,24.0,34.0,12.0,0,None
2,Vessel 1,2,Evac Area 1 Ferry Terminal,Safe Area 1 Terminal,34.0,48.0,48.0,58.0,12.0,152,Evac Area 1
1,Vessel 1,1,Safe Area 1 Terminal,Evac Area 1 Ferry Terminal,120.0,134.0,134.0,144.0,12.0,0,None
2,Vessel 1,2,Evac Area 1 Ferry Terminal,Safe Area 1 Terminal,144.0,158.0,158.0,168.0,12.0,29,Evac Area 1
1,Vessel 2,1,Safe Area 2 Harbor,Evac Area 4 Beach,10.0,28.24000000000001,28.24000000000001,31.24000000000001,25.0,0,None
2,Vessel 2,2,Evac Area 4 Beach,Safe Area 3 Marina,31.24000000000001,49.24000000000001,49.24000000000001,52.24000000000001,25.0,12,Evac Area 4
3,Vessel 2,3,Safe Area 3 Marina,Evac Area 3 Dock,52.24000000000001,63.03999999999999,63.03999999999999,66.03999999999999,25.0,0,None
4,Vessel 2,4,Evac Area 3 Dock,Safe Area 3 Marina,66.03999999999999,76.83999999999999,76.83999999999999,79.83999999999999,25.0,12,Evac Area 3
1,Vessel 2,1,Safe Area 3 Marina,Evac Area 3 Dock,79.83999999999999,90.64,90.64,93.64,25.0,0,None
2,Vessel 2,2,Evac Area 3 Dock,Safe Area 3 Marina,93.64,104.43999999999998,104.43999999999998,107.43999999999998,25.0,12,Evac Area 3
3,Vessel 2,3,Safe Area 3 Marina,Evac Area 2 Marina,107.43999999999998,124.23999999999998,124.23999999999998,127.23999999999998,25.0,0,None
4,Vessel 2,4,Evac Area 2 Marina,Safe Area 2 Harbor,127.23999999999998,139.23999999999998,139.23999999999998,142.23999999999998,25.0,12,Evac Area 2
1,Vessel 2,1,Safe Area 2 Harbor,Evac Area 2 Marina,142.23999999999998,154.23999999999998,154.23999999999998,157.23999999999998,25.0,0,None
2,Vessel 2,2,Evac Area 2 Marina,Safe Area 2 Harbor,157.23999999999998,169.23999999999998,169.23999999999998,172.23999999999998,25.0,12,Evac Area 2
3,Vessel 2,3,Safe Area 2 Harbor,Evac Area 2 Marina,172.23999999999998,184.24,184.24,187.24,25.0,0,None
4,Vessel 2,4,Evac Area 2 Marina,Safe Area 2 Harbor,187.24,199.24,199.24,202.24,25.0,12,Evac Area 2
1,Vessel 3,1,Safe Area 3 Marina,Evac Area 3 Dock,60.0,70.8,70.8,73.8,25.0,0,None
2,Vessel 3,2,Evac Area 3 Dock,Safe Area 3 Marina,73.8,84.6,84.6,87.6,25.0,12,Evac Area 3
1,Vessel 3,1,Safe Area 3 Marina,Evac Area 2 Marina,87.6,104.4,104.4,107.4,25.0,0,None
2,Vessel 3,2,Evac Area 2 Marina,Safe Area 1 Terminal,107.4,131.39999999999998,131.39999999999998,134.39999999999998,25.0,12,Evac Area 2
1,Vessel 3,1,Safe Area 1 Terminal,Evac Area 3 Dock,134.39999999999998,146.39999999999998,146.39999999999998,149.39999999999998,25.0,0,None
2,Vessel 3,2,Evac Area 3 Dock,Safe Area 3 Marina,149.39999999999998,160.2,160.2,163.2,25.0,12,Evac Area 3
3,Vessel 3,3,Safe Area 3 Marina,Evac Area 3 Dock,163.2,173.99999999999997,173.99999999999997,176.99999999999997,25.0,0,None
4,Vessel 3,4,Evac Area 3 Dock,Safe Area 3 Marina,176.99999999999997,187.79999999999995,187.79999999999995,190.79999999999995,25.0,12,Evac Area 3
1,Vessel 4,1,Safe Area 1 Terminal,Evac Area 3 Dock,10.0,22.0,22.0,27.0,25.0,0,None
2,Vessel 4,2,Evac Area 3 Dock,Safe Area 3 Marina,27.0,37.80000000000001,37.80000000000001,42.80000000000001,25.0,38,Evac Area 3
3,Vessel 4,3,Safe Area 3 Marina,Evac Area 4 Dock,42.80000000000001,60.8,60.8,65.8,25.0,0,None
4,Vessel 4,4,Evac Area 4 Dock,Safe Area 3 Marina,65.8,83.8,83.8,88.8,25.0,38,Evac Area 4
1,Vessel 4,1,Safe Area 3 Marina,Evac Area 3 Dock,88.8,99.6,99.6,104.6,25.0,0,None
2,Vessel 4,2,Evac Area 3 Dock,Safe Area 3 Marina,104.6,115.4,115.4,120.4,25.0,38,Evac Area 3
1,Vessel 4,1,Safe Area 3 Marina,Evac Area 3 Dock,120.4,131.20000000000002,131.20000000000002,136.2,25.0,0,None
2,Vessel 4,2,Evac Area 3 Dock,Safe Area 3 Marina,136.2,147.0,147.0,152.0,25.0,38,Evac Area 3
3,Vessel 4,3,Safe Area 3 Marina,Evac Area 3 Dock,152.0,162.8,162.8,167.8,25.0,0,None
4,Vessel 4,4,Evac Area 3 Dock,Safe Area 3 Marina,167.8,178.6,178.6,183.6,25.0,38,Evac Area 3
1,Vessel 5,1,Safe Area 1 Terminal,Evac Area 3 Dock,30.0,46.666666666666686,46.666666666666686,56.66666666666667,18.0,0,None
2,Vessel 5,2,Evac Area 3 Dock,Safe Area 3 Marina,56.66666666666667,71.66666666666667,71.66666666666667,81.66666666666667,18.0,120,Evac Area 3
1,Vessel 5,1,Safe Area 3 Marina,Evac Area 2 Marina,81.66666666666667,105.0,105.0,115.0,18.0,0,None
2,Vessel 5,2,Evac Area 2 Marina,Safe Area 2 Harbor,115.0,131.66666666666669,131.66666666666669,141.66666666666669,18.0,120,Evac Area 2
1,Vessel 5,1,Safe Area 2 Harbor,Evac Area 2 Marina,141.66666666666669,158.33333333333337,158.33333333333337,168.33333333333337,18.0,0,None
2,Vessel 5,2,Evac Area 2 Marina,Safe Area 2 Harbor,168.33333333333337,185.00000000000003,185.00000000000003,195.00000000000003,18.0,120,Evac Area 2
1,Vessel 6,1,Safe Area 1 Terminal,Evac Area 3 Dock,30.0,42.0,42.0,45.0,25.0,0,None
2,Vessel 6,2,Evac Area 3 Dock,Safe Area 3 Marina,45.0,55.8,55.8,58.8,25.0,12,Evac Area 3
3,Vessel 6,3,Safe Area 3 Marina,Evac Area 4 Dock,58.8,76.8,76.8,79.8,25.0,0,None
4,Vessel 6,4,Evac Area 4 Dock,Safe Area 2 Harbor,79.8,98.04,98.04,101.04,25.0,12,Evac Area 4
1,Vessel 6,1,Safe Area 2 Harbor,Evac Area 4 Dock,101.04,119.28,119.28,122.28,25.0,0,None
2,Vessel 6,2,Evac Area 4 Dock,Safe Area 3 Marina,122.28,140.28,140.28,143.28,25.0,6,Evac Area 4
1,Vessel 6,1,Safe Area 3 Marina,Evac Area 3 Dock,143.28,154.07999999999998,154.07999999999998,157.07999999999998,25.0,0,None
2,Vessel 6,2,Evac Area 3 Dock,Safe Area 1 Terminal,157.07999999999998,169.07999999999998,169.07999999999998,172.07999999999998,25.0,12,Evac Area 3
3,Vessel 6,3,Safe Area 1 Terminal,Evac Area 3 Dock,172.07999999999998,184.08,184.08,187.08,25.0,0,None
4,Vessel 6,4,Evac Area 3 Dock,Safe Area 3 Marina,187.08,197.88,197.88,200.88,25.0,12,Evac Area 3
1,Vessel 2,1,Safe Area 2 Harbor,Evac Area 2 Marina,202.24,214.24,214.24,217.24,25.0,0,None
2,Vessel 2,2,Evac Area 2 Marina,Safe Area 2 Harbor,217.24,229.24,229.24,232.24,25.0,12,Evac Area 2
3,Vessel 2,3,Safe Area 2 Harbor,Evac Area 2 Marina,232.24,244.24,244.24,247.24,25.0,0,None
4,Vessel 2,4,Evac Area 2 Marina,Safe Area 2 Harbor,247.24,259.24,259.24,262.24,25.0,12,Evac Area 2
5,Vessel 2,5,Safe Area 2 Harbor,Evac Area 2 Marina,262.24,274.24,274.24,277.24,25.0,0,None
6,Vessel 2,6,Evac Area 2 Marina,Safe Area 2 Harbor,277.24,289.24,289.24,292.24,25.0,12,Evac Area 2
7,Vessel 2,7,Safe Area 2 Harbor,Evac Area 2 Marina,292.24,304.24,304.24,307.24,25.0,0,None
8,Vessel 2,8,Evac Area 2 Marina,Safe Area 2 Harbor,307.24,319.24,319.24,322.24,25.0,12,Evac Area 2
1,Vessel 3,1,Safe Area 3 Marina,Evac Area 3 Dock,190.79999999999995,201.59999999999997,201.59999999999997,204.59999999999997,25.0,0,None
2,Vessel 3,2,Evac Area 3 Dock,Safe Area 3 Marina,204.59999999999997,215.39999999999995,215.39999999999995,218.39999999999995,25.0,9,Evac Area 3
3,Vessel 3,3,Safe Area 3 Marina,Evac Area 3 Dock,218.39999999999995,229.19999999999993,229.19999999999993,232.19999999999993,25.0,0,None
4,Vessel 3,4,Evac Area 3 Dock,Safe Area 3 Marina,232.19999999999993,242.99999999999994,242.99999999999994,245.99999999999994,25.0,12,Evac Area 3
5,Vessel 3,5,Safe Area 3 Marina,Evac Area 4 Beach,245.99999999999994,263.99999999999994,263.99999999999994,266.99999999999994,25.0,0,None
6,Vessel 3,6,Evac Area 4 Beach,Safe Area 2 Harbor,266.99999999999994,285.23999999999995,285.23999999999995,288.23999999999995,25.0,12,Evac Area 4
1,Vessel 4,1,Safe Area 3 Marina,Evac Area 3 Dock,183.6,194.4,194.4,199.39999999999998,25.0,0,None
2,Vessel 4,2,Evac Area 3 Dock,Safe Area 3 Marina,199.39999999999998,210.2,210.2,215.2,25.0,38,Evac Area 3
3,Vessel 4,3,Safe Area 3 Marina,Evac Area 3 Dock,215.2,226.0,226.0,231.0,25.0,0,None
4,Vessel 4,4,Evac Area 3 Dock,Safe Area 3 Marina,231.0,241.79999999999998,241.79999999999998,246.79999999999998,25.0,38,Evac Area 3
5,Vessel 4,5,Safe Area 3 Marina,Evac Area 2 Marina,246.79999999999998,263.59999999999997,263.59999999999997,268.59999999999997,25.0,0,None
6,Vessel 4,6,Evac Area 2 Marina,Safe Area 2 Harbor,268.59999999999997,280.59999999999997,280.59999999999997,285.59999999999997,25.0,38,Evac Area 2
7,Vessel 4,7,Safe Area 2 Harbor,Evac Area 2 Marina,285.59999999999997,297.59999999999997,297.59999999999997,302.59999999999997,25.0,0,None
8,Vessel 4,8,Evac Area 2 Marina,Safe Area 2 Harbor,302.59999999999997,314.59999999999997,314.59999999999997,319.59999999999997,25.0,38,Evac Area 2
9,Vessel 4,9,Safe Area 2 Harbor,Evac Area 2 Marina,319.59999999999997,331.59999999999997,331.59999999999997,336.59999999999997,25.0,0,None
10,Vessel 4,10,Evac Area 2 Marina,Safe Area 2 Harbor,336.59999999999997,348.59999999999997,348.59999999999997,353.59999999999997,25.0,38,Evac Area 2
11,Vessel 4,11,Safe Area 2 Harbor,Evac Area 2 Marina,353.59999999999997,365.59999999999997,365.59999999999997,370.59999999999997,25.0,0,None
12,Vessel 4,12,Evac Area 2 Marina,Safe Area 2 Harbor,370.59999999999997,382.59999999999997,382.59999999999997,387.59999999999997,25.0,38,Evac Area 2
1,Vessel 5,1,Safe Area 2 Harbor,Evac Area 2 Marina,195.00000000000003,211.66666666666669,211.66666666666669,221.66666666666669,18.0,0,None
2,Vessel 5,2,Evac Area 2 Marina,Safe Area 3 Marina,221.66666666666669,245.00000000000003,245.00000000000003,255.00000000000003,18.0,120,Evac Area 2
3,Vessel 5,3,Safe Area 3 Marina,Evac Area 3 Dock,255.00000000000003,270.0,270.0,280.0,18.0,0,None
4,Vessel 5,4,Evac Area 3 Dock,Safe Area 3 Marina,280.0,295.0,295.0,305.0,18.0,120,Evac Area 3
5,Vessel 5,5,Safe Area 3 Marina,Evac Area 3 Dock,305.0,320.0,320.0,330.0,18.0,0,None
6,Vessel 5,6,Evac Area 3 Dock,Safe Area 3 Marina,330.0,345.0,345.0,355.0,18.0,120,Evac Area 3
7,Vessel 5,7,Safe Area 3 Marina,Evac Area 3 Dock,355.0,370.0,370.0,380.0,18.0,0,None
8,Vessel 5,8,Evac Area 3 Dock,Safe Area 3 Marina,380.0,395.0,395.0,405.0,18.0,120,Evac Area 3
1,Vessel 6,1,Safe Area 3 Marina,Evac Area 3 Dock,200.88,211.68,211.68,214.68,25.0,0,None
2,Vessel 6,2,Evac Area 3 Dock,Safe Area 3 Marina,214.68,225.48,225.48,228.48,25.0,12,Evac Area 3
3,Vessel 6,3,Safe Area 3 Marina,Evac Area 4 Beach,228.48,246.48,246.48,249.48,25.0,0,None
4,Vessel 6,4,Evac Area 4 Beach,Safe Area 2 Harbor,249.48,267.71999999999997,267.71999999999997,270.71999999999997,25.0,2,Evac Area 4
5,Vessel 6,5,Safe Area 2 Harbor,Evac Area 2 Marina,270.71999999999997,282.71999999999997,282.71999999999997,285.71999999999997,25.0,0,None
6,Vessel 6,6,Evac Area 2 Marina,Safe Area 2 Harbor,285.71999999999997,297.71999999999997,297.71999999999997,300.71999999999997,25.0,5,Evac Area 2
7,Vessel 6,7,Safe Area 2 Harbor,Evac Area 2 Marina,300.71999999999997,312.71999999999997,312.71999999999997,315.71999999999997,25.0,0,None
8,Vessel 6,8,Evac Area 2 Marina,Safe Area 2 Harbor,315.71999999999997,327.71999999999997,327.71999999999997,330.71999999999997,25.0,12,Evac Area 2
