segment_id,resource_id,route_segment_id,origin,destination,route_start_time,route_end_time,load_start_time,load_end_time,resource_speed,evacuees,evacuated_location
1,Vessel 1,1,Safe Area 1 Terminal,Evac Area 1 Ferry Terminal,10.0,24.0,24.0,34.0,12.0,0,None
2,Vessel 1,2,Evac Area 1 Ferry Terminal,Safe Area 1 Terminal,34.0,48.0,48.0,58.0,12.0,162,Evac Area 1
1,Vessel 2,1,Safe Area 2 Harbor,Evac Area 4 Beach,10.0,28.24,28.24,31.24,25.0,0,None
2,Vessel 2,2,Evac Area 4 Beach,Safe Area 1 Terminal,31.24,52.839999999999996,52.839999999999996,55.839999999999996,25.0,12,Evac Area 4
3,Vessel 2,3,Safe Area 1 Terminal,Evac Area 2 Marina,55.839999999999996,79.84,79.84,82.84,25.0,0,None
4,Vessel 2,4,Evac Area 2 Marina,Safe Area 2 Harbor,82.84,94.84,94.84,97.84,25.0,12,Evac Area 2
5,Vessel 2,5,Safe Area 2 Harbor,Evac Area 2 Marina,97.84,109.84,109.84,112.84,25.0,0,None
6,Vessel 2,6,Evac Area 2 Marina,Safe Area 2 Harbor,112.84,124.84,124.84,127.84,25.0,12,Evac Area 2
7,Vessel 2,7,Safe Area 2 Harbor,Evac Area 4 Beach,127.84,146.08,146.08,149.08,25.0,0,None
8,Vessel 2,8,Evac Area 4 Beach,Safe Area 1 Terminal,149.08,170.68,170.68,173.68,25.0,12,Evac Area 4
1,Vessel 3,1,Safe Area 3 Marina,Evac Area 4 Beach,60.0,78.0,78.0,81.0,25.0,0,None
2,Vessel 3,2,Evac Area 4 Beach,Safe Area 2 Harbor,81.0,99.24,99.24,102.24,25.0,12,Evac Area 4
3,Vessel 3,3,Safe Area 2 Harbor,Evac Area 2 Marina,102.24,114.24,114.24,117.24,25.0,0,None
4,Vessel 3,4,Evac Area 2 Marina,Safe Area 3 Marina,117.24,134.04,134.04,137.04,25.0,12,Evac Area 2
5,Vessel 3,5,Safe Area 3 Marina,Evac Area 4 Beach,137.04,155.04,155.04,158.04,25.0,0,None
6,Vessel 3,6,Evac Area 4 Beach,Safe Area 3 Marina,158.04,176.04,176.04,179.04,25.0,12,Evac Area 4
7,Vessel 3,7,Safe Area 3 Marina,Evac Area 2 Marina,179.04,195.84,195.84,198.84,25.0,0,None
8,Vessel 3,8,Evac Area 2 Marina,Safe Area 2 Harbor,198.84,210.84,210.84,213.84,25.0,12,Evac Area 2
9,Vessel 3,9,Safe Area 2 Harbor,Evac Area 2 Marina,213.84,225.84,225.84,228.84,25.0,0,None
10,Vessel 3,10,Evac Area 2 Marina,Safe Area 2 Harbor,228.84,240.84,240.84,243.84,25.0,12,Evac Area 2
1,Vessel 4,1,Safe Area 1 Terminal,Evac Area 2 Marina,10.0,34.0,34.0,39.0,25.0,0,None
2,Vessel 4,2,Evac Area 2 Marina,Safe Area 2 Harbor,39.0,51.0,51.0,56.0,25.0,38,Evac Area 2
3,Vessel 4,3,Safe Area 2 Harbor,Evac Area 4 Dock,56.0,74.24,74.24,79.24,25.0,0,None
4,Vessel 4,4,Evac Area 4 Dock,Safe Area 2 Harbor,79.24,97.47999999999999,97.47999999999999,102.47999999999999,25.0,38,Evac Area 4
5,Vessel 4,5,Safe Area 2 Harbor,Evac Area 2 Marina,102.47999999999999,114.47999999999999,114.47999999999999,119.47999999999999,25.0,0,None
6,Vessel 4,6,Evac Area 2 Marina,Safe Area 2 Harbor,119.47999999999999,131.48,131.48,136.48,25.0,38,Evac Area 2
7,Vessel 4,7,Safe Area 2 Harbor,Evac Area 2 Marina,136.48,148.48,148.48,153.48,25.0,0,None
8,Vessel 4,8,Evac Area 2 Marina,Safe Area 2 Harbor,153.48,165.48,165.48,170.48,25.0,38,Evac Area 2
9,Vessel 4,9,Safe Area 2 Harbor,Evac Area 2 Marina,170.48,182.48,182.48,187.48,25.0,0,None
10,Vessel 4,10,Evac Area 2 Marina,Safe Area 2 Harbor,187.48,199.48,199.48,204.48,25.0,38,Evac Area 2
11,Vessel 4,11,Safe Area 2 Harbor,Evac Area 2 Marina,204.48,216.48,216.48,221.48,25.0,0,None
12,Vessel 4,12,Evac Area 2 Marina,Safe Area 2 Harbor,221.48,233.48,233.48,238.48,25.0,38,Evac Area 2
1,Vessel 5,1,Safe Area 1 Terminal,Evac Area 3 Dock,30.0,46.66666666666667,46.66666666666667,56.66666666666667,18.0,0,None
2,Vessel 5,2,Evac Area 3 Dock,Safe Area 3 Marina,56.66666666666667,71.66666666666667,71.66666666666667,81.66666666666667,18.0,109,Evac Area 3
3,Vessel 5,3,Safe Area 3 Marina,Evac Area 2 Marina,81.66666666666667,105.0,105.0,115.0,18.0,0,None
4,Vessel 5,4,Evac Area 2 Marina,Safe Area 2 Harbor,115.0,131.66666666666666,131.66666666666666,141.66666666666666,18.0,120,Evac Area 2
5,Vessel 5,5,Safe Area 2 Harbor,Evac Area 2 Marina,141.66666666666666,158.33333333333331,158.33333333333331,168.33333333333331,18.0,0,None
6,Vessel 5,6,Evac Area 2 Marina,Safe Area 2 Harbor,168.33333333333331,184.99999999999997,184.99999999999997,194.99999999999997,18.0,120,Evac Area 2
7,Vessel 5,7,Safe Area 2 Harbor,Evac Area 2 Marina,194.99999999999997,211.66666666666663,211.66666666666663,221.66666666666663,18.0,0,None
8,Vessel 5,8,Evac Area 2 Marina,Safe Area 2 Harbor,221.66666666666663,238.3333333333333,238.3333333333333,248.3333333333333,18.0,120,Evac Area 2
1,Vessel 6,1,Safe Area 1 Terminal,Evac Area 2 Marina,30.0,54.0,54.0,57.0,25.0,0,None
2,Vessel 6,2,Evac Area 2 Marina,Safe Area 2 Harbor,57.0,69.0,69.0,72.0,25.0,12,Evac Area 2
3,Vessel 6,3,Safe Area 2 Harbor,Evac Area 4 Beach,72.0,90.24,90.24,93.24,25.0,0,None
4,Vessel 6,4,Evac Area 4 Beach,Safe Area 3 Marina,93.24,111.24,111.24,114.24,25.0,12,Evac Area 4
5,Vessel 6,5,Safe Area 3 Marina,Evac Area 2 Marina,114.24,131.04,131.04,134.04,25.0,0,None
6,Vessel 6,6,Evac Area 2 Marina,Safe Area 2 Harbor,134.04,146.04,146.04,149.04,25.0,12,Evac Area 2
7,Vessel 6,7,Safe Area 2 Harbor,Evac Area 2 Marina,149.04,161.04,161.04,164.04,25.0,0,None
8,Vessel 6,8,Evac Area 2 Marina,Safe Area 1 Terminal,164.04,188.04,188.04,191.04,25.0,12,Evac Area 2
9,Vessel 6,9,Safe Area 1 Terminal,Evac Area 2 Marina,191.04,215.04,215.04,218.04,25.0,0,None
10,Vessel 6,10,Evac Area 2 Marina,Safe Area 2 Harbor,218.04,230.04,230.04,233.04,25.0,4,Evac Area 2
