segment_id,resource_id,route_segment_id,origin,destination,route_start_time,route_end_time,load_start_time,load_end_time,resource_speed,evacuees,evacuated_location
1,Vessel 1,1,Safe Area 1 Terminal,Evac Area 1 Ferry Terminal,10.0,24.0,24.0,34.0,12.0,0,None
2,Vessel 1,2,Evac Area 1 Ferry Terminal,Safe Area 1 Terminal,34.0,48.0,48.0,58.0,12.0,56,Evac Area 1
1,Vessel 2,1,Safe Area 2 Harbor,Evac Area 2 Marina,10.0,22.0,22.0,25.0,25.0,0,None
2,Vessel 2,2,Evac Area 2 Marina,Safe Area 1 Terminal,25.0,49.0,49.0,52.0,25.0,12,Evac Area 2
3,Vessel 2,3,Safe Area 1 Terminal,Evac Area 4 Dock,52.0,73.6,73.6,76.6,25.0,0,None
4,Vessel 2,4,Evac Area 4 Dock,Safe Area 2 Harbor,76.6,94.84,94.84,97.84,25.0,12,Evac Area 4
1,Vessel 3,1,Safe Area 3 Marina,Evac Area 4 Dock,60.0,78.0,78.0,81.0,25.0,0,None
2,Vessel 3,2,Evac Area 4 Dock,Safe Area 2 Harbor,81.0,99.24,99.24,102.24,25.0,12,Evac Area 4
1,Vessel 4,1,Safe Area 1 Terminal,Evac Area 3 Dock,10.0,22.0,22.0,27.0,25.0,0,None
2,Vessel 4,2,Evac Area 3 Dock,Safe Area 3 Marina,27.0,37.8,37.8,42.8,25.0,38,Evac Area 3
3,Vessel 4,3,Safe Area 3 Marina,Evac Area 3 Dock,42.8,53.6,53.6,58.6,25.0,0,None
4,Vessel 4,4,Evac Area 3 Dock,Safe Area 3 Marina,58.6,69.39999999999999,69.39999999999999,74.39999999999999,25.0,34,Evac Area 3
1,Vessel 5,1,Safe Area 1 Terminal,Evac Area 3 Dock,30.0,46.66666666666667,46.66666666666667,56.66666666666667,18.0,0,None
2,Vessel 5,2,Evac Area 3 Dock,Safe Area 3 Marina,56.66666666666667,71.66666666666667,71.66666666666667,81.66666666666667,18.0,120,Evac Area 3
1,Vessel 6,1,Safe Area 1 Terminal,Evac Area 3 Dock,30.0,42.0,42.0,45.0,25.0,0,None
2,Vessel 6,2,Evac Area 3 Dock,Safe Area 2 Harbor,45.0,64.2,64.2,67.2,25.0,12,Evac Area 3
1,Vessel 1,1,Safe Area 1 Terminal,Evac Area 1 Ferry Terminal,60.0,74.0,74.0,84.0,12.0,0,None
2,Vessel 1,2,Evac Area 1 Ferry Terminal,Safe Area 1 Terminal,84.0,98.0,98.0,108.0,12.0,20,Evac Area 1
1,Vessel 2,1,Safe Area 2 Harbor,Evac Area 4 Beach,97.84,116.08,116.08,119.08,25.0,0,None
2,Vessel 2,2,Evac Area 4 Beach,Safe Area 3 Marina,119.08,137.07999999999998,137.07999999999998,140.07999999999998,25.0,11,Evac Area 4
3,Vessel 2,3,Safe Area 3 Marina,Evac Area 3 Dock,140.07999999999998,150.88,150.88,153.88,25.0,0,None
4,Vessel 2,4,Evac Area 3 Dock,Safe Area 3 Marina,153.88,164.68,164.68,167.68,25.0,12,Evac Area 3
5,Vessel 2,5,Safe Area 3 Marina,Evac Area 3 Dock,167.68,178.48,178.48,181.48,25.0,0,None
6,Vessel 2,6,Evac Area 3 Dock,Safe Area 3 Marina,181.48,192.28,192.28,195.28,25.0,12,Evac Area 3
7,Vessel 2,7,Safe Area 3 Marina,Evac Area 3 Dock,195.28,206.08,206.08,209.08,25.0,0,None
8,Vessel 2,8,Evac Area 3 Dock,Safe Area 3 Marina,209.08,219.88000000000002,219.88000000000002,222.88000000000002,25.0,12,Evac Area 3
9,Vessel 2,9,Safe Area 3 Marina,Evac Area 4 Beach,222.88000000000002,240.88000000000002,240.88000000000002,243.88000000000002,25.0,0,None
10,Vessel 2,10,Evac Area 4 Beach,Safe Area 2 Harbor,243.88000000000002,262.12,262.12,265.12,25.0,12,Evac Area 4
11,Vessel 2,11,Safe Area 2 Harbor,Evac Area 2 Marina,265.12,277.12,277.12,280.12,25.0,0,None
12,Vessel 2,12,Evac Area 2 Marina,Safe Area 2 Harbor,280.12,292.12,292.12,295.12,25.0,10,Evac Area 2
1,Vessel 3,1,Safe Area 2 Harbor,Evac Area 4 Beach,102.24,120.47999999999999,120.47999999999999,123.47999999999999,25.0,0,None
2,Vessel 3,2,Evac Area 4 Beach,Safe Area 3 Marina,123.47999999999999,141.48,141.48,144.48,25.0,12,Evac Area 4
3,Vessel 3,3,Safe Area 3 Marina,Evac Area 3 Dock,144.48,155.27999999999997,155.27999999999997,158.27999999999997,25.0,0,None
4,Vessel 3,4,Evac Area 3 Dock,Safe Area 3 Marina,158.27999999999997,169.07999999999998,169.07999999999998,172.07999999999998,25.0,12,Evac Area 3
5,Vessel 3,5,Safe Area 3 Marina,Evac Area 3 Dock,172.07999999999998,182.88,182.88,185.88,25.0,0,None
6,Vessel 3,6,Evac Area 3 Dock,Safe Area 3 Marina,185.88,196.67999999999998,196.67999999999998,199.67999999999998,25.0,12,Evac Area 3
7,Vessel 3,7,Safe Area 3 Marina,Evac Area 3 Dock,199.67999999999998,210.48,210.48,213.48,25.0,0,None
8,Vessel 3,8,Evac Area 3 Dock,Safe Area 3 Marina,213.48,224.28,224.28,227.28,25.0,12,Evac Area 3
9,Vessel 3,9,Safe Area 3 Marina,Evac Area 3 Dock,227.28,238.08,238.08,241.08,25.0,0,None
10,Vessel 3,10,Evac Area 3 Dock,Safe Area 3 Marina,241.08,251.88000000000002,251.88000000000002,254.88000000000002,25.0,12,Evac Area 3
11,Vessel 3,11,Safe Area 3 Marina,Evac Area 3 Dock,254.88000000000002,265.68000000000006,265.68000000000006,268.68000000000006,25.0,0,None
12,Vessel 3,12,Evac Area 3 Dock,Safe Area 3 Marina,268.68000000000006,279.48,279.48,282.48,25.0,1,Evac Area 3
1,Vessel 4,1,Safe Area 3 Marina,Evac Area 3 Dock,74.39999999999999,85.19999999999999,85.19999999999999,90.19999999999999,25.0,0,None
2,Vessel 4,2,Evac Area 3 Dock,Safe Area 3 Marina,90.19999999999999,100.99999999999999,100.99999999999999,105.99999999999999,25.0,38,Evac Area 3
3,Vessel 4,3,Safe Area 3 Marina,Evac Area 3 Dock,105.99999999999999,116.79999999999998,116.79999999999998,121.79999999999998,25.0,0,None
4,Vessel 4,4,Evac Area 3 Dock,Safe Area 3 Marina,121.79999999999998,132.59999999999997,132.59999999999997,137.59999999999997,25.0,38,Evac Area 3
5,Vessel 4,5,Safe Area 3 Marina,Evac Area 3 Dock,137.59999999999997,148.39999999999998,148.39999999999998,153.39999999999998,25.0,0,None
6,Vessel 4,6,Evac Area 3 Dock,Safe Area 3 Marina,153.39999999999998,164.2,164.2,169.2,25.0,38,Evac Area 3
7,Vessel 4,7,Safe Area 3 Marina,Evac Area 3 Dock,169.2,179.99999999999997,179.99999999999997,184.99999999999997,25.0,0,None
8,Vessel 4,8,Evac Area 3 Dock,Safe Area 3 Marina,184.99999999999997,195.79999999999998,195.79999999999998,200.79999999999998,25.0,38,Evac Area 3
9,Vessel 4,9,Safe Area 3 Marina,Evac Area 3 Dock,200.79999999999998,211.6,211.6,216.6,25.0,0,None
10,Vessel 4,10,Evac Area 3 Dock,Safe Area 3 Marina,216.6,227.4,227.4,232.4,25.0,38,Evac Area 3
11,Vessel 4,11,Safe Area 3 Marina,Evac Area 3 Dock,232.4,243.20000000000002,243.20000000000002,248.20000000000002,25.0,0,None
12,Vessel 4,12,Evac Area 3 Dock,Safe Area 3 Marina,248.20000000000002,259.0,259.0,264.0,25.0,38,Evac Area 3
13,Vessel 4,13,Safe Area 3 Marina,Evac Area 3 Dock,264.0,274.80000000000007,274.80000000000007,279.80000000000007,25.0,0,None
14,Vessel 4,14,Evac Area 3 Dock,Safe Area 3 Marina,279.80000000000007,290.6,290.6,295.6,25.0,38,Evac Area 3
1,Vessel 5,1,Safe Area 3 Marina,Evac Area 4 Dock,81.66666666666667,106.66666666666667,106.66666666666667,116.66666666666667,18.0,0,None
2,Vessel 5,2,Evac Area 4 Dock,Safe Area 3 Marina,116.66666666666667,141.66666666666669,141.66666666666669,151.66666666666669,18.0,120,Evac Area 4
3,Vessel 5,3,Safe Area 3 Marina,Evac Area 3 Dock,151.66666666666669,166.66666666666669,166.66666666666669,176.66666666666669,18.0,0,None
4,Vessel 5,4,Evac Area 3 Dock,Safe Area 3 Marina,176.66666666666669,191.66666666666669,191.66666666666669,201.66666666666669,18.0,120,Evac Area 3
5,Vessel 5,5,Safe Area 3 Marina,Evac Area 4 Dock,201.66666666666669,226.66666666666669,226.66666666666669,236.66666666666669,18.0,0,None
6,Vessel 5,6,Evac Area 4 Dock,Safe Area 3 Marina,236.66666666666669,261.6666666666667,261.6666666666667,271.6666666666667,18.0,120,Evac Area 4
1,Vessel 6,1,Safe Area 2 Harbor,Evac Area 2 Marina,67.2,79.2,79.2,82.2,25.0,0,None
2,Vessel 6,2,Evac Area 2 Marina,Safe Area 2 Harbor,82.2,94.2,94.2,97.2,25.0,12,Evac Area 2
3,Vessel 6,3,Safe Area 2 Harbor,Evac Area 2 Marina,97.2,109.2,109.2,112.2,25.0,0,None
4,Vessel 6,4,Evac Area 2 Marina,Safe Area 2 Harbor,112.2,124.2,124.2,127.2,25.0,12,Evac Area 2
5,Vessel 6,5,Safe Area 2 Harbor,Evac Area 2 Marina,127.2,139.2,139.2,142.2,25.0,0,None
6,Vessel 6,6,Evac Area 2 Marina,Safe Area 2 Harbor,142.2,154.2,154.2,157.2,25.0,12,Evac Area 2
7,Vessel 6,7,Safe Area 2 Harbor,Evac Area 4 Dock,157.2,175.44,175.44,178.44,25.0,0,None
8,Vessel 6,8,Evac Area 4 Dock,Safe Area 3 Marina,178.44,196.44,196.44,199.44,25.0,12,Evac Area 4
9,Vessel 6,9,Safe Area 3 Marina,Evac Area 3 Dock,199.44,210.24,210.24,213.24,25.0,0,None
10,Vessel 6,10,Evac Area 3 Dock,Safe Area 3 Marina,213.24,224.04000000000002,224.04000000000002,227.04000000000002,25.0,12,Evac Area 3
11,Vessel 6,11,Safe Area 3 Marina,Evac Area 3 Dock,227.04000000000002,237.84000000000003,237.84000000000003,240.84000000000003,25.0,0,None
12,Vessel 6,12,Evac Area 3 Dock,Safe Area 3 Marina,240.84000000000003,251.64000000000004,251.64000000000004,254.64000000000004,25.0,12,Evac Area 3
13,Vessel 6,13,Safe Area 3 Marina,Evac Area 3 Dock,254.64000000000004,265.44000000000005,265.44000000000005,268.44000000000005,25.0,0,None
14,Vessel 6,14,Evac Area 3 Dock,Safe Area 1 Terminal,268.44000000000005,280.44000000000005,280.44000000000005,283.44000000000005,25.0,12,Evac Area 3
