segment_id,resource_id,route_segment_id,origin,destination,route_start_time,route_end_time,load_start_time,load_end_time,resource_speed,evacuees,evacuated_location
1,Vessel 1,1,Safe Area 1 Terminal,Evac Area 1 Ferry Terminal,10.0,24.0,24.0,34.0,12.0,0,None
2,Vessel 1,2,Evac Area 1 Ferry Terminal,Safe Area 1 Terminal,34.0,48.0,48.0,58.0,12.0,27,Evac Area 1
1,Vessel 1,1,Safe Area 1 Terminal,Evac Area 1 Ferry Terminal,60.0,74.0,74.0,84.0,12.0,0,None
2,Vessel 1,2,Evac Area 1 Ferry Terminal,Safe Area 1 Terminal,84.0,98.0,98.0,108.0,12.0,45,Evac Area 1
1,Vessel 2,1,Safe Area 2 Harbor,Evac Area 2 Marina,10.0,22.0,22.0,25.0,25.0,0,None
2,Vessel 2,2,Evac Area 2 Marina,Safe Area 2 Harbor,25.0,37.0,37.0,40.0,25.0,12,Evac Area 2
3,Vessel 2,3,Safe Area 2 Harbor,Evac Area 2 Marina,40.0,52.0,52.0,55.0,25.0,0,None
4,Vessel 2,4,Evac Area 2 Marina,Safe Area 2 Harbor,55.0,67.0,67.0,70.0,25.0,12,Evac Area 2
1,Vessel 2,1,Safe Area 2 Harbor,Evac Area 3 Dock,70.0,89.2,89.2,92.2,25.0,0,None
2,Vessel 2,2,Evac Area 3 Dock,Safe Area 3 Marina,92.2,103.0,103.0,106.0,25.0,12,Evac Area 3
3,Vessel 2,3,Safe Area 3 Marina,Evac Area 3 Dock,106.0,116.8,116.8,119.8,25.0,0,None
4,Vessel 2,4,Evac Area 3 Dock,Safe Area 3 Marina,119.8,130.6,130.6,133.6,25.0,12,Evac Area 3
1,Vessel 3,1,Safe Area 3 Marina,Evac Area 4 Dock,60.0,78.0,78.0,81.0,25.0,0,None
2,Vessel 3,2,Evac Area 4 Dock,Safe Area 3 Marina,81.0,99.0,99.0,102.0,25.0,12,Evac Area 4
1,Vessel 3,1,Safe Area 3 Marina,Evac Area 3 Dock,102.0,112.8,112.8,115.8,25.0,0,None
2,Vessel 3,2,Evac Area 3 Dock,Safe Area 3 Marina,115.8,126.6,126.6,129.6,25.0,12,Evac Area 3
1,Vessel 4,1,Safe Area 1 Terminal,Evac Area 4 Dock,10.0,31.599999999999994,31.599999999999994,36.599999999999994,25.0,0,None
2,Vessel 4,2,Evac Area 4 Dock,Safe Area 3 Marina,36.599999999999994,54.599999999999994,54.599999999999994,59.6,25.0,33,Evac Area 4
3,Vessel 4,3,Safe Area 3 Marina,Evac Area 4 Dock,59.6,77.6,77.6,82.6,25.0,0,None
4,Vessel 4,4,Evac Area 4 Dock,Safe Area 3 Marina,82.6,100.6,100.6,105.6,25.0,38,Evac Area 4
1,Vessel 4,1,Safe Area 3 Marina,Evac Area 3 Dock,105.6,116.4,116.4,121.4,25.0,0,None
2,Vessel 4,2,Evac Area 3 Dock,Safe Area 3 Marina,121.4,132.2,132.2,137.2,25.0,38,Evac Area 3
1,Vessel 5,1,Safe Area 1 Terminal,Evac Area 4 Dock,30.0,60.0,60.0,70.0,18.0,0,None
2,Vessel 5,2,Evac Area 4 Dock,Safe Area 2 Harbor,70.0,95.33333333333331,95.33333333333331,105.33333333333331,18.0,120,Evac Area 4
1,Vessel 5,1,Safe Area 2 Harbor,Evac Area 3 Dock,105.33333333333331,131.99999999999997,131.99999999999997,141.99999999999997,18.0,0,None
2,Vessel 5,2,Evac Area 3 Dock,Safe Area 3 Marina,141.99999999999997,156.99999999999997,156.99999999999997,166.99999999999997,18.0,120,Evac Area 3
1,Vessel 6,1,Safe Area 1 Terminal,Evac Area 4 Beach,30.0,51.599999999999994,51.599999999999994,54.599999999999994,25.0,0,None
2,Vessel 6,2,Evac Area 4 Beach,Safe Area 2 Harbor,54.599999999999994,72.83999999999999,72.83999999999999,75.83999999999999,25.0,12,Evac Area 4
1,Vessel 6,1,Safe Area 2 Harbor,Evac Area 3 Dock,75.83999999999999,95.04,95.04,98.04,25.0,0,None
2,Vessel 6,2,Evac Area 3 Dock,Safe Area 3 Marina,98.04,108.84,108.84,111.84,25.0,12,Evac Area 3
3,Vessel 6,3,Safe Area 3 Marina,Evac Area 3 Dock,111.84,122.64,122.64,125.64,25.0,0,None
4,Vessel 6,4,Evac Area 3 Dock,Safe Area 3 Marina,125.64,136.44,136.44,139.44,25.0,12,Evac Area 3
1,Vessel 2,1,Safe Area 3 Marina,Evac Area 3 Dock,133.6,144.39999999999998,144.39999999999998,147.39999999999998,25.0,0,None
2,Vessel 2,2,Evac Area 3 Dock,Safe Area 3 Marina,147.39999999999998,158.2,158.2,161.2,25.0,12,Evac Area 3
3,Vessel 2,3,Safe Area 3 Marina,Evac Area 3 Dock,161.2,172.0,172.0,175.0,25.0,0,None
4,Vessel 2,4,Evac Area 3 Dock,Safe Area 3 Marina,175.0,185.79999999999998,185.79999999999998,188.79999999999998,25.0,12,Evac Area 3
5,Vessel 2,5,Safe Area 3 Marina,Evac Area 3 Dock,188.79999999999998,199.59999999999997,199.59999999999997,202.59999999999997,25.0,0,None
6,Vessel 2,6,Evac Area 3 Dock,Safe Area 3 Marina,202.59999999999997,213.39999999999998,213.39999999999998,216.39999999999998,25.0,12,Evac Area 3
7,Vessel 2,7,Safe Area 3 Marina,Evac Area 3 Dock,216.39999999999998,227.2,227.2,230.2,25.0,0,None
8,Vessel 2,8,Evac Area 3 Dock,Safe Area 3 Marina,230.2,240.99999999999997,240.99999999999997,243.99999999999997,25.0,12,Evac Area 3
9,Vessel 2,9,Safe Area 3 Marina,Evac Area 3 Dock,243.99999999999997,254.79999999999998,254.79999999999998,257.79999999999995,25.0,0,None
10,Vessel 2,10,Evac Area 3 Dock,Safe Area 3 Marina,257.79999999999995,268.6,268.6,271.6,25.0,12,Evac Area 3
11,Vessel 2,11,Safe Area 3 Marina,Evac Area 3 Dock,271.6,282.4,282.4,285.4,25.0,0,None
12,Vessel 2,12,Evac Area 3 Dock,Safe Area 3 Marina,285.4,296.20000000000005,296.20000000000005,299.20000000000005,25.0,12,Evac Area 3
13,Vessel 2,13,Safe Area 3 Marina,Evac Area 3 Dock,299.20000000000005,310.0,310.0,313.0,25.0,0,None
14,Vessel 2,14,Evac Area 3 Dock,Safe Area 3 Marina,313.0,323.80000000000007,323.80000000000007,326.80000000000007,25.0,12,Evac Area 3
1,Vessel 3,1,Safe Area 3 Marina,Evac Area 3 Dock,129.6,140.39999999999998,140.39999999999998,143.39999999999998,25.0,0,None
2,Vessel 3,2,Evac Area 3 Dock,Safe Area 3 Marina,143.39999999999998,154.2,154.2,157.2,25.0,12,Evac Area 3
3,Vessel 3,3,Safe Area 3 Marina,Evac Area 3 Dock,157.2,168.0,168.0,171.0,25.0,0,None
4,Vessel 3,4,Evac Area 3 Dock,Safe Area 3 Marina,171.0,181.79999999999998,181.79999999999998,184.79999999999998,25.0,12,Evac Area 3
5,Vessel 3,5,Safe Area 3 Marina,Evac Area 3 Dock,184.79999999999998,195.59999999999997,195.59999999999997,198.59999999999997,25.0,0,None
6,Vessel 3,6,Evac Area 3 Dock,Safe Area 3 Marina,198.59999999999997,209.39999999999998,209.39999999999998,212.39999999999998,25.0,12,Evac Area 3
7,Vessel 3,7,Safe Area 3 Marina,Evac Area 3 Dock,212.39999999999998,223.2,223.2,226.2,25.0,0,None
8,Vessel 3,8,Evac Area 3 Dock,Safe Area 3 Marina,226.2,236.99999999999997,236.99999999999997,239.99999999999997,25.0,12,Evac Area 3
9,Vessel 3,9,Safe Area 3 Marina,Evac Area 3 Dock,239.99999999999997,250.79999999999998,250.79999999999998,253.79999999999998,25.0,0,None
10,Vessel 3,10,Evac Area 3 Dock,Safe Area 3 Marina,253.79999999999998,264.6,264.6,267.6,25.0,12,Evac Area 3
11,Vessel 3,11,Safe Area 3 Marina,Evac Area 3 Dock,267.6,278.4,278.4,281.4,25.0,0,None
12,Vessel 3,12,Evac Area 3 Dock,Safe Area 3 Marina,281.4,292.20000000000005,292.20000000000005,295.20000000000005,25.0,12,Evac Area 3
13,Vessel 3,13,Safe Area 3 Marina,Evac Area 3 Dock,295.20000000000005,306.0,306.0,309.0,25.0,0,None
14,Vessel 3,14,Evac Area 3 Dock,Safe Area 3 Marina,309.0,319.80000000000007,319.80000000000007,322.80000000000007,25.0,12,Evac Area 3
1,Vessel 4,1,Safe Area 3 Marina,Evac Area 3 Dock,137.2,148.0,148.0,153.0,25.0,0,None
2,Vessel 4,2,Evac Area 3 Dock,Safe Area 3 Marina,153.0,163.79999999999998,163.79999999999998,168.79999999999998,25.0,32,Evac Area 3
3,Vessel 4,3,Safe Area 3 Marina,Evac Area 3 Dock,168.79999999999998,179.59999999999997,179.59999999999997,184.59999999999997,25.0,0,None
4,Vessel 4,4,Evac Area 3 Dock,Safe Area 3 Marina,184.59999999999997,195.39999999999998,195.39999999999998,200.39999999999998,25.0,38,Evac Area 3
5,Vessel 4,5,Safe Area 3 Marina,Evac Area 4 Dock,200.39999999999998,218.39999999999998,218.39999999999998,223.39999999999998,25.0,0,None
6,Vessel 4,6,Evac Area 4 Dock,Safe Area 3 Marina,223.39999999999998,241.39999999999998,241.39999999999998,246.39999999999998,25.0,37,Evac Area 4
7,Vessel 4,7,Safe Area 3 Marina,Evac Area 4 Dock,246.39999999999998,264.4,264.4,269.4,25.0,0,None
8,Vessel 4,8,Evac Area 4 Dock,Safe Area 2 Harbor,269.4,287.64,287.64,292.64,25.0,38,Evac Area 4
9,Vessel 4,9,Safe Area 2 Harbor,Evac Area 2 Marina,292.64,304.64,304.64,309.64,25.0,0,None
10,Vessel 4,10,Evac Area 2 Marina,Safe Area 2 Harbor,309.64,321.64,321.64,326.64,25.0,36,Evac Area 2
1,Vessel 5,1,Safe Area 3 Marina,Evac Area 3 Dock,166.99999999999997,181.99999999999997,181.99999999999997,191.99999999999997,18.0,0,None
2,Vessel 5,2,Evac Area 3 Dock,Safe Area 3 Marina,191.99999999999997,206.99999999999997,206.99999999999997,216.99999999999997,18.0,120,Evac Area 3
3,Vessel 5,3,Safe Area 3 Marina,Evac Area 3 Dock,216.99999999999997,231.99999999999997,231.99999999999997,241.99999999999997,18.0,0,None
4,Vessel 5,4,Evac Area 3 Dock,Safe Area 3 Marina,241.99999999999997,257.0,257.0,267.0,18.0,120,Evac Area 3
5,Vessel 5,5,Safe Area 3 Marina,Evac Area 3 Dock,267.0,282.0,282.0,292.0,18.0,0,None
6,Vessel 5,6,Evac Area 3 Dock,Safe Area 3 Marina,292.0,307.0,307.0,317.0,18.0,120,Evac Area 3
1,Vessel 6,1,Safe Area 3 Marina,Evac Area 3 Dock,139.44,150.24,150.24,153.24,25.0,0,None
2,Vessel 6,2,Evac Area 3 Dock,Safe Area 3 Marina,153.24,164.04,164.04,167.04,25.0,12,Evac Area 3
3,Vessel 6,3,Safe Area 3 Marina,Evac Area 3 Dock,167.04,177.83999999999997,177.83999999999997,180.83999999999997,25.0,0,None
4,Vessel 6,4,Evac Area 3 Dock,Safe Area 3 Marina,180.83999999999997,191.64,191.64,194.64,25.0,12,Evac Area 3
5,Vessel 6,5,Safe Area 3 Marina,Evac Area 3 Dock,194.64,205.44,205.44,208.44,25.0,0,None
6,Vessel 6,6,Evac Area 3 Dock,Safe Area 3 Marina,208.44,219.23999999999998,219.23999999999998,222.23999999999998,25.0,12,Evac Area 3
7,Vessel 6,7,Safe Area 3 Marina,Evac Area 4 Dock,222.23999999999998,240.23999999999998,240.23999999999998,243.23999999999998,25.0,0,None
8,Vessel 6,8,Evac Area 4 Dock,Safe Area 2 Harbor,243.23999999999998,261.48,261.48,264.48,25.0,12,Evac Area 4
9,Vessel 6,9,Safe Area 2 Harbor,Evac Area 2 Marina,264.48,276.48,276.48,279.48,25.0,0,None
10,Vessel 6,10,Evac Area 2 Marina,Safe Area 2 Harbor,279.48,291.48,291.48,294.48,25.0,12,Evac Area 2
11,Vessel 6,11,Safe Area 2 Harbor,Evac Area 2 Marina,294.48,306.48,306.48,309.48,25.0,0,None
12,Vessel 6,12,Evac Area 2 Marina,Safe Area 2 Harbor,309.48,321.48,321.48,324.48,25.0,12,Evac Area 2
