segment_id,resource_id,route_segment_id,origin,destination,route_start_time,route_end_time,load_start_time,load_end_time,resource_speed,evacuees,evacuated_location,post_run_correction
1,Vessel 1,1,Safe Area 1 Terminal,Evac Area 1 Ferry Terminal,10.0,24.0,24.0,34.0,12.0,0,None,
2,Vessel 1,2,Evac Area 1 Ferry Terminal,Safe Area 1 Terminal,34.0,48.0,48.0,58.0,12.0,227,Evac Area 1,
1,Vessel 2,1,Safe Area 2 Harbor,Evac Area 4 Dock,10.0,28.24000000000001,28.24000000000001,31.24000000000001,25.0,0,None,
2,Vessel 2,2,Evac Area 4 Dock,Safe Area 1 Terminal,31.24000000000001,52.839999999999975,52.839999999999975,55.839999999999975,25.0,12,Evac Area 4,
3,Vessel 2,3,Safe Area 1 Terminal,Evac Area 4 Beach,55.839999999999975,77.44,77.44,80.44,25.0,0,None,
4,Vessel 2,4,Evac Area 4 Beach,Safe Area 3 Marina,80.44,98.44,98.44,101.44,25.0,12,Evac Area 4,
5,Vessel 2,5,Safe Area 3 Marina,Evac Area 4 Dock,101.44,119.44,119.44,122.44,25.0,0,None,
6,Vessel 2,6,Evac Area 4 Dock,Safe Area 2 Harbor,122.44,140.68,140.68,143.68,25.0,12,Evac Area 4,
7,Vessel 2,7,Safe Area 2 Harbor,Evac Area 4 Beach,143.68,161.92000000000002,161.92000000000002,164.92000000000002,25.0,0,None,
8,Vessel 2,8,Evac Area 4 Beach,Safe Area 2 Harbor,164.92000000000002,183.16000000000003,183.16000000000003,186.16000000000003,25.0,12,Evac Area 4,
9,Vessel 2,9,Safe Area 2 Harbor,Evac Area 4 Beach,186.16000000000003,204.40000000000003,204.40000000000003,207.40000000000003,25.0,0,None,
10,Vessel 2,10,Evac Area 4 Beach,Safe Area 1 Terminal,207.40000000000003,229.00000000000006,229.00000000000006,232.00000000000006,25.0,8,Evac Area 4,
11,Vessel 2,11,Safe Area 1 Terminal,Evac Area 4 Dock,232.00000000000006,253.6,253.6,256.6,25.0,0,None,
12,Vessel 2,12,Evac Area 4 Dock,Safe Area 3 Marina,256.6,274.6,274.6,277.6,25.0,12,Evac Area 4,
13,Vessel 2,13,Safe Area 3 Marina,Evac Area 4 Dock,277.6,295.6,295.6,298.6,25.0,0,None,
14,Vessel 2,14,Evac Area 4 Dock,Safe Area 3 Marina,298.6,316.6,316.6,319.6,25.0,12,Evac Area 4,
15,Vessel 2,15,Safe Area 3 Marina,Evac Area 4 Dock,319.6,337.6,337.6,340.6,25.0,0,None,
16,Vessel 2,16,Evac Area 4 Dock,Safe Area 2 Harbor,340.6,358.84000000000003,358.84000000000003,361.84,25.0,12,Evac Area 4,
17,Vessel 2,17,Safe Area 2 Harbor,Evac Area 2 Marina,361.84,373.84,373.84,376.84,25.0,0,None,
18,Vessel 2,18,Evac Area 2 Marina,Safe Area 2 Harbor,376.84,388.84,388.84,391.84,25.0,12,Evac Area 2,
19,Vessel 2,19,Safe Area 2 Harbor,Evac Area 2 Marina,391.84,403.84,403.84,406.84,25.0,0,None,
20,Vessel 2,20,Evac Area 2 Marina,Safe Area 2 Harbor,406.84,418.84,418.84,421.84,25.0,4,Evac Area 2,
1,Vessel 3,1,Safe Area 3 Marina,Evac Area 3 Dock,60.0,70.80000000000001,70.80000000000001,73.80000000000001,25.0,0,None,
2,Vessel 3,2,Evac Area 3 Dock,Safe Area 3 Marina,73.80000000000001,84.59999999999997,84.59999999999997,87.59999999999997,25.0,12,Evac Area 3,
3,Vessel 3,3,Safe Area 3 Marina,Evac Area 4 Beach,87.59999999999997,105.59999999999997,105.59999999999997,108.59999999999997,25.0,0,None,
4,Vessel 3,4,Evac Area 4 Beach,Safe Area 2 Harbor,108.59999999999997,126.83999999999997,126.83999999999997,129.83999999999997,25.0,12,Evac Area 4,
5,Vessel 3,5,Safe Area 2 Harbor,Evac Area 4 Beach,129.83999999999997,148.07999999999998,148.07999999999998,151.07999999999998,25.0,0,None,
6,Vessel 3,6,Evac Area 4 Beach,Safe Area 3 Marina,151.07999999999998,169.07999999999998,169.07999999999998,172.07999999999998,25.0,12,Evac Area 4,
7,Vessel 3,7,Safe Area 3 Marina,Evac Area 4 Beach,172.07999999999998,190.07999999999998,190.07999999999998,193.07999999999998,25.0,0,None,
8,Vessel 3,8,Evac Area 4 Beach,Safe Area 3 Marina,193.07999999999998,211.07999999999998,211.07999999999998,214.07999999999998,25.0,12,Evac Area 4,
9,Vessel 3,9,Safe Area 3 Marina,Evac Area 4 Dock,214.07999999999998,232.07999999999998,232.07999999999998,235.07999999999998,25.0,0,None,
10,Vessel 3,10,Evac Area 4 Dock,Safe Area 3 Marina,235.07999999999998,253.08,253.08,256.08,25.0,12,Evac Area 4,
11,Vessel 3,11,Safe Area 3 Marina,Evac Area 4 Dock,256.08,274.08,274.08,277.08,25.0,0,None,
12,Vessel 3,12,Evac Area 4 Dock,Safe Area 3 Marina,277.08,295.08,295.08,298.08,25.0,12,Evac Area 4,
13,Vessel 3,13,Safe Area 3 Marina,Evac Area 4 Dock,298.08,316.08,316.08,319.08,25.0,0,None,
14,Vessel 3,14,Evac Area 4 Dock,Safe Area 3 Marina,319.08,337.08,337.08,340.08,25.0,12,Evac Area 4,
15,Vessel 3,15,Safe Area 3 Marina,Evac Area 4 Beach,340.08,358.08,358.08,361.08,25.0,0,None,
16,Vessel 3,16,Evac Area 4 Beach,Safe Area 3 Marina,361.08,379.08,379.08,382.08,25.0,12,Evac Area 4,
17,Vessel 3,17,Safe Area 3 Marina,Evac Area 4 Dock,382.08,400.08,400.08,403.08,25.0,0,None,
18,Vessel 3,18,Evac Area 4 Dock,Safe Area 3 Marina,403.08,421.08,421.08,424.08,25.0,12,Evac Area 4,
19,Vessel 3,19,Safe Area 3 Marina,Evac Area 4 Beach,424.08,442.08,442.08,445.08,25.0,0,None,
20,Vessel 3,20,Evac Area 4 Beach,Safe Area 3 Marina,445.08,463.08,463.08,466.08,25.0,12,Evac Area 4,
21,Vessel 3,21,Safe Area 3 Marina,Evac Area 4 Beach,466.08,484.08,484.08,487.08,25.0,0,None,
22,Vessel 3,22,Evac Area 4 Beach,Safe Area 3 Marina,487.08,505.08,505.08,508.08,25.0,12,Evac Area 4,
1,Vessel 4,1,Safe Area 1 Terminal,Evac Area 3 Dock,10.0,22.0,22.0,27.0,25.0,0,None,
2,Vessel 4,2,Evac Area 3 Dock,Safe Area 3 Marina,27.0,37.80000000000001,37.80000000000001,42.80000000000001,25.0,38,Evac Area 3,
3,Vessel 4,3,Safe Area 3 Marina,Evac Area 3 Dock,42.80000000000001,53.60000000000002,53.60000000000002,58.60000000000002,25.0,0,None,
4,Vessel 4,4,Evac Area 3 Dock,Safe Area 3 Marina,58.60000000000002,69.39999999999998,69.39999999999998,74.39999999999998,25.0,38,Evac Area 3,
5,Vessel 4,5,Safe Area 3 Marina,Evac Area 2 Marina,74.39999999999998,91.19999999999999,91.19999999999999,96.19999999999999,25.0,0,None,
6,Vessel 4,6,Evac Area 2 Marina,Safe Area 2 Harbor,96.19999999999999,108.19999999999999,108.19999999999999,113.19999999999999,25.0,38,Evac Area 2,
7,Vessel 4,7,Safe Area 2 Harbor,Evac Area 4 Dock,113.19999999999999,131.44,131.44,136.44,25.0,0,None,
8,Vessel 4,8,Evac Area 4 Dock,Safe Area 3 Marina,136.44,154.44,154.44,159.44,25.0,38,Evac Area 4,
9,Vessel 4,9,Safe Area 3 Marina,Evac Area 2 Marina,159.44,176.24,176.24,181.24,25.0,0,None,
10,Vessel 4,10,Evac Area 2 Marina,Safe Area 2 Harbor,181.24,193.24,193.24,198.24,25.0,38,Evac Area 2,
11,Vessel 4,11,Safe Area 2 Harbor,Evac Area 2 Marina,198.24,210.24,210.24,215.24,25.0,0,None,
12,Vessel 4,12,Evac Area 2 Marina,Safe Area 2 Harbor,215.24,227.24,227.24,232.24,25.0,38,Evac Area 2,
13,Vessel 4,13,Safe Area 2 Harbor,Evac Area 2 Marina,232.24,244.24,244.24,249.24,25.0,0,None,
14,Vessel 4,14,Evac Area 2 Marina,Safe Area 2 Harbor,249.24,261.24,261.24,266.24,25.0,38,Evac Area 2,
15,Vessel 4,15,Safe Area 2 Harbor,Evac Area 2 Marina,266.24,278.24,278.24,283.24,25.0,0,None,
16,Vessel 4,16,Evac Area 2 Marina,Safe Area 2 Harbor,283.24,295.24,295.24,300.24,25.0,38,Evac Area 2,
17,Vessel 4,17,Safe Area 2 Harbor,Evac Area 2 Marina,300.24,312.24,312.24,317.24,25.0,0,None,
18,Vessel 4,18,Evac Area 2 Marina,Safe Area 2 Harbor,317.24,329.24,329.24,334.24,25.0,38,Evac Area 2,
19,Vessel 4,19,Safe Area 2 Harbor,Evac Area 2 Marina,334.24,346.24,346.24,351.24,25.0,0,None,
20,Vessel 4,20,Evac Area 2 Marina,Safe Area 2 Harbor,351.24,363.24,363.24,368.24,25.0,38,Evac Area 2,
21,Vessel 4,21,Safe Area 2 Harbor,Evac Area 2 Marina,368.24,380.24,380.24,385.24,25.0,0,None,
22,Vessel 4,22,Evac Area 2 Marina,Safe Area 2 Harbor,385.24,397.24,397.24,402.24,25.0,38,Evac Area 2,
23,Vessel 4,23,Safe Area 2 Harbor,Evac Area 2 Marina,402.24,414.24,414.24,419.24,25.0,0,None,
24,Vessel 4,24,Evac Area 2 Marina,Safe Area 2 Harbor,419.24,431.24,431.24,436.24,25.0,38,Evac Area 2,
25,Vessel 4,25,Safe Area 2 Harbor,Evac Area 2 Marina,436.24,448.24,448.24,453.24,25.0,0,None,
26,Vessel 4,26,Evac Area 2 Marina,Safe Area 2 Harbor,453.24,465.24,465.24,470.24,25.0,38,Evac Area 2,
27,Vessel 4,27,Safe Area 2 Harbor,Evac Area 2 Marina,470.24,482.24,482.24,487.24,25.0,0,None,
28,Vessel 4,28,Evac Area 2 Marina,Safe Area 2 Harbor,487.24,499.24,499.24,504.24,25.0,38,Evac Area 2,
1,Vessel 5,1,Safe Area 1 Terminal,Evac Area 3 Dock,30.0,46.666666666666686,46.666666666666686,56.666666666666686,18.0,0,None,
2,Vessel 5,2,Evac Area 3 Dock,Safe Area 3 Marina,56.666666666666686,71.66666666666669,71.66666666666669,81.66666666666669,18.0,120,Evac Area 3,
3,Vessel 5,3,Safe Area 3 Marina,Evac Area 4 Dock,81.66666666666669,106.66666666666669,106.66666666666669,116.66666666666669,18.0,0,None,
4,Vessel 5,4,Evac Area 4 Dock,Safe Area 3 Marina,116.66666666666669,141.66666666666669,141.66666666666669,151.66666666666669,18.0,120,Evac Area 4,
5,Vessel 5,5,Safe Area 3 Marina,Evac Area 4 Dock,151.66666666666669,176.66666666666669,176.66666666666669,186.66666666666669,18.0,0,None,
6,Vessel 5,6,Evac Area 4 Dock,Safe Area 3 Marina,186.66666666666669,211.66666666666669,211.66666666666669,221.66666666666669,18.0,120,Evac Area 4,
7,Vessel 5,7,Safe Area 3 Marina,Evac Area 4 Dock,221.66666666666669,246.66666666666669,246.66666666666669,256.6666666666667,18.0,0,None,
8,Vessel 5,8,Evac Area 4 Dock,Safe Area 2 Harbor,256.6666666666667,282.0,282.0,292.0,18.0,120,Evac Area 4,
9,Vessel 5,9,Safe Area 2 Harbor,Evac Area 2 Marina,292.0,308.6666666666667,308.6666666666667,318.6666666666667,18.0,0,None,
10,Vessel 5,10,Evac Area 2 Marina,Safe Area 2 Harbor,318.6666666666667,335.33333333333337,335.33333333333337,345.33333333333337,18.0,120,Evac Area 2,
11,Vessel 5,11,Safe Area 2 Harbor,Evac Area 2 Marina,345.33333333333337,362.00000000000006,362.00000000000006,372.00000000000006,18.0,0,None,
12,Vessel 5,12,Evac Area 2 Marina,Safe Area 2 Harbor,372.00000000000006,388.66666666666674,388.66666666666674,398.66666666666674,18.0,120,Evac Area 2,
13,Vessel 5,13,Safe Area 2 Harbor,Evac Area 2 Marina,398.66666666666674,415.3333333333334,415.3333333333334,425.3333333333334,18.0,0,None,
14,Vessel 5,14,Evac Area 2 Marina,Safe Area 2 Harbor,425.3333333333334,442.0000000000001,442.0000000000001,452.0000000000001,18.0,120,Evac Area 2,
15,Vessel 5,15,Safe Area 2 Harbor,Evac Area 2 Marina,452.0000000000001,468.6666666666668,468.6666666666668,478.6666666666668,18.0,0,None,
16,Vessel 5,16,Evac Area 2 Marina,Safe Area 2 Harbor,478.6666666666668,495.3333333333335,495.3333333333335,505.3333333333335,18.0,120,Evac Area 2,
1,Vessel 6,1,Safe Area 1 Terminal,Evac Area 2 Marina,30.0,54.0,54.0,57.0,25.0,0,None,
2,Vessel 6,2,Evac Area 2 Marina,Safe Area 3 Marina,57.0,73.80000000000001,73.80000000000001,76.80000000000001,25.0,12,Evac Area 2,
3,Vessel 6,3,Safe Area 3 Marina,Evac Area 4 Dock,76.80000000000001,94.80000000000001,94.80000000000001,97.80000000000001,25.0,0,None,
4,Vessel 6,4,Evac Area 4 Dock,Safe Area 3 Marina,97.80000000000001,115.80000000000001,115.80000000000001,118.80000000000001,25.0,12,Evac Area 4,
5,Vessel 6,5,Safe Area 3 Marina,Evac Area 4 Dock,118.80000000000001,136.8,136.8,139.8,25.0,0,None,
6,Vessel 6,6,Evac Area 4 Dock,Safe Area 2 Harbor,139.8,158.04000000000002,158.04000000000002,161.04000000000002,25.0,12,Evac Area 4,
7,Vessel 6,7,Safe Area 2 Harbor,Evac Area 4 Dock,161.04000000000002,179.28000000000003,179.28000000000003,182.28000000000003,25.0,0,None,
8,Vessel 6,8,Evac Area 4 Dock,Safe Area 2 Harbor,182.28000000000003,200.52000000000004,200.52000000000004,203.52000000000004,25.0,12,Evac Area 4,
9,Vessel 6,9,Safe Area 2 Harbor,Evac Area 2 Marina,203.52000000000004,215.52000000000004,215.52000000000004,218.52000000000004,25.0,0,None,
10,Vessel 6,10,Evac Area 2 Marina,Safe Area 2 Harbor,218.52000000000004,230.52000000000004,230.52000000000004,233.52000000000004,25.0,12,Evac Area 2,
11,Vessel 6,11,Safe Area 2 Harbor,Evac Area 4 Dock,233.52000000000004,251.76000000000005,251.76000000000005,254.76000000000005,25.0,0,None,
12,Vessel 6,12,Evac Area 4 Dock,Safe Area 3 Marina,254.76000000000005,272.76000000000005,272.76000000000005,275.76000000000005,25.0,12,Evac Area 4,
13,Vessel 6,13,Safe Area 3 Marina,Evac Area 3 Dock,275.76000000000005,286.56000000000006,286.56000000000006,289.56000000000006,25.0,0,None,
14,Vessel 6,14,Evac Area 3 Dock,Safe Area 3 Marina,289.56000000000006,300.36000000000007,300.36000000000007,303.36000000000007,25.0,12,Evac Area 3,
15,Vessel 6,15,Safe Area 3 Marina,Evac Area 4 Beach,303.36000000000007,321.36000000000007,321.36000000000007,324.36000000000007,25.0,0,None,
16,Vessel 6,16,Evac Area 4 Beach,Safe Area 3 Marina,324.36000000000007,342.36000000000007,342.36000000000007,345.36000000000007,25.0,12,Evac Area 4,
17,Vessel 6,17,Safe Area 3 Marina,Evac Area 4 Beach,345.36000000000007,363.36000000000007,363.36000000000007,366.36000000000007,25.0,0,None,
18,Vessel 6,18,Evac Area 4 Beach,Safe Area 1 Terminal,366.36000000000007,387.9600000000001,387.9600000000001,390.9600000000001,25.0,12,Evac Area 4,
19,Vessel 6,19,Safe Area 1 Terminal,Evac Area 3 Dock,390.9600000000001,402.9600000000001,402.9600000000001,405.9600000000001,25.0,0,None,
20,Vessel 6,20,Evac Area 3 Dock,Safe Area 3 Marina,405.9600000000001,416.7600000000001,416.7600000000001,419.7600000000001,25.0,7,Evac Area 3,
