segment_id,resource_id,route_segment_id,origin,destination,route_start_time,route_end_time,load_start_time,load_end_time,resource_speed,evacuees,evacuated_location,post_run_correction
1,Vessel 1,1,Safe Area 1 Terminal,Evac Area 1 Ferry Terminal,10.0,24.0,24.0,34.0,12.0,0,None,
2,Vessel 1,2,Evac Area 1 Ferry Terminal,Safe Area 1 Terminal,34.0,48.0,48.0,58.0,12.0,56,Evac Area 1,
1,Vessel 2,1,Safe Area 2 Harbor,Evac Area 2 Marina,10.0,22.0,22.0,25.0,25.0,0,None,
2,Vessel 2,2,Evac Area 2 Marina,Safe Area 1 Terminal,25.0,49.0,49.0,52.0,25.0,12,Evac Area 2,
3,Vessel 2,3,Safe Area 1 Terminal,Evac Area 4 Dock,52.0,73.6,73.6,76.6,25.0,0,None,
4,Vessel 2,4,Evac Area 4 Dock,Safe Area 2 Harbor,76.6,94.84,94.84,97.84,25.0,12,Evac Area 4,
5,Vessel 2,5,Safe Area 2 Harbor,Evac Area 2 Marina,97.84,109.84,109.84,112.84,25.0,0,None,
6,Vessel 2,6,Evac Area 2 Marina,Safe Area 2 Harbor,112.84,124.84,124.84,127.84,25.0,12,Evac Area 2,
7,Vessel 2,7,Safe Area 2 Harbor,Evac Area 4 Dock,127.84,146.07999999999998,146.07999999999998,149.07999999999998,25.0,0,None,
8,Vessel 2,8,Evac Area 4 Dock,Safe Area 3 Marina,149.07999999999998,167.07999999999998,167.07999999999998,170.07999999999998,25.0,12,Evac Area 4,
9,Vessel 2,9,Safe Area 3 Marina,Evac Area 4 Beach,170.07999999999998,188.08,188.08,191.08,25.0,0,None,
10,Vessel 2,10,Evac Area 4 Beach,Safe Area 3 Marina,191.08,209.08,209.08,212.08,25.0,5,Evac Area 4,
11,Vessel 2,11,Safe Area 3 Marina,Evac Area 4 Beach,212.08,230.08,230.08,233.08,25.0,0,None,
12,Vessel 2,12,Evac Area 4 Beach,Safe Area 3 Marina,233.08,251.08,251.08,254.08,25.0,12,Evac Area 4,
13,Vessel 2,13,Safe Area 3 Marina,Evac Area 2 Marina,254.08,270.88,270.88,273.88,25.0,0,None,
14,Vessel 2,14,Evac Area 2 Marina,Safe Area 1 Terminal,273.88,297.88,297.88,300.88,25.0,12,Evac Area 2,
1,Vessel 3,1,Safe Area 3 Marina,Evac Area 4 Dock,60.0,78.0,78.0,81.0,25.0,0,None,
2,Vessel 3,2,Evac Area 4 Dock,Safe Area 2 Harbor,81.0,99.24000000000001,99.24000000000001,102.24000000000001,25.0,12,Evac Area 4,
3,Vessel 3,3,Safe Area 2 Harbor,Evac Area 2 Marina,102.24000000000001,114.24000000000001,114.24000000000001,117.24000000000001,25.0,0,None,
4,Vessel 3,4,Evac Area 2 Marina,Safe Area 2 Harbor,117.24000000000001,129.24,129.24,132.24,25.0,12,Evac Area 2,
5,Vessel 3,5,Safe Area 2 Harbor,Evac Area 2 Marina,132.24,144.24,144.24,147.24,25.0,0,None,
6,Vessel 3,6,Evac Area 2 Marina,Safe Area 2 Harbor,147.24,159.24,159.24,162.24,25.0,3,Evac Area 2,
7,Vessel 3,7,Safe Area 2 Harbor,Evac Area 4 Beach,162.24,180.48,180.48,183.48,25.0,0,None,
8,Vessel 3,8,Evac Area 4 Beach,Safe Area 3 Marina,183.48,201.48,201.48,204.48,25.0,12,Evac Area 4,
9,Vessel 3,9,Safe Area 3 Marina,Evac Area 4 Dock,204.48,222.48,222.48,225.48,25.0,0,None,
10,Vessel 3,10,Evac Area 4 Dock,Safe Area 3 Marina,225.48,243.48,243.48,246.48,25.0,12,Evac Area 4,
11,Vessel 3,11,Safe Area 3 Marina,Evac Area 3 Dock,246.48,257.28000000000003,257.28000000000003,260.28000000000003,25.0,0,None,
12,Vessel 3,12,Evac Area 3 Dock,Safe Area 3 Marina,260.28000000000003,271.08000000000004,271.08000000000004,274.08000000000004,25.0,12,Evac Area 3,
13,Vessel 3,13,Safe Area 3 Marina,Evac Area 3 Dock,274.08000000000004,284.88000000000005,284.88000000000005,287.88000000000005,25.0,0,None,
14,Vessel 3,14,Evac Area 3 Dock,Safe Area 3 Marina,287.88000000000005,298.68000000000006,298.68000000000006,301.68000000000006,25.0,12,Evac Area 3,
1,Vessel 4,1,Safe Area 1 Terminal,Evac Area 3 Dock,10.0,22.0,22.0,27.0,25.0,0,None,
2,Vessel 4,2,Evac Area 3 Dock,Safe Area 3 Marina,27.0,37.80000000000001,37.80000000000001,42.80000000000001,25.0,38,Evac Area 3,
3,Vessel 4,3,Safe Area 3 Marina,Evac Area 3 Dock,42.80000000000001,53.599999999999994,53.599999999999994,58.599999999999994,25.0,0,None,
4,Vessel 4,4,Evac Area 3 Dock,Safe Area 3 Marina,58.599999999999994,69.39999999999998,69.39999999999998,74.39999999999998,25.0,34,Evac Area 3,
5,Vessel 4,5,Safe Area 3 Marina,Evac Area 1 Marina,74.39999999999998,81.6,81.6,86.6,25.0,0,None,
6,Vessel 4,6,Evac Area 1 Marina,Safe Area 3 Marina,86.6,93.80000000000001,93.80000000000001,98.80000000000001,25.0,0,Evac Area 1,
7,Vessel 4,7,Safe Area 3 Marina,Evac Area 3 Dock,98.80000000000001,109.6,109.6,114.6,25.0,0,None,
8,Vessel 4,8,Evac Area 3 Dock,Safe Area 3 Marina,114.6,125.4,125.4,130.39999999999998,25.0,38,Evac Area 3,
9,Vessel 4,9,Safe Area 3 Marina,Evac Area 3 Dock,130.39999999999998,141.2,141.2,146.2,25.0,0,None,
10,Vessel 4,10,Evac Area 3 Dock,Safe Area 3 Marina,146.2,157.0,157.0,162.0,25.0,38,Evac Area 3,
11,Vessel 4,11,Safe Area 3 Marina,Evac Area 3 Dock,162.0,172.8,172.8,177.8,25.0,0,None,
12,Vessel 4,12,Evac Area 3 Dock,Safe Area 3 Marina,177.8,188.6,188.6,193.6,25.0,38,Evac Area 3,
13,Vessel 4,13,Safe Area 3 Marina,Evac Area 3 Dock,193.6,204.40000000000003,204.40000000000003,209.40000000000003,25.0,0,None,
14,Vessel 4,14,Evac Area 3 Dock,Safe Area 3 Marina,209.40000000000003,220.20000000000005,220.20000000000005,225.20000000000005,25.0,38,Evac Area 3,
15,Vessel 4,15,Safe Area 3 Marina,Evac Area 3 Dock,225.20000000000005,236.00000000000009,236.00000000000009,241.00000000000009,25.0,0,None,
16,Vessel 4,16,Evac Area 3 Dock,Safe Area 3 Marina,241.00000000000009,251.80000000000007,251.80000000000007,256.80000000000007,25.0,38,Evac Area 3,
17,Vessel 4,17,Safe Area 3 Marina,Evac Area 4 Dock,256.80000000000007,274.80000000000007,274.80000000000007,279.80000000000007,25.0,0,None,
18,Vessel 4,18,Evac Area 4 Dock,Safe Area 3 Marina,279.80000000000007,297.80000000000007,297.80000000000007,302.80000000000007,25.0,38,Evac Area 4,
1,Vessel 5,1,Safe Area 1 Terminal,Evac Area 3 Dock,30.0,46.666666666666686,46.666666666666686,56.666666666666686,18.0,0,None,
2,Vessel 5,2,Evac Area 3 Dock,Safe Area 3 Marina,56.666666666666686,71.66666666666669,71.66666666666669,81.66666666666669,18.0,120,Evac Area 3,
3,Vessel 5,3,Safe Area 3 Marina,Evac Area 4 Dock,81.66666666666669,106.66666666666669,106.66666666666669,116.66666666666669,18.0,0,None,
4,Vessel 5,4,Evac Area 4 Dock,Safe Area 3 Marina,116.66666666666669,141.66666666666669,141.66666666666669,151.66666666666669,18.0,120,Evac Area 4,
5,Vessel 5,5,Safe Area 3 Marina,Evac Area 3 Dock,151.66666666666669,166.66666666666669,166.66666666666669,176.66666666666669,18.0,0,None,
6,Vessel 5,6,Evac Area 3 Dock,Safe Area 3 Marina,176.66666666666669,191.66666666666669,191.66666666666669,201.66666666666669,18.0,120,Evac Area 3,
7,Vessel 5,7,Safe Area 3 Marina,Evac Area 3 Dock,201.66666666666669,216.66666666666669,216.66666666666669,226.66666666666669,18.0,0,None,
8,Vessel 5,8,Evac Area 3 Dock,Safe Area 3 Marina,226.66666666666669,241.66666666666669,241.66666666666669,251.66666666666669,18.0,120,Evac Area 3,
9,Vessel 5,9,Safe Area 3 Marina,Evac Area 3 Dock,251.66666666666669,266.6666666666667,266.6666666666667,276.6666666666667,18.0,0,None,
10,Vessel 5,10,Evac Area 3 Dock,Safe Area 3 Marina,276.6666666666667,291.6666666666667,291.6666666666667,301.6666666666667,18.0,120,Evac Area 3,
1,Vessel 6,1,Safe Area 1 Terminal,Evac Area 3 Dock,30.0,42.0,42.0,45.0,25.0,0,None,
2,Vessel 6,2,Evac Area 3 Dock,Safe Area 2 Harbor,45.0,64.19999999999999,64.19999999999999,67.19999999999999,25.0,12,Evac Area 3,
3,Vessel 6,3,Safe Area 2 Harbor,Evac Area 4 Beach,67.19999999999999,85.44,85.44,88.44,25.0,0,None,
4,Vessel 6,4,Evac Area 4 Beach,Safe Area 3 Marina,88.44,106.44,106.44,109.44,25.0,12,Evac Area 4,
5,Vessel 6,5,Safe Area 3 Marina,Evac Area 4 Beach,109.44,127.44,127.44,130.44,25.0,0,None,
6,Vessel 6,6,Evac Area 4 Beach,Safe Area 3 Marina,130.44,148.44,148.44,151.44,25.0,12,Evac Area 4,
7,Vessel 6,7,Safe Area 3 Marina,Evac Area 2 Marina,151.44,168.24,168.24,171.24,25.0,0,None,
8,Vessel 6,8,Evac Area 2 Marina,Safe Area 2 Harbor,171.24,183.24,183.24,186.24,25.0,12,Evac Area 2,
9,Vessel 6,9,Safe Area 2 Harbor,Evac Area 4 Dock,186.24,204.48,204.48,207.48,25.0,0,None,
10,Vessel 6,10,Evac Area 4 Dock,Safe Area 3 Marina,207.48,225.48,225.48,228.48,25.0,12,Evac Area 4,
11,Vessel 6,11,Safe Area 3 Marina,Evac Area 4 Beach,228.48,246.48,246.48,249.48,25.0,0,None,
12,Vessel 6,12,Evac Area 4 Beach,Safe Area 3 Marina,249.48,267.48,267.48,270.48,25.0,12,Evac Area 4,
13,Vessel 6,13,Safe Area 3 Marina,Evac Area 3 Dock,270.48,281.28000000000003,281.28000000000003,284.28000000000003,25.0,0,None,
14,Vessel 6,14,Evac Area 3 Dock,Safe Area 1 Terminal,284.28000000000003,296.28000000000003,296.28000000000003,299.28000000000003,25.0,12,Evac Area 3,
1,Vessel 1,1,Safe Area 1 Terminal,Evac Area 1 Ferry Terminal,302.80000000000007,316.80000000000007,316.80000000000007,326.80000000000007,12.0,0,None,yes
2,Vessel 1,2,Evac Area 1 Ferry Terminal,Safe Area 1 Terminal,326.80000000000007,340.80000000000007,340.80000000000007,350.80000000000007,12.0,8,Evac Area 1,yes
1,Vessel 2,1,Safe Area 1 Terminal,Evac Area 4 Beach,302.80000000000007,324.4000000000001,324.4000000000001,327.4000000000001,25.0,0,None,yes
2,Vessel 2,2,Evac Area 4 Beach,Safe Area 2 Harbor,327.4000000000001,345.64000000000004,345.64000000000004,348.64000000000004,25.0,7,Evac Area 4,yes
1,Vessel 4,1,Safe Area 3 Marina,Evac Area 2 Marina,302.80000000000007,319.6000000000001,319.6000000000001,324.6000000000001,25.0,0,None,yes
2,Vessel 4,2,Evac Area 2 Marina,Safe Area 2 Harbor,324.6000000000001,336.6000000000001,336.6000000000001,341.6000000000001,25.0,21,Evac Area 2,yes
1,Vessel 5,1,Safe Area 3 Marina,Evac Area 3 Dock,302.80000000000007,317.80000000000007,317.80000000000007,327.80000000000007,18.0,0,None,yes
2,Vessel 5,2,Evac Area 3 Dock,Safe Area 3 Marina,327.80000000000007,342.80000000000007,342.80000000000007,352.80000000000007,18.0,62,Evac Area 3,yes
1,Vessel 6,1,Safe Area 1 Terminal,Evac Area 4 Beach,302.80000000000007,324.4000000000001,324.4000000000001,327.4000000000001,25.0,0,None,yes
2,Vessel 6,2,Evac Area 4 Beach,Safe Area 1 Terminal,327.4000000000001,349.00000000000006,349.00000000000006,352.00000000000006,25.0,12,Evac Area 4,yes
