segment_id,resource_id,route_segment_id,origin,destination,route_start_time,route_end_time,load_start_time,load_end_time,resource_speed,evacuees,evacuated_location
1,Vessel 1,1,Safe Area 1 Terminal,Evac Area 1 Ferry Terminal,10.0,24.0,24.0,34.0,12.0,0,None
2,Vessel 1,2,Evac Area 1 Ferry Terminal,Safe Area 1 Terminal,34.0,48.0,48.0,58.0,12.0,194,Evac Area 1
1,Vessel 1,1,Safe Area 1 Terminal,Evac Area 1 Ferry Terminal,135.0,149.0,149.0,159.0,12.0,0,None
2,Vessel 1,2,Evac Area 1 Ferry Terminal,Safe Area 1 Terminal,159.0,173.0,173.0,183.0,12.0,51,Evac Area 1
1,Vessel 2,1,Safe Area 2 Harbor,Evac Area 4 Beach,10.0,28.24000000000001,28.24000000000001,31.24000000000001,25.0,0,None
2,Vessel 2,2,Evac Area 4 Beach,Safe Area 3 Marina,31.24000000000001,49.24000000000001,49.24000000000001,52.24000000000001,25.0,12,Evac Area 4
1,Vessel 2,1,Safe Area 3 Marina,Evac Area 3 Dock,52.24000000000001,63.03999999999999,63.03999999999999,66.03999999999999,25.0,0,None
2,Vessel 2,2,Evac Area 3 Dock,Safe Area 3 Marina,66.03999999999999,76.84,76.84,79.84,25.0,12,Evac Area 3
1,Vessel 2,1,Safe Area 3 Marina,Evac Area 4 Dock,79.84,97.84,97.84,100.84,25.0,0,None
2,Vessel 2,2,Evac Area 4 Dock,Safe Area 3 Marina,100.84,118.84,118.84,121.84,25.0,12,Evac Area 4
1,Vessel 2,1,Safe Area 3 Marina,Evac Area 2 Marina,121.84,138.64,138.64,141.64,25.0,0,None
2,Vessel 2,2,Evac Area 2 Marina,Safe Area 2 Harbor,141.64,153.64,153.64,156.64,25.0,12,Evac Area 2
1,Vessel 2,1,Safe Area 2 Harbor,Evac Area 2 Marina,156.64,168.64,168.64,171.64,25.0,0,None
2,Vessel 2,2,Evac Area 2 Marina,Safe Area 2 Harbor,171.64,183.64,183.64,186.64,25.0,12,Evac Area 2
1,Vessel 2,1,Safe Area 2 Harbor,Evac Area 2 Marina,186.64,198.64,198.64,201.64,25.0,0,None
2,Vessel 2,2,Evac Area 2 Marina,Safe Area 2 Harbor,201.64,213.64,213.64,216.64,25.0,12,Evac Area 2
1,Vessel 2,1,Safe Area 2 Harbor,Evac Area 4 Dock,216.64,234.88,234.88,237.88,25.0,0,None
2,Vessel 2,2,Evac Area 4 Dock,Safe Area 3 Marina,237.88,255.88,255.88,258.88,25.0,12,Evac Area 4
1,Vessel 3,1,Safe Area 3 Marina,Evac Area 3 Dock,60.0,70.80000000000001,70.80000000000001,73.80000000000001,25.0,0,None
2,Vessel 3,2,Evac Area 3 Dock,Safe Area 3 Marina,73.80000000000001,84.6,84.6,87.6,25.0,12,Evac Area 3
1,Vessel 3,1,Safe Area 3 Marina,Evac Area 3 Dock,87.6,98.4,98.4,101.4,25.0,0,None
2,Vessel 3,2,Evac Area 3 Dock,Safe Area 1 Terminal,101.4,113.4,113.4,116.4,25.0,12,Evac Area 3
1,Vessel 3,1,Safe Area 1 Terminal,Evac Area 3 Dock,116.4,128.4,128.4,131.4,25.0,0,None
2,Vessel 3,2,Evac Area 3 Dock,Safe Area 3 Marina,131.4,142.2,142.2,145.2,25.0,12,Evac Area 3
1,Vessel 3,1,Safe Area 3 Marina,Evac Area 3 Dock,145.2,156.0,156.0,159.0,25.0,0,None
2,Vessel 3,2,Evac Area 3 Dock,Safe Area 3 Marina,159.0,169.79999999999998,169.79999999999998,172.79999999999998,25.0,12,Evac Area 3
1,Vessel 3,1,Safe Area 3 Marina,Evac Area 2 Marina,172.79999999999998,189.6,189.6,192.6,25.0,0,None
2,Vessel 3,2,Evac Area 2 Marina,Safe Area 3 Marina,192.6,209.4,209.4,212.4,25.0,10,Evac Area 2
1,Vessel 3,1,Safe Area 3 Marina,Evac Area 3 Dock,212.4,223.2,223.2,226.2,25.0,0,None
2,Vessel 3,2,Evac Area 3 Dock,Safe Area 3 Marina,226.2,237.0,237.0,240.0,25.0,12,Evac Area 3
1,Vessel 4,1,Safe Area 1 Terminal,Evac Area 3 Dock,10.0,22.0,22.0,27.0,25.0,0,None
2,Vessel 4,2,Evac Area 3 Dock,Safe Area 3 Marina,27.0,37.80000000000001,37.80000000000001,42.80000000000001,25.0,38,Evac Area 3
1,Vessel 4,1,Safe Area 3 Marina,Evac Area 3 Dock,42.80000000000001,53.599999999999994,53.599999999999994,58.599999999999994,25.0,0,None
2,Vessel 4,2,Evac Area 3 Dock,Safe Area 3 Marina,58.599999999999994,69.39999999999998,69.39999999999998,74.39999999999998,25.0,38,Evac Area 3
1,Vessel 4,1,Safe Area 3 Marina,Evac Area 4 Dock,74.39999999999998,92.4,92.4,97.4,25.0,0,None
2,Vessel 4,2,Evac Area 4 Dock,Safe Area 2 Harbor,97.4,115.64,115.64,120.64,25.0,32,Evac Area 4
1,Vessel 4,1,Safe Area 2 Harbor,Evac Area 2 Marina,120.64,132.64,132.64,137.64,25.0,0,None
2,Vessel 4,2,Evac Area 2 Marina,Safe Area 3 Marina,137.64,154.44,154.44,159.44,25.0,38,Evac Area 2
1,Vessel 4,1,Safe Area 3 Marina,Evac Area 3 Dock,159.44,170.24,170.24,175.24,25.0,0,None
2,Vessel 4,2,Evac Area 3 Dock,Safe Area 3 Marina,175.24,186.04,186.04,191.04,25.0,34,Evac Area 3
1,Vessel 4,1,Safe Area 3 Marina,Evac Area 3 Dock,191.04,201.84,201.84,206.84,25.0,0,None
2,Vessel 4,2,Evac Area 3 Dock,Safe Area 3 Marina,206.84,217.64,217.64,222.64,25.0,38,Evac Area 3
1,Vessel 4,1,Safe Area 3 Marina,Evac Area 3 Dock,222.64,233.44,233.44,238.44,25.0,0,None
2,Vessel 4,2,Evac Area 3 Dock,Safe Area 3 Marina,238.44,249.24,249.24,254.24,25.0,38,Evac Area 3
1,Vessel 5,1,Safe Area 1 Terminal,Evac Area 3 Dock,30.0,46.666666666666686,46.666666666666686,56.666666666666686,18.0,0,None
2,Vessel 5,2,Evac Area 3 Dock,Safe Area 3 Marina,56.666666666666686,71.66666666666669,71.66666666666669,81.66666666666669,18.0,120,Evac Area 3
1,Vessel 5,1,Safe Area 3 Marina,Evac Area 3 Dock,81.66666666666669,96.66666666666669,96.66666666666669,106.66666666666669,18.0,0,None
2,Vessel 5,2,Evac Area 3 Dock,Safe Area 3 Marina,106.66666666666669,121.66666666666669,121.66666666666669,131.66666666666669,18.0,120,Evac Area 3
1,Vessel 5,1,Safe Area 3 Marina,Evac Area 3 Dock,131.66666666666669,146.66666666666669,146.66666666666669,156.66666666666669,18.0,0,None
2,Vessel 5,2,Evac Area 3 Dock,Safe Area 3 Marina,156.66666666666669,171.66666666666669,171.66666666666669,181.66666666666669,18.0,120,Evac Area 3
1,Vessel 5,1,Safe Area 3 Marina,Evac Area 3 Dock,181.66666666666669,196.66666666666669,196.66666666666669,206.66666666666669,18.0,0,None
2,Vessel 5,2,Evac Area 3 Dock,Safe Area 3 Marina,206.66666666666669,221.66666666666669,221.66666666666669,231.66666666666669,18.0,120,Evac Area 3
1,Vessel 5,1,Safe Area 3 Marina,Evac Area 2 Marina,231.66666666666669,255.00000000000003,255.00000000000003,265.0,18.0,0,None
2,Vessel 5,2,Evac Area 2 Marina,Safe Area 2 Harbor,265.0,281.6666666666667,281.6666666666667,291.6666666666667,18.0,120,Evac Area 2
1,Vessel 6,1,Safe Area 1 Terminal,Evac Area 3 Dock,30.0,42.0,42.0,45.0,25.0,0,None
2,Vessel 6,2,Evac Area 3 Dock,Safe Area 3 Marina,45.0,55.80000000000001,55.80000000000001,58.80000000000001,25.0,12,Evac Area 3
1,Vessel 6,1,Safe Area 3 Marina,Evac Area 3 Dock,58.80000000000001,69.6,69.6,72.6,25.0,0,None
2,Vessel 6,2,Evac Area 3 Dock,Safe Area 3 Marina,72.6,83.39999999999998,83.39999999999998,86.39999999999998,25.0,12,Evac Area 3
1,Vessel 6,1,Safe Area 3 Marina,Evac Area 3 Dock,86.39999999999998,97.19999999999999,97.19999999999999,100.19999999999999,25.0,0,None
2,Vessel 6,2,Evac Area 3 Dock,Safe Area 3 Marina,100.19999999999999,111.0,111.0,114.0,25.0,12,Evac Area 3
1,Vessel 6,1,Safe Area 3 Marina,Evac Area 3 Dock,114.0,124.8,124.8,127.8,25.0,0,None
2,Vessel 6,2,Evac Area 3 Dock,Safe Area 3 Marina,127.8,138.6,138.6,141.6,25.0,12,Evac Area 3
1,Vessel 6,1,Safe Area 3 Marina,Evac Area 3 Dock,141.6,152.39999999999998,152.39999999999998,155.39999999999998,25.0,0,None
2,Vessel 6,2,Evac Area 3 Dock,Safe Area 3 Marina,155.39999999999998,166.2,166.2,169.2,25.0,12,Evac Area 3
1,Vessel 6,1,Safe Area 3 Marina,Evac Area 2 Marina,169.2,186.0,186.0,189.0,25.0,0,None
2,Vessel 6,2,Evac Area 2 Marina,Safe Area 2 Harbor,189.0,201.0,201.0,204.0,25.0,12,Evac Area 2
1,Vessel 6,1,Safe Area 2 Harbor,Evac Area 4 Beach,204.0,222.24,222.24,225.24,25.0,0,None
2,Vessel 6,2,Evac Area 4 Beach,Safe Area 3 Marina,225.24,243.24,243.24,246.24,25.0,12,Evac Area 4
1,Vessel 2,1,Safe Area 3 Marina,Evac Area 3 Dock,258.88,269.68,269.68,272.68,25.0,0,None
2,Vessel 2,2,Evac Area 3 Dock,Safe Area 3 Marina,272.68,283.48,283.48,286.48,25.0,12,Evac Area 3
3,Vessel 2,3,Safe Area 3 Marina,Evac Area 4 Dock,286.48,304.48,304.48,307.48,25.0,0,None
4,Vessel 2,4,Evac Area 4 Dock,Safe Area 3 Marina,307.48,325.48,325.48,328.48,25.0,12,Evac Area 4
5,Vessel 2,5,Safe Area 3 Marina,Evac Area 3 Dock,328.48,339.28,339.28,342.28,25.0,0,None
6,Vessel 2,6,Evac Area 3 Dock,Safe Area 3 Marina,342.28,353.08,353.08,356.08,25.0,12,Evac Area 3
7,Vessel 2,7,Safe Area 3 Marina,Evac Area 3 Dock,356.08,366.88,366.88,369.88,25.0,0,None
8,Vessel 2,8,Evac Area 3 Dock,Safe Area 3 Marina,369.88,380.68,380.68,383.68,25.0,12,Evac Area 3
9,Vessel 2,9,Safe Area 3 Marina,Evac Area 3 Dock,383.68,394.48,394.48,397.48,25.0,0,None
10,Vessel 2,10,Evac Area 3 Dock,Safe Area 3 Marina,397.48,408.28000000000003,408.28000000000003,411.28000000000003,25.0,12,Evac Area 3
11,Vessel 2,11,Safe Area 3 Marina,Evac Area 3 Dock,411.28000000000003,422.08000000000004,422.08000000000004,425.08000000000004,25.0,0,None
12,Vessel 2,12,Evac Area 3 Dock,Safe Area 3 Marina,425.08000000000004,435.88000000000005,435.88000000000005,438.88000000000005,25.0,12,Evac Area 3
13,Vessel 2,13,Safe Area 3 Marina,Evac Area 3 Dock,438.88000000000005,449.68000000000006,449.68000000000006,452.68000000000006,25.0,0,None
14,Vessel 2,14,Evac Area 3 Dock,Safe Area 3 Marina,452.68000000000006,463.4800000000001,463.4800000000001,466.4800000000001,25.0,12,Evac Area 3
15,Vessel 2,15,Safe Area 3 Marina,Evac Area 3 Dock,466.4800000000001,477.2800000000001,477.2800000000001,480.2800000000001,25.0,0,None
16,Vessel 2,16,Evac Area 3 Dock,Safe Area 3 Marina,480.2800000000001,491.0800000000001,491.0800000000001,494.0800000000001,25.0,12,Evac Area 3
17,Vessel 2,17,Safe Area 3 Marina,Evac Area 2 Marina,494.0800000000001,510.8800000000001,510.8800000000001,513.8800000000001,25.0,0,None
18,Vessel 2,18,Evac Area 2 Marina,Safe Area 2 Harbor,513.8800000000001,525.8800000000001,525.8800000000001,528.8800000000001,25.0,12,Evac Area 2
19,Vessel 2,19,Safe Area 2 Harbor,Evac Area 2 Marina,528.8800000000001,540.8800000000001,540.8800000000001,543.8800000000001,25.0,0,None
20,Vessel 2,20,Evac Area 2 Marina,Safe Area 2 Harbor,543.8800000000001,555.8800000000001,555.8800000000001,558.8800000000001,25.0,12,Evac Area 2
1,Vessel 3,1,Safe Area 3 Marina,Evac Area 3 Dock,240.0,250.8,250.8,253.8,25.0,0,None
2,Vessel 3,2,Evac Area 3 Dock,Safe Area 3 Marina,253.8,264.6,264.6,267.6,25.0,12,Evac Area 3
3,Vessel 3,3,Safe Area 3 Marina,Evac Area 3 Dock,267.6,278.4,278.4,281.4,25.0,0,None
4,Vessel 3,4,Evac Area 3 Dock,Safe Area 3 Marina,281.4,292.2,292.2,295.2,25.0,12,Evac Area 3
5,Vessel 3,5,Safe Area 3 Marina,Evac Area 3 Dock,295.2,306.0,306.0,309.0,25.0,0,None
6,Vessel 3,6,Evac Area 3 Dock,Safe Area 3 Marina,309.0,319.8,319.8,322.8,25.0,12,Evac Area 3
7,Vessel 3,7,Safe Area 3 Marina,Evac Area 3 Dock,322.8,333.6,333.6,336.6,25.0,0,None
8,Vessel 3,8,Evac Area 3 Dock,Safe Area 3 Marina,336.6,347.4,347.4,350.4,25.0,12,Evac Area 3
9,Vessel 3,9,Safe Area 3 Marina,Evac Area 3 Dock,350.4,361.2,361.2,364.2,25.0,0,None
10,Vessel 3,10,Evac Area 3 Dock,Safe Area 3 Marina,364.2,375.0,375.0,378.0,25.0,12,Evac Area 3
11,Vessel 3,11,Safe Area 3 Marina,Evac Area 3 Dock,378.0,388.8,388.8,391.8,25.0,0,None
12,Vessel 3,12,Evac Area 3 Dock,Safe Area 3 Marina,391.8,402.6,402.6,405.6,25.0,12,Evac Area 3
13,Vessel 3,13,Safe Area 3 Marina,Evac Area 3 Dock,405.6,416.40000000000003,416.40000000000003,419.40000000000003,25.0,0,None
14,Vessel 3,14,Evac Area 3 Dock,Safe Area 3 Marina,419.40000000000003,430.20000000000005,430.20000000000005,433.20000000000005,25.0,12,Evac Area 3
15,Vessel 3,15,Safe Area 3 Marina,Evac Area 3 Dock,433.20000000000005,444.00000000000006,444.00000000000006,447.00000000000006,25.0,0,None
16,Vessel 3,16,Evac Area 3 Dock,Safe Area 3 Marina,447.00000000000006,457.80000000000007,457.80000000000007,460.80000000000007,25.0,12,Evac Area 3
17,Vessel 3,17,Safe Area 3 Marina,Evac Area 3 Dock,460.80000000000007,471.6000000000001,471.6000000000001,474.6000000000001,25.0,0,None
18,Vessel 3,18,Evac Area 3 Dock,Safe Area 3 Marina,474.6000000000001,485.4000000000001,485.4000000000001,488.4000000000001,25.0,12,Evac Area 3
19,Vessel 3,19,Safe Area 3 Marina,Evac Area 3 Dock,488.4000000000001,499.2000000000001,499.2000000000001,502.2000000000001,25.0,0,None
20,Vessel 3,20,Evac Area 3 Dock,Safe Area 3 Marina,502.2000000000001,513.0000000000001,513.0000000000001,516.0000000000001,25.0,12,Evac Area 3
21,Vessel 3,21,Safe Area 3 Marina,Evac Area 3 Dock,516.0000000000001,526.8000000000002,526.8000000000002,529.8000000000002,25.0,0,None
22,Vessel 3,22,Evac Area 3 Dock,Safe Area 3 Marina,529.8000000000002,540.6000000000001,540.6000000000001,543.6000000000001,25.0,12,Evac Area 3
1,Vessel 4,1,Safe Area 3 Marina,Evac Area 3 Dock,254.24,265.04,265.04,270.04,25.0,0,None
2,Vessel 4,2,Evac Area 3 Dock,Safe Area 3 Marina,270.04,280.84000000000003,280.84000000000003,285.84000000000003,25.0,38,Evac Area 3
3,Vessel 4,3,Safe Area 3 Marina,Evac Area 3 Dock,285.84000000000003,296.64,296.64,301.64,25.0,0,None
4,Vessel 4,4,Evac Area 3 Dock,Safe Area 3 Marina,301.64,312.44,312.44,317.44,25.0,38,Evac Area 3
5,Vessel 4,5,Safe Area 3 Marina,Evac Area 3 Dock,317.44,328.24,328.24,333.24,25.0,0,None
6,Vessel 4,6,Evac Area 3 Dock,Safe Area 3 Marina,333.24,344.03999999999996,344.03999999999996,349.03999999999996,25.0,38,Evac Area 3
7,Vessel 4,7,Safe Area 3 Marina,Evac Area 3 Dock,349.03999999999996,359.84,359.84,364.84,25.0,0,None
8,Vessel 4,8,Evac Area 3 Dock,Safe Area 3 Marina,364.84,375.64,375.64,380.64,25.0,38,Evac Area 3
9,Vessel 4,9,Safe Area 3 Marina,Evac Area 3 Dock,380.64,391.44,391.44,396.44,25.0,0,None
10,Vessel 4,10,Evac Area 3 Dock,Safe Area 3 Marina,396.44,407.24,407.24,412.24,25.0,38,Evac Area 3
11,Vessel 4,11,Safe Area 3 Marina,Evac Area 3 Dock,412.24,423.04,423.04,428.04,25.0,0,None
12,Vessel 4,12,Evac Area 3 Dock,Safe Area 3 Marina,428.04,438.84000000000003,438.84000000000003,443.84000000000003,25.0,38,Evac Area 3
13,Vessel 4,13,Safe Area 3 Marina,Evac Area 3 Dock,443.84000000000003,454.64000000000004,454.64000000000004,459.64000000000004,25.0,0,None
14,Vessel 4,14,Evac Area 3 Dock,Safe Area 3 Marina,459.64000000000004,470.44000000000005,470.44000000000005,475.44000000000005,25.0,38,Evac Area 3
15,Vessel 4,15,Safe Area 3 Marina,Evac Area 3 Dock,475.44000000000005,486.24000000000007,486.24000000000007,491.24000000000007,25.0,0,None
16,Vessel 4,16,Evac Area 3 Dock,Safe Area 3 Marina,491.24000000000007,502.0400000000001,502.0400000000001,507.0400000000001,25.0,38,Evac Area 3
17,Vessel 4,17,Safe Area 3 Marina,Evac Area 3 Dock,507.0400000000001,517.8400000000001,517.8400000000001,522.8400000000001,25.0,0,None
18,Vessel 4,18,Evac Area 3 Dock,Safe Area 3 Marina,522.8400000000001,533.6400000000001,533.6400000000001,538.6400000000001,25.0,38,Evac Area 3
19,Vessel 4,19,Safe Area 3 Marina,Evac Area 3 Dock,538.6400000000001,549.44,549.44,554.44,25.0,0,None
20,Vessel 4,20,Evac Area 3 Dock,Safe Area 3 Marina,554.44,565.2400000000001,565.2400000000001,570.2400000000001,25.0,38,Evac Area 3
1,Vessel 5,1,Safe Area 2 Harbor,Evac Area 2 Marina,291.6666666666667,308.33333333333337,308.33333333333337,318.33333333333337,18.0,0,None
2,Vessel 5,2,Evac Area 2 Marina,Safe Area 2 Harbor,318.33333333333337,335.0,335.0,345.0,18.0,120,Evac Area 2
3,Vessel 5,3,Safe Area 2 Harbor,Evac Area 2 Marina,345.0,361.6666666666667,361.6666666666667,371.6666666666667,18.0,0,None
4,Vessel 5,4,Evac Area 2 Marina,Safe Area 2 Harbor,371.6666666666667,388.33333333333337,388.33333333333337,398.33333333333337,18.0,120,Evac Area 2
5,Vessel 5,5,Safe Area 2 Harbor,Evac Area 2 Marina,398.33333333333337,415.0,415.0,425.0,18.0,0,None
6,Vessel 5,6,Evac Area 2 Marina,Safe Area 3 Marina,425.0,448.33333333333337,448.33333333333337,458.33333333333337,18.0,120,Evac Area 2
7,Vessel 5,7,Safe Area 3 Marina,Evac Area 3 Dock,458.33333333333337,473.33333333333337,473.33333333333337,483.33333333333337,18.0,0,None
8,Vessel 5,8,Evac Area 3 Dock,Safe Area 3 Marina,483.33333333333337,498.33333333333337,498.33333333333337,508.33333333333337,18.0,120,Evac Area 3
9,Vessel 5,9,Safe Area 3 Marina,Evac Area 2 Marina,508.33333333333337,531.6666666666667,531.6666666666667,541.6666666666667,18.0,0,None
10,Vessel 5,10,Evac Area 2 Marina,Safe Area 2 Harbor,541.6666666666667,558.3333333333334,558.3333333333334,568.3333333333334,18.0,120,Evac Area 2
1,Vessel 6,1,Safe Area 3 Marina,Evac Area 3 Dock,246.24,257.04,257.04,260.04,25.0,0,None
2,Vessel 6,2,Evac Area 3 Dock,Safe Area 3 Marina,260.04,270.84000000000003,270.84000000000003,273.84000000000003,25.0,12,Evac Area 3
3,Vessel 6,3,Safe Area 3 Marina,Evac Area 2 Marina,273.84000000000003,290.64,290.64,293.64,25.0,0,None
4,Vessel 6,4,Evac Area 2 Marina,Safe Area 2 Harbor,293.64,305.64,305.64,308.64,25.0,12,Evac Area 2
5,Vessel 6,5,Safe Area 2 Harbor,Evac Area 2 Marina,308.64,320.64,320.64,323.64,25.0,0,None
6,Vessel 6,6,Evac Area 2 Marina,Safe Area 2 Harbor,323.64,335.64,335.64,338.64,25.0,12,Evac Area 2
7,Vessel 6,7,Safe Area 2 Harbor,Evac Area 2 Marina,338.64,350.64,350.64,353.64,25.0,0,None
8,Vessel 6,8,Evac Area 2 Marina,Safe Area 2 Harbor,353.64,365.64,365.64,368.64,25.0,12,Evac Area 2
9,Vessel 6,9,Safe Area 2 Harbor,Evac Area 2 Marina,368.64,380.64,380.64,383.64,25.0,0,None
10,Vessel 6,10,Evac Area 2 Marina,Safe Area 3 Marina,383.64,400.44,400.44,403.44,25.0,4,Evac Area 2
11,Vessel 6,11,Safe Area 3 Marina,Evac Area 3 Dock,403.44,414.24,414.24,417.24,25.0,0,None
12,Vessel 6,12,Evac Area 3 Dock,Safe Area 3 Marina,417.24,428.04,428.04,431.04,25.0,12,Evac Area 3
13,Vessel 6,13,Safe Area 3 Marina,Evac Area 4 Dock,431.04,449.04,449.04,452.04,25.0,0,None
14,Vessel 6,14,Evac Area 4 Dock,Safe Area 3 Marina,452.04,470.04,470.04,473.04,25.0,9,Evac Area 4
15,Vessel 6,15,Safe Area 3 Marina,Evac Area 3 Dock,473.04,483.84000000000003,483.84000000000003,486.84000000000003,25.0,0,None
16,Vessel 6,16,Evac Area 3 Dock,Safe Area 3 Marina,486.84000000000003,497.64000000000004,497.64000000000004,500.64000000000004,25.0,12,Evac Area 3
17,Vessel 6,17,Safe Area 3 Marina,Evac Area 3 Dock,500.64000000000004,511.44000000000005,511.44000000000005,514.44,25.0,0,None
18,Vessel 6,18,Evac Area 3 Dock,Safe Area 3 Marina,514.44,525.24,525.24,528.24,25.0,11,Evac Area 3
19,Vessel 6,19,Safe Area 3 Marina,Evac Area 2 Marina,528.24,545.0400000000001,545.0400000000001,548.0400000000001,25.0,0,None
20,Vessel 6,20,Evac Area 2 Marina,Safe Area 2 Harbor,548.0400000000001,560.0400000000001,560.0400000000001,563.0400000000001,25.0,12,Evac Area 2
