segment_id,resource_id,route_segment_id,origin,destination,route_start_time,route_end_time,load_start_time,load_end_time,resource_speed,evacuees,evacuated_location
1,Vessel 1,1,Safe Area 1 Terminal,Evac Area 1 Ferry Terminal,10.0,24.0,24.0,34.0,12.0,0,None
2,Vessel 1,2,Evac Area 1 Ferry Terminal,Safe Area 1 Terminal,34.0,48.0,48.0,58.0,12.0,194,Evac Area 1
1,Vessel 2,1,Safe Area 2 Harbor,Evac Area 4 Beach,10.0,28.239999999999995,28.239999999999995,31.239999999999995,25.0,0,None
2,Vessel 2,2,Evac Area 4 Beach,Safe Area 3 Marina,31.239999999999995,49.24000000000001,49.24000000000001,52.24000000000001,25.0,12,Evac Area 4
1,Vessel 2,1,Safe Area 3 Marina,Evac Area 3 Dock,52.24000000000001,63.03999999999999,63.03999999999999,66.03999999999999,25.0,0,None
2,Vessel 2,2,Evac Area 3 Dock,Safe Area 3 Marina,66.03999999999999,76.84,76.84,79.84,25.0,12,Evac Area 3
1,Vessel 2,1,Safe Area 3 Marina,Evac Area 4 Dock,79.84,97.84,97.84,100.84,25.0,0,None
2,Vessel 2,2,Evac Area 4 Dock,Safe Area 3 Marina,100.84,118.84,118.84,121.84,25.0,12,Evac Area 4
1,Vessel 2,1,Safe Area 3 Marina,Evac Area 2 Marina,121.84,138.64,138.64,141.64,25.0,0,None
2,Vessel 2,2,Evac Area 2 Marina,Safe Area 2 Harbor,141.64,153.64,153.64,156.64,25.0,12,Evac Area 2
1,Vessel 3,1,Safe Area 3 Marina,Evac Area 3 Dock,60.0,70.8,70.8,73.8,25.0,0,None
2,Vessel 3,2,Evac Area 3 Dock,Safe Area 3 Marina,73.8,84.6,84.6,87.6,25.0,12,Evac Area 3
1,Vessel 3,1,Safe Area 3 Marina,Evac Area 3 Dock,87.6,98.4,98.4,101.4,25.0,0,None
2,Vessel 3,2,Evac Area 3 Dock,Safe Area 1 Terminal,101.4,113.4,113.4,116.4,25.0,12,Evac Area 3
1,Vessel 3,1,Safe Area 1 Terminal,Evac Area 3 Dock,116.4,128.4,128.4,131.4,25.0,0,None
2,Vessel 3,2,Evac Area 3 Dock,Safe Area 3 Marina,131.4,142.2,142.2,145.2,25.0,12,Evac Area 3
1,Vessel 4,1,Safe Area 1 Terminal,Evac Area 3 Dock,10.0,22.0,22.0,27.0,25.0,0,None
2,Vessel 4,2,Evac Area 3 Dock,Safe Area 3 Marina,27.0,37.8,37.8,42.8,25.0,38,Evac Area 3
1,Vessel 4,1,Safe Area 3 Marina,Evac Area 3 Dock,42.8,53.599999999999994,53.599999999999994,58.599999999999994,25.0,0,None
2,Vessel 4,2,Evac Area 3 Dock,Safe Area 3 Marina,58.599999999999994,69.39999999999999,69.39999999999999,74.39999999999999,25.0,38,Evac Area 3
1,Vessel 4,1,Safe Area 3 Marina,Evac Area 4 Dock,74.39999999999999,92.4,92.4,97.4,25.0,0,None
2,Vessel 4,2,Evac Area 4 Dock,Safe Area 2 Harbor,97.4,115.64,115.64,120.64,25.0,32,Evac Area 4
1,Vessel 4,1,Safe Area 2 Harbor,Evac Area 2 Marina,120.64,132.64,132.64,137.64,25.0,0,None
2,Vessel 4,2,Evac Area 2 Marina,Safe Area 3 Marina,137.64,154.44,154.44,159.44,25.0,38,Evac Area 2
1,Vessel 5,1,Safe Area 1 Terminal,Evac Area 3 Dock,30.0,46.66666666666667,46.66666666666667,56.66666666666667,18.0,0,None
2,Vessel 5,2,Evac Area 3 Dock,Safe Area 3 Marina,56.66666666666667,71.66666666666667,71.66666666666667,81.66666666666667,18.0,120,Evac Area 3
1,Vessel 5,1,Safe Area 3 Marina,Evac Area 3 Dock,81.66666666666667,96.66666666666669,96.66666666666669,106.66666666666669,18.0,0,None
2,Vessel 5,2,Evac Area 3 Dock,Safe Area 3 Marina,106.66666666666669,121.66666666666669,121.66666666666669,131.66666666666669,18.0,120,Evac Area 3
1,Vessel 5,1,Safe Area 3 Marina,Evac Area 3 Dock,131.66666666666669,146.66666666666669,146.66666666666669,156.66666666666669,18.0,0,None
2,Vessel 5,2,Evac Area 3 Dock,Safe Area 3 Marina,156.66666666666669,171.66666666666669,171.66666666666669,181.66666666666669,18.0,120,Evac Area 3
1,Vessel 6,1,Safe Area 1 Terminal,Evac Area 3 Dock,30.0,42.0,42.0,45.0,25.0,0,None
2,Vessel 6,2,Evac Area 3 Dock,Safe Area 3 Marina,45.0,55.8,55.8,58.8,25.0,12,Evac Area 3
1,Vessel 6,1,Safe Area 3 Marina,Evac Area 3 Dock,58.8,69.6,69.6,72.6,25.0,0,None
2,Vessel 6,2,Evac Area 3 Dock,Safe Area 3 Marina,72.6,83.39999999999999,83.39999999999999,86.39999999999999,25.0,12,Evac Area 3
1,Vessel 6,1,Safe Area 3 Marina,Evac Area 3 Dock,86.39999999999999,97.2,97.2,100.2,25.0,0,None
2,Vessel 6,2,Evac Area 3 Dock,Safe Area 3 Marina,100.2,111.0,111.0,114.0,25.0,12,Evac Area 3
1,Vessel 6,1,Safe Area 3 Marina,Evac Area 3 Dock,114.0,124.8,124.8,127.8,25.0,0,None
2,Vessel 6,2,Evac Area 3 Dock,Safe Area 3 Marina,127.8,138.6,138.6,141.6,25.0,12,Evac Area 3
1,Vessel 1,1,Safe Area 1 Terminal,Evac Area 1 Ferry Terminal,135.0,149.0,149.0,159.0,12.0,0,None
2,Vessel 1,2,Evac Area 1 Ferry Terminal,Safe Area 1 Terminal,159.0,173.0,173.0,183.0,12.0,51,Evac Area 1
1,Vessel 2,1,Safe Area 2 Harbor,Evac Area 2 Marina,156.64,168.64,168.64,171.64,25.0,0,None
2,Vessel 2,2,Evac Area 2 Marina,Safe Area 2 Harbor,171.64,183.64,183.64,186.64,25.0,12,Evac Area 2
3,Vessel 2,3,Safe Area 2 Harbor,Evac Area 2 Marina,186.64,198.64,198.64,201.64,25.0,0,None
4,Vessel 2,4,Evac Area 2 Marina,Safe Area 2 Harbor,201.64,213.64,213.64,216.64,25.0,12,Evac Area 2
5,Vessel 2,5,Safe Area 2 Harbor,Evac Area 2 Marina,216.64,228.64,228.64,231.64,25.0,0,None
6,Vessel 2,6,Evac Area 2 Marina,Safe Area 2 Harbor,231.64,243.64,243.64,246.64,25.0,12,Evac Area 2
7,Vessel 2,7,Safe Area 2 Harbor,Evac Area 2 Marina,246.64,258.64,258.64,261.64,25.0,0,None
8,Vessel 2,8,Evac Area 2 Marina,Safe Area 2 Harbor,261.64,273.64,273.64,276.64,25.0,12,Evac Area 2
9,Vessel 2,9,Safe Area 2 Harbor,Evac Area 2 Marina,276.64,288.64,288.64,291.64,25.0,0,None
10,Vessel 2,10,Evac Area 2 Marina,Safe Area 2 Harbor,291.64,303.64,303.64,306.64,25.0,5,Evac Area 2
11,Vessel 2,11,Safe Area 2 Harbor,Evac Area 4 Beach,306.64,324.88,324.88,327.88,25.0,0,None
12,Vessel 2,12,Evac Area 4 Beach,Safe Area 3 Marina,327.88,345.88,345.88,348.88,25.0,9,Evac Area 4
13,Vessel 2,13,Safe Area 3 Marina,Evac Area 3 Dock,348.88,359.68,359.68,362.68,25.0,0,None
14,Vessel 2,14,Evac Area 3 Dock,Safe Area 3 Marina,362.68,373.48,373.48,376.48,25.0,12,Evac Area 3
15,Vessel 2,15,Safe Area 3 Marina,Evac Area 3 Dock,376.48,387.28000000000003,387.28000000000003,390.28000000000003,25.0,0,None
16,Vessel 2,16,Evac Area 3 Dock,Safe Area 3 Marina,390.28000000000003,401.08000000000004,401.08000000000004,404.08000000000004,25.0,12,Evac Area 3
1,Vessel 3,1,Safe Area 3 Marina,Evac Area 3 Dock,145.2,156.0,156.0,159.0,25.0,0,None
2,Vessel 3,2,Evac Area 3 Dock,Safe Area 3 Marina,159.0,169.79999999999998,169.79999999999998,172.79999999999998,25.0,12,Evac Area 3
3,Vessel 3,3,Safe Area 3 Marina,Evac Area 3 Dock,172.79999999999998,183.59999999999997,183.59999999999997,186.59999999999997,25.0,0,None
4,Vessel 3,4,Evac Area 3 Dock,Safe Area 3 Marina,186.59999999999997,197.39999999999998,197.39999999999998,200.39999999999998,25.0,12,Evac Area 3
5,Vessel 3,5,Safe Area 3 Marina,Evac Area 3 Dock,200.39999999999998,211.2,211.2,214.2,25.0,0,None
6,Vessel 3,6,Evac Area 3 Dock,Safe Area 3 Marina,214.2,224.99999999999997,224.99999999999997,227.99999999999997,25.0,12,Evac Area 3
7,Vessel 3,7,Safe Area 3 Marina,Evac Area 3 Dock,227.99999999999997,238.79999999999995,238.79999999999995,241.79999999999995,25.0,0,None
8,Vessel 3,8,Evac Area 3 Dock,Safe Area 3 Marina,241.79999999999995,252.59999999999997,252.59999999999997,255.59999999999997,25.0,12,Evac Area 3
9,Vessel 3,9,Safe Area 3 Marina,Evac Area 3 Dock,255.59999999999997,266.4,266.4,269.4,25.0,0,None
10,Vessel 3,10,Evac Area 3 Dock,Safe Area 3 Marina,269.4,280.2,280.2,283.2,25.0,12,Evac Area 3
11,Vessel 3,11,Safe Area 3 Marina,Evac Area 3 Dock,283.2,294.0,294.0,297.0,25.0,0,None
12,Vessel 3,12,Evac Area 3 Dock,Safe Area 3 Marina,297.0,307.8,307.8,310.8,25.0,12,Evac Area 3
13,Vessel 3,13,Safe Area 3 Marina,Evac Area 3 Dock,310.8,321.6,321.6,324.6,25.0,0,None
14,Vessel 3,14,Evac Area 3 Dock,Safe Area 3 Marina,324.6,335.40000000000003,335.40000000000003,338.40000000000003,25.0,12,Evac Area 3
15,Vessel 3,15,Safe Area 3 Marina,Evac Area 3 Dock,338.40000000000003,349.20000000000005,349.20000000000005,352.20000000000005,25.0,0,None
16,Vessel 3,16,Evac Area 3 Dock,Safe Area 3 Marina,352.20000000000005,363.00000000000006,363.00000000000006,366.00000000000006,25.0,12,Evac Area 3
17,Vessel 3,17,Safe Area 3 Marina,Evac Area 3 Dock,366.00000000000006,376.80000000000007,376.80000000000007,379.80000000000007,25.0,0,None
18,Vessel 3,18,Evac Area 3 Dock,Safe Area 3 Marina,379.80000000000007,390.6000000000001,390.6000000000001,393.6000000000001,25.0,12,Evac Area 3
19,Vessel 3,19,Safe Area 3 Marina,Evac Area 3 Dock,393.6000000000001,404.4000000000001,404.4000000000001,407.4000000000001,25.0,0,None
20,Vessel 3,20,Evac Area 3 Dock,Safe Area 3 Marina,407.4000000000001,418.2000000000001,418.2000000000001,421.2000000000001,25.0,8,Evac Area 3
1,Vessel 4,1,Safe Area 3 Marina,Evac Area 2 Marina,159.44,176.24,176.24,181.24,25.0,0,None
2,Vessel 4,2,Evac Area 2 Marina,Safe Area 2 Harbor,181.24,193.24,193.24,198.24,25.0,38,Evac Area 2
3,Vessel 4,3,Safe Area 2 Harbor,Evac Area 2 Marina,198.24,210.24,210.24,215.24,25.0,0,None
4,Vessel 4,4,Evac Area 2 Marina,Safe Area 2 Harbor,215.24,227.24,227.24,232.24,25.0,38,Evac Area 2
5,Vessel 4,5,Safe Area 2 Harbor,Evac Area 2 Marina,232.24,244.24,244.24,249.24,25.0,0,None
6,Vessel 4,6,Evac Area 2 Marina,Safe Area 2 Harbor,249.24,261.24,261.24,266.24,25.0,38,Evac Area 2
7,Vessel 4,7,Safe Area 2 Harbor,Evac Area 2 Marina,266.24,278.24,278.24,283.24,25.0,0,None
8,Vessel 4,8,Evac Area 2 Marina,Safe Area 2 Harbor,283.24,295.24,295.24,300.24,25.0,38,Evac Area 2
9,Vessel 4,9,Safe Area 2 Harbor,Evac Area 2 Marina,300.24,312.24,312.24,317.24,25.0,0,None
10,Vessel 4,10,Evac Area 2 Marina,Safe Area 2 Harbor,317.24,329.24,329.24,334.24,25.0,38,Evac Area 2
11,Vessel 4,11,Safe Area 2 Harbor,Evac Area 2 Marina,334.24,346.24,346.24,351.24,25.0,0,None
12,Vessel 4,12,Evac Area 2 Marina,Safe Area 2 Harbor,351.24,363.24,363.24,368.24,25.0,38,Evac Area 2
13,Vessel 4,13,Safe Area 2 Harbor,Evac Area 2 Marina,368.24,380.24,380.24,385.24,25.0,0,None
14,Vessel 4,14,Evac Area 2 Marina,Safe Area 2 Harbor,385.24,397.24,397.24,402.24,25.0,38,Evac Area 2
1,Vessel 5,1,Safe Area 3 Marina,Evac Area 2 Marina,181.66666666666669,205.0,205.0,215.0,18.0,0,None
2,Vessel 5,2,Evac Area 2 Marina,Safe Area 2 Harbor,215.0,231.66666666666669,231.66666666666669,241.66666666666669,18.0,120,Evac Area 2
3,Vessel 5,3,Safe Area 2 Harbor,Evac Area 2 Marina,241.66666666666669,258.33333333333337,258.33333333333337,268.33333333333337,18.0,0,None
4,Vessel 5,4,Evac Area 2 Marina,Safe Area 2 Harbor,268.33333333333337,285.0,285.0,295.0,18.0,120,Evac Area 2
5,Vessel 5,5,Safe Area 2 Harbor,Evac Area 2 Marina,295.0,311.6666666666667,311.6666666666667,321.6666666666667,18.0,0,None
6,Vessel 5,6,Evac Area 2 Marina,Safe Area 2 Harbor,321.6666666666667,338.33333333333337,338.33333333333337,348.33333333333337,18.0,120,Evac Area 2
7,Vessel 5,7,Safe Area 2 Harbor,Evac Area 2 Marina,348.33333333333337,365.0,365.0,375.0,18.0,0,None
8,Vessel 5,8,Evac Area 2 Marina,Safe Area 2 Harbor,375.0,391.6666666666667,391.6666666666667,401.6666666666667,18.0,120,Evac Area 2
1,Vessel 6,1,Safe Area 3 Marina,Evac Area 3 Dock,141.6,152.39999999999998,152.39999999999998,155.39999999999998,25.0,0,None
2,Vessel 6,2,Evac Area 3 Dock,Safe Area 3 Marina,155.39999999999998,166.2,166.2,169.2,25.0,12,Evac Area 3
3,Vessel 6,3,Safe Area 3 Marina,Evac Area 3 Dock,169.2,180.0,180.0,183.0,25.0,0,None
4,Vessel 6,4,Evac Area 3 Dock,Safe Area 3 Marina,183.0,193.79999999999998,193.79999999999998,196.79999999999998,25.0,12,Evac Area 3
5,Vessel 6,5,Safe Area 3 Marina,Evac Area 3 Dock,196.79999999999998,207.59999999999997,207.59999999999997,210.59999999999997,25.0,0,None
6,Vessel 6,6,Evac Area 3 Dock,Safe Area 3 Marina,210.59999999999997,221.39999999999998,221.39999999999998,224.39999999999998,25.0,12,Evac Area 3
7,Vessel 6,7,Safe Area 3 Marina,Evac Area 3 Dock,224.39999999999998,235.2,235.2,238.2,25.0,0,None
8,Vessel 6,8,Evac Area 3 Dock,Safe Area 3 Marina,238.2,248.99999999999997,248.99999999999997,251.99999999999997,25.0,12,Evac Area 3
9,Vessel 6,9,Safe Area 3 Marina,Evac Area 3 Dock,251.99999999999997,262.79999999999995,262.79999999999995,265.79999999999995,25.0,0,None
10,Vessel 6,10,Evac Area 3 Dock,Safe Area 3 Marina,265.79999999999995,276.59999999999997,276.59999999999997,279.59999999999997,25.0,12,Evac Area 3
11,Vessel 6,11,Safe Area 3 Marina,Evac Area 3 Dock,279.59999999999997,290.4,290.4,293.4,25.0,0,None
12,Vessel 6,12,Evac Area 3 Dock,Safe Area 3 Marina,293.4,304.2,304.2,307.2,25.0,12,Evac Area 3
13,Vessel 6,13,Safe Area 3 Marina,Evac Area 3 Dock,307.2,318.0,318.0,321.0,25.0,0,None
14,Vessel 6,14,Evac Area 3 Dock,Safe Area 3 Marina,321.0,331.8,331.8,334.8,25.0,12,Evac Area 3
15,Vessel 6,15,Safe Area 3 Marina,Evac Area 3 Dock,334.8,345.6,345.6,348.6,25.0,0,None
16,Vessel 6,16,Evac Area 3 Dock,Safe Area 3 Marina,348.6,359.40000000000003,359.40000000000003,362.40000000000003,25.0,12,Evac Area 3
17,Vessel 6,17,Safe Area 3 Marina,Evac Area 3 Dock,362.40000000000003,373.20000000000005,373.20000000000005,376.20000000000005,25.0,0,None
18,Vessel 6,18,Evac Area 3 Dock,Safe Area 3 Marina,376.20000000000005,387.00000000000006,387.00000000000006,390.00000000000006,25.0,12,Evac Area 3
19,Vessel 6,19,Safe Area 3 Marina,Evac Area 3 Dock,390.00000000000006,400.80000000000007,400.80000000000007,403.80000000000007,25.0,0,None
20,Vessel 6,20,Evac Area 3 Dock,Safe Area 3 Marina,403.80000000000007,414.6000000000001,414.6000000000001,417.6000000000001,25.0,12,Evac Area 3
