segment_id,resource_id,route_segment_id,origin,destination,route_start_time,route_end_time,load_start_time,load_end_time,resource_speed,evacuees,evacuated_location
1,Vessel 1,1,Safe Area 1 Terminal,Evac Area 1 Ferry Terminal,10.0,24.0,24.0,34.0,12.0,0,None
2,Vessel 1,2,Evac Area 1 Ferry Terminal,Safe Area 1 Terminal,34.0,48.0,48.0,58.0,12.0,98,Evac Area 1
1,Vessel 2,1,Safe Area 2 Harbor,Evac Area 2 Marina,10.0,22.0,22.0,25.0,25.0,0,None
2,Vessel 2,2,Evac Area 2 Marina,Safe Area 2 Harbor,25.0,37.0,37.0,40.0,25.0,12,Evac Area 2
1,Vessel 4,1,Safe Area 1 Terminal,Evac Area 2 Marina,10.0,34.0,34.0,39.0,25.0,0,None
2,Vessel 4,2,Evac Area 2 Marina,Safe Area 2 Harbor,39.0,51.0,51.0,56.0,25.0,38,Evac Area 2
1,Vessel 1,1,Safe Area 1 Terminal,Evac Area 1 Ferry Terminal,58.0,72.0,72.0,82.0,12.0,0,None
2,Vessel 1,2,Evac Area 1 Ferry Terminal,Safe Area 1 Terminal,82.0,96.0,96.0,106.0,12.0,335,Evac Area 1
1,Vessel 2,1,Safe Area 2 Harbor,Evac Area 2 Marina,40.0,52.0,52.0,55.0,25.0,0,None
2,Vessel 2,2,Evac Area 2 Marina,Safe Area 2 Harbor,55.0,67.0,67.0,70.0,25.0,12,Evac Area 2
3,Vessel 2,3,Safe Area 2 Harbor,Evac Area 4 Dock,70.0,88.24,88.24,91.24,25.0,0,None
4,Vessel 2,4,Evac Area 4 Dock,Safe Area 3 Marina,91.24,109.24,109.24,112.24,25.0,12,Evac Area 4
5,Vessel 2,5,Safe Area 3 Marina,Evac Area 4 Dock,112.24,130.24,130.24,133.24,25.0,0,None
6,Vessel 2,6,Evac Area 4 Dock,Safe Area 3 Marina,133.24,151.24,151.24,154.24,25.0,12,Evac Area 4
7,Vessel 2,7,Safe Area 3 Marina,Evac Area 4 Dock,154.24,172.24,172.24,175.24,25.0,0,None
8,Vessel 2,8,Evac Area 4 Dock,Safe Area 3 Marina,175.24,193.24,193.24,196.24,25.0,12,Evac Area 4
9,Vessel 2,9,Safe Area 3 Marina,Evac Area 4 Beach,196.24,214.24,214.24,217.24,25.0,0,None
10,Vessel 2,10,Evac Area 4 Beach,Safe Area 3 Marina,217.24,235.24,235.24,238.24,25.0,12,Evac Area 4
11,Vessel 2,11,Safe Area 3 Marina,Evac Area 4 Beach,238.24,256.24,256.24,259.24,25.0,0,None
12,Vessel 2,12,Evac Area 4 Beach,Safe Area 3 Marina,259.24,277.24,277.24,280.24,25.0,12,Evac Area 4
13,Vessel 2,13,Safe Area 3 Marina,Evac Area 4 Beach,280.24,298.24,298.24,301.24,25.0,0,None
14,Vessel 2,14,Evac Area 4 Beach,Safe Area 3 Marina,301.24,319.24,319.24,322.24,25.0,12,Evac Area 4
15,Vessel 2,15,Safe Area 3 Marina,Evac Area 4 Dock,322.24,340.24,340.24,343.24,25.0,0,None
16,Vessel 2,16,Evac Area 4 Dock,Safe Area 3 Marina,343.24,361.24,361.24,364.24,25.0,12,Evac Area 4
1,Vessel 3,1,Safe Area 3 Marina,Evac Area 3 Dock,60.0,70.8,70.8,73.8,25.0,0,None
2,Vessel 3,2,Evac Area 3 Dock,Safe Area 3 Marina,73.8,84.6,84.6,87.6,25.0,12,Evac Area 3
3,Vessel 3,3,Safe Area 3 Marina,Evac Area 4 Beach,87.6,105.6,105.6,108.6,25.0,0,None
4,Vessel 3,4,Evac Area 4 Beach,Safe Area 2 Harbor,108.6,126.83999999999999,126.83999999999999,129.83999999999997,25.0,12,Evac Area 4
5,Vessel 3,5,Safe Area 2 Harbor,Evac Area 2 Marina,129.83999999999997,141.83999999999997,141.83999999999997,144.83999999999997,25.0,0,None
6,Vessel 3,6,Evac Area 2 Marina,Safe Area 2 Harbor,144.83999999999997,156.83999999999997,156.83999999999997,159.83999999999997,25.0,12,Evac Area 2
7,Vessel 3,7,Safe Area 2 Harbor,Evac Area 2 Marina,159.83999999999997,171.83999999999997,171.83999999999997,174.83999999999997,25.0,0,None
8,Vessel 3,8,Evac Area 2 Marina,Safe Area 2 Harbor,174.83999999999997,186.83999999999997,186.83999999999997,189.83999999999997,25.0,12,Evac Area 2
9,Vessel 3,9,Safe Area 2 Harbor,Evac Area 2 Marina,189.83999999999997,201.83999999999997,201.83999999999997,204.83999999999997,25.0,0,None
10,Vessel 3,10,Evac Area 2 Marina,Safe Area 2 Harbor,204.83999999999997,216.83999999999997,216.83999999999997,219.83999999999997,25.0,12,Evac Area 2
11,Vessel 3,11,Safe Area 2 Harbor,Evac Area 2 Marina,219.83999999999997,231.83999999999997,231.83999999999997,234.83999999999997,25.0,0,None
12,Vessel 3,12,Evac Area 2 Marina,Safe Area 2 Harbor,234.83999999999997,246.83999999999997,246.83999999999997,249.83999999999997,25.0,12,Evac Area 2
13,Vessel 3,13,Safe Area 2 Harbor,Evac Area 2 Marina,249.83999999999997,261.84,261.84,264.84,25.0,0,None
14,Vessel 3,14,Evac Area 2 Marina,Safe Area 2 Harbor,264.84,276.84,276.84,279.84,25.0,12,Evac Area 2
15,Vessel 3,15,Safe Area 2 Harbor,Evac Area 2 Marina,279.84,291.84,291.84,294.84,25.0,0,None
16,Vessel 3,16,Evac Area 2 Marina,Safe Area 2 Harbor,294.84,306.84,306.84,309.84,25.0,12,Evac Area 2
17,Vessel 3,17,Safe Area 2 Harbor,Evac Area 2 Marina,309.84,321.84,321.84,324.84,25.0,0,None
18,Vessel 3,18,Evac Area 2 Marina,Safe Area 2 Harbor,324.84,336.84,336.84,339.84,25.0,12,Evac Area 2
19,Vessel 3,19,Safe Area 2 Harbor,Evac Area 2 Marina,339.84,351.84,351.84,354.84,25.0,0,None
20,Vessel 3,20,Evac Area 2 Marina,Safe Area 2 Harbor,354.84,366.84,366.84,369.84,25.0,12,Evac Area 2
1,Vessel 4,1,Safe Area 2 Harbor,Evac Area 2 Marina,56.0,68.0,68.0,73.0,25.0,0,None
2,Vessel 4,2,Evac Area 2 Marina,Safe Area 3 Marina,73.0,89.8,89.8,94.8,25.0,37,Evac Area 2
3,Vessel 4,3,Safe Area 3 Marina,Evac Area 4 Dock,94.8,112.8,112.8,117.8,25.0,0,None
4,Vessel 4,4,Evac Area 4 Dock,Safe Area 2 Harbor,117.8,136.04,136.04,141.04,25.0,38,Evac Area 4
5,Vessel 4,5,Safe Area 2 Harbor,Evac Area 2 Marina,141.04,153.04,153.04,158.04,25.0,0,None
6,Vessel 4,6,Evac Area 2 Marina,Safe Area 2 Harbor,158.04,170.04,170.04,175.04,25.0,38,Evac Area 2
7,Vessel 4,7,Safe Area 2 Harbor,Evac Area 2 Marina,175.04,187.04,187.04,192.04,25.0,0,None
8,Vessel 4,8,Evac Area 2 Marina,Safe Area 2 Harbor,192.04,204.04,204.04,209.04,25.0,38,Evac Area 2
9,Vessel 4,9,Safe Area 2 Harbor,Evac Area 2 Marina,209.04,221.04,221.04,226.04,25.0,0,None
10,Vessel 4,10,Evac Area 2 Marina,Safe Area 2 Harbor,226.04,238.04,238.04,243.04,25.0,38,Evac Area 2
11,Vessel 4,11,Safe Area 2 Harbor,Evac Area 2 Marina,243.04,255.04,255.04,260.03999999999996,25.0,0,None
12,Vessel 4,12,Evac Area 2 Marina,Safe Area 2 Harbor,260.03999999999996,272.03999999999996,272.03999999999996,277.03999999999996,25.0,38,Evac Area 2
13,Vessel 4,13,Safe Area 2 Harbor,Evac Area 2 Marina,277.03999999999996,289.03999999999996,289.03999999999996,294.03999999999996,25.0,0,None
14,Vessel 4,14,Evac Area 2 Marina,Safe Area 2 Harbor,294.03999999999996,306.03999999999996,306.03999999999996,311.03999999999996,25.0,38,Evac Area 2
15,Vessel 4,15,Safe Area 2 Harbor,Evac Area 2 Marina,311.03999999999996,323.03999999999996,323.03999999999996,328.03999999999996,25.0,0,None
16,Vessel 4,16,Evac Area 2 Marina,Safe Area 2 Harbor,328.03999999999996,340.03999999999996,340.03999999999996,345.03999999999996,25.0,38,Evac Area 2
17,Vessel 4,17,Safe Area 2 Harbor,Evac Area 2 Marina,345.03999999999996,357.03999999999996,357.03999999999996,362.03999999999996,25.0,0,None
18,Vessel 4,18,Evac Area 2 Marina,Safe Area 2 Harbor,362.03999999999996,374.03999999999996,374.03999999999996,379.03999999999996,25.0,38,Evac Area 2
1,Vessel 5,1,Safe Area 1 Terminal,Evac Area 4 Dock,30.0,60.0,60.0,70.0,18.0,0,None
2,Vessel 5,2,Evac Area 4 Dock,Safe Area 3 Marina,70.0,95.0,95.0,105.0,18.0,120,Evac Area 4
3,Vessel 5,3,Safe Area 3 Marina,Evac Area 4 Dock,105.0,130.0,130.0,140.0,18.0,0,None
4,Vessel 5,4,Evac Area 4 Dock,Safe Area 2 Harbor,140.0,165.33333333333334,165.33333333333334,175.33333333333334,18.0,112,Evac Area 4
5,Vessel 5,5,Safe Area 2 Harbor,Evac Area 2 Marina,175.33333333333334,192.0,192.0,202.0,18.0,0,None
6,Vessel 5,6,Evac Area 2 Marina,Safe Area 2 Harbor,202.0,218.66666666666666,218.66666666666666,228.66666666666666,18.0,120,Evac Area 2
7,Vessel 5,7,Safe Area 2 Harbor,Evac Area 2 Marina,228.66666666666666,245.33333333333331,245.33333333333331,255.33333333333331,18.0,0,None
8,Vessel 5,8,Evac Area 2 Marina,Safe Area 2 Harbor,255.33333333333331,272.0,272.0,282.0,18.0,120,Evac Area 2
9,Vessel 5,9,Safe Area 2 Harbor,Evac Area 2 Marina,282.0,298.6666666666667,298.6666666666667,308.6666666666667,18.0,0,None
10,Vessel 5,10,Evac Area 2 Marina,Safe Area 2 Harbor,308.6666666666667,325.33333333333337,325.33333333333337,335.33333333333337,18.0,120,Evac Area 2
11,Vessel 5,11,Safe Area 2 Harbor,Evac Area 2 Marina,335.33333333333337,352.00000000000006,352.00000000000006,362.00000000000006,18.0,0,None
12,Vessel 5,12,Evac Area 2 Marina,Safe Area 2 Harbor,362.00000000000006,378.66666666666674,378.66666666666674,388.66666666666674,18.0,120,Evac Area 2
1,Vessel 6,1,Safe Area 1 Terminal,Evac Area 3 Dock,30.0,42.0,42.0,45.0,25.0,0,None
2,Vessel 6,2,Evac Area 3 Dock,Safe Area 3 Marina,45.0,55.8,55.8,58.8,25.0,12,Evac Area 3
3,Vessel 6,3,Safe Area 3 Marina,Evac Area 4 Beach,58.8,76.8,76.8,79.8,25.0,0,None
4,Vessel 6,4,Evac Area 4 Beach,Safe Area 3 Marina,79.8,97.8,97.8,100.8,25.0,12,Evac Area 4
5,Vessel 6,5,Safe Area 3 Marina,Evac Area 4 Beach,100.8,118.8,118.8,121.8,25.0,0,None
6,Vessel 6,6,Evac Area 4 Beach,Safe Area 2 Harbor,121.8,140.04,140.04,143.04,25.0,12,Evac Area 4
7,Vessel 6,7,Safe Area 2 Harbor,Evac Area 2 Marina,143.04,155.04,155.04,158.04,25.0,0,None
8,Vessel 6,8,Evac Area 2 Marina,Safe Area 2 Harbor,158.04,170.04,170.04,173.04,25.0,12,Evac Area 2
9,Vessel 6,9,Safe Area 2 Harbor,Evac Area 2 Marina,173.04,185.04,185.04,188.04,25.0,0,None
10,Vessel 6,10,Evac Area 2 Marina,Safe Area 2 Harbor,188.04,200.04,200.04,203.04,25.0,12,Evac Area 2
11,Vessel 6,11,Safe Area 2 Harbor,Evac Area 2 Marina,203.04,215.04,215.04,218.04,25.0,0,None
12,Vessel 6,12,Evac Area 2 Marina,Safe Area 2 Harbor,218.04,230.04,230.04,233.04,25.0,12,Evac Area 2
13,Vessel 6,13,Safe Area 2 Harbor,Evac Area 2 Marina,233.04,245.04,245.04,248.04,25.0,0,None
14,Vessel 6,14,Evac Area 2 Marina,Safe Area 2 Harbor,248.04,260.03999999999996,260.03999999999996,263.03999999999996,25.0,12,Evac Area 2
15,Vessel 6,15,Safe Area 2 Harbor,Evac Area 2 Marina,263.03999999999996,275.03999999999996,275.03999999999996,278.03999999999996,25.0,0,None
16,Vessel 6,16,Evac Area 2 Marina,Safe Area 2 Harbor,278.03999999999996,290.03999999999996,290.03999999999996,293.03999999999996,25.0,12,Evac Area 2
17,Vessel 6,17,Safe Area 2 Harbor,Evac Area 2 Marina,293.03999999999996,305.03999999999996,305.03999999999996,308.03999999999996,25.0,0,None
18,Vessel 6,18,Evac Area 2 Marina,Safe Area 2 Harbor,308.03999999999996,320.03999999999996,320.03999999999996,323.03999999999996,25.0,12,Evac Area 2
19,Vessel 6,19,Safe Area 2 Harbor,Evac Area 2 Marina,323.03999999999996,335.03999999999996,335.03999999999996,338.03999999999996,25.0,0,None
20,Vessel 6,20,Evac Area 2 Marina,Safe Area 2 Harbor,338.03999999999996,350.03999999999996,350.03999999999996,353.03999999999996,25.0,12,Evac Area 2
