segment_id,resource_id,route_segment_id,origin,destination,route_start_time,route_end_time,load_start_time,load_end_time,resource_speed,evacuees,evacuated_location
1,Vessel 1,1,Safe Area 1 Terminal,Evac Area 1 Ferry Terminal,10.0,24.0,24.0,34.0,12.0,0,None
2,Vessel 1,2,Evac Area 1 Ferry Terminal,Safe Area 1 Terminal,34.0,48.0,48.0,58.0,12.0,210,Evac Area 1
1,Vessel 2,1,Safe Area 2 Harbor,Evac Area 2 Marina,10.0,22.0,22.0,25.0,25.0,0,None
2,Vessel 2,2,Evac Area 2 Marina,Safe Area 2 Harbor,25.0,37.0,37.0,40.0,25.0,12,Evac Area 2
1,Vessel 2,1,Safe Area 2 Harbor,Evac Area 4 Beach,40.0,58.24,58.24,61.24,25.0,0,None
2,Vessel 2,2,Evac Area 4 Beach,Safe Area 3 Marina,61.24,79.24,79.24,82.24,25.0,12,Evac Area 4
1,Vessel 3,1,Safe Area 3 Marina,Evac Area 3 Dock,60.0,70.8,70.8,73.8,25.0,0,None
2,Vessel 3,2,Evac Area 3 Dock,Safe Area 2 Harbor,73.8,93.0,93.0,96.0,25.0,5,Evac Area 3
1,Vessel 4,1,Safe Area 1 Terminal,Evac Area 3 Dock,10.0,22.0,22.0,27.0,25.0,0,None
2,Vessel 4,2,Evac Area 3 Dock,Safe Area 3 Marina,27.0,37.8,37.8,42.8,25.0,38,Evac Area 3
1,Vessel 4,1,Safe Area 3 Marina,Evac Area 4 Dock,42.8,60.8,60.8,65.8,25.0,0,None
2,Vessel 4,2,Evac Area 4 Dock,Safe Area 2 Harbor,65.8,84.03999999999999,84.03999999999999,89.03999999999999,25.0,38,Evac Area 4
1,Vessel 5,1,Safe Area 1 Terminal,Evac Area 4 Dock,30.0,60.0,60.0,70.0,18.0,0,None
2,Vessel 5,2,Evac Area 4 Dock,Safe Area 2 Harbor,70.0,95.33333333333331,95.33333333333331,105.33333333333331,18.0,120,Evac Area 4
1,Vessel 6,1,Safe Area 1 Terminal,Evac Area 3 Dock,30.0,42.0,42.0,45.0,25.0,0,None
2,Vessel 6,2,Evac Area 3 Dock,Safe Area 3 Marina,45.0,55.8,55.8,58.8,25.0,12,Evac Area 3
1,Vessel 6,1,Safe Area 3 Marina,Evac Area 2 Marina,58.8,75.6,75.6,78.6,25.0,0,None
2,Vessel 6,2,Evac Area 2 Marina,Safe Area 3 Marina,78.6,95.4,95.4,98.4,25.0,12,Evac Area 2
1,Vessel 2,1,Safe Area 3 Marina,Evac Area 4 Dock,82.24,100.24,100.24,103.24,25.0,0,None
2,Vessel 2,2,Evac Area 4 Dock,Safe Area 2 Harbor,103.24,121.47999999999999,121.47999999999999,124.47999999999999,25.0,12,Evac Area 4
3,Vessel 2,3,Safe Area 2 Harbor,Evac Area 2 Marina,124.47999999999999,136.48,136.48,139.48,25.0,0,None
4,Vessel 2,4,Evac Area 2 Marina,Safe Area 2 Harbor,139.48,151.48,151.48,154.48,25.0,12,Evac Area 2
5,Vessel 2,5,Safe Area 2 Harbor,Evac Area 2 Marina,154.48,166.48,166.48,169.48,25.0,0,None
6,Vessel 2,6,Evac Area 2 Marina,Safe Area 2 Harbor,169.48,181.48,181.48,184.48,25.0,12,Evac Area 2
7,Vessel 2,7,Safe Area 2 Harbor,Evac Area 2 Marina,184.48,196.48,196.48,199.48,25.0,0,None
8,Vessel 2,8,Evac Area 2 Marina,Safe Area 3 Marina,199.48,216.28,216.28,219.28,25.0,12,Evac Area 2
9,Vessel 2,9,Safe Area 3 Marina,Evac Area 3 Dock,219.28,230.08,230.08,233.08,25.0,0,None
10,Vessel 2,10,Evac Area 3 Dock,Safe Area 3 Marina,233.08,243.88000000000002,243.88000000000002,246.88000000000002,25.0,12,Evac Area 3
11,Vessel 2,11,Safe Area 3 Marina,Evac Area 3 Dock,246.88000000000002,257.68000000000006,257.68000000000006,260.68000000000006,25.0,0,None
12,Vessel 2,12,Evac Area 3 Dock,Safe Area 2 Harbor,260.68000000000006,279.88,279.88,282.88,25.0,12,Evac Area 3
13,Vessel 2,13,Safe Area 2 Harbor,Evac Area 2 Marina,282.88,294.88,294.88,297.88,25.0,0,None
14,Vessel 2,14,Evac Area 2 Marina,Safe Area 2 Harbor,297.88,309.88,309.88,312.88,25.0,12,Evac Area 2
15,Vessel 2,15,Safe Area 2 Harbor,Evac Area 4 Dock,312.88,331.12,331.12,334.12,25.0,0,None
16,Vessel 2,16,Evac Area 4 Dock,Safe Area 3 Marina,334.12,352.12,352.12,355.12,25.0,12,Evac Area 4
17,Vessel 2,17,Safe Area 3 Marina,Evac Area 4 Beach,355.12,373.12,373.12,376.12,25.0,0,None
18,Vessel 2,18,Evac Area 4 Beach,Safe Area 3 Marina,376.12,394.12,394.12,397.12,25.0,12,Evac Area 4
19,Vessel 2,19,Safe Area 3 Marina,Evac Area 3 Dock,397.12,407.92,407.92,410.92,25.0,0,None
20,Vessel 2,20,Evac Area 3 Dock,Safe Area 1 Terminal,410.92,422.92,422.92,425.92,25.0,12,Evac Area 3
21,Vessel 2,21,Safe Area 1 Terminal,Evac Area 3 Dock,425.92,437.92,437.92,440.92,25.0,0,None
22,Vessel 2,22,Evac Area 3 Dock,Safe Area 3 Marina,440.92,451.72,451.72,454.72,25.0,12,Evac Area 3
1,Vessel 3,1,Safe Area 2 Harbor,Evac Area 2 Marina,96.0,108.0,108.0,111.0,25.0,0,None
2,Vessel 3,2,Evac Area 2 Marina,Safe Area 2 Harbor,111.0,123.0,123.0,126.0,25.0,12,Evac Area 2
3,Vessel 3,3,Safe Area 2 Harbor,Evac Area 4 Dock,126.0,144.24,144.24,147.24,25.0,0,None
4,Vessel 3,4,Evac Area 4 Dock,Safe Area 2 Harbor,147.24,165.48,165.48,168.48,25.0,12,Evac Area 4
5,Vessel 3,5,Safe Area 2 Harbor,Evac Area 4 Beach,168.48,186.71999999999997,186.71999999999997,189.71999999999997,25.0,0,None
6,Vessel 3,6,Evac Area 4 Beach,Safe Area 2 Harbor,189.71999999999997,207.95999999999998,207.95999999999998,210.95999999999998,25.0,12,Evac Area 4
7,Vessel 3,7,Safe Area 2 Harbor,Evac Area 4 Dock,210.95999999999998,229.2,229.2,232.2,25.0,0,None
8,Vessel 3,8,Evac Area 4 Dock,Safe Area 3 Marina,232.2,250.2,250.2,253.2,25.0,12,Evac Area 4
9,Vessel 3,9,Safe Area 3 Marina,Evac Area 3 Dock,253.2,264.0,264.0,267.0,25.0,0,None
10,Vessel 3,10,Evac Area 3 Dock,Safe Area 1 Terminal,267.0,279.0,279.0,282.0,25.0,12,Evac Area 3
11,Vessel 3,11,Safe Area 1 Terminal,Evac Area 3 Dock,282.0,294.0,294.0,297.0,25.0,0,None
12,Vessel 3,12,Evac Area 3 Dock,Safe Area 3 Marina,297.0,307.8,307.8,310.8,25.0,12,Evac Area 3
13,Vessel 3,13,Safe Area 3 Marina,Evac Area 3 Dock,310.8,321.6,321.6,324.6,25.0,0,None
14,Vessel 3,14,Evac Area 3 Dock,Safe Area 3 Marina,324.6,335.40000000000003,335.40000000000003,338.40000000000003,25.0,12,Evac Area 3
15,Vessel 3,15,Safe Area 3 Marina,Evac Area 4 Dock,338.40000000000003,356.40000000000003,356.40000000000003,359.40000000000003,25.0,0,None
16,Vessel 3,16,Evac Area 4 Dock,Safe Area 2 Harbor,359.40000000000003,377.64000000000004,377.64000000000004,380.64000000000004,25.0,3,Evac Area 4
17,Vessel 3,17,Safe Area 2 Harbor,Evac Area 2 Marina,380.64000000000004,392.64000000000004,392.64000000000004,395.64000000000004,25.0,0,None
18,Vessel 3,18,Evac Area 2 Marina,Safe Area 2 Harbor,395.64000000000004,407.64000000000004,407.64000000000004,410.64000000000004,25.0,12,Evac Area 2
19,Vessel 3,19,Safe Area 2 Harbor,Evac Area 2 Marina,410.64000000000004,422.64000000000004,422.64000000000004,425.64000000000004,25.0,0,None
20,Vessel 3,20,Evac Area 2 Marina,Safe Area 2 Harbor,425.64000000000004,437.64000000000004,437.64000000000004,440.64000000000004,25.0,12,Evac Area 2
21,Vessel 3,21,Safe Area 2 Harbor,Evac Area 2 Marina,440.64000000000004,452.64000000000004,452.64000000000004,455.64000000000004,25.0,0,None
22,Vessel 3,22,Evac Area 2 Marina,Safe Area 2 Harbor,455.64000000000004,467.64000000000004,467.64000000000004,470.64000000000004,25.0,9,Evac Area 2
1,Vessel 4,1,Safe Area 2 Harbor,Evac Area 2 Marina,89.03999999999999,101.03999999999999,101.03999999999999,106.03999999999999,25.0,0,None
2,Vessel 4,2,Evac Area 2 Marina,Safe Area 2 Harbor,106.03999999999999,118.03999999999999,118.03999999999999,123.03999999999999,25.0,38,Evac Area 2
3,Vessel 4,3,Safe Area 2 Harbor,Evac Area 2 Marina,123.03999999999999,135.04,135.04,140.04,25.0,0,None
4,Vessel 4,4,Evac Area 2 Marina,Safe Area 2 Harbor,140.04,152.04,152.04,157.04,25.0,38,Evac Area 2
5,Vessel 4,5,Safe Area 2 Harbor,Evac Area 2 Marina,157.04,169.04,169.04,174.04,25.0,0,None
6,Vessel 4,6,Evac Area 2 Marina,Safe Area 3 Marina,174.04,190.83999999999997,190.83999999999997,195.83999999999997,25.0,38,Evac Area 2
7,Vessel 4,7,Safe Area 3 Marina,Evac Area 4 Dock,195.83999999999997,213.83999999999997,213.83999999999997,218.83999999999997,25.0,0,None
8,Vessel 4,8,Evac Area 4 Dock,Safe Area 2 Harbor,218.83999999999997,237.07999999999998,237.07999999999998,242.07999999999998,25.0,38,Evac Area 4
9,Vessel 4,9,Safe Area 2 Harbor,Evac Area 2 Marina,242.07999999999998,254.07999999999998,254.07999999999998,259.08,25.0,0,None
10,Vessel 4,10,Evac Area 2 Marina,Safe Area 2 Harbor,259.08,271.08,271.08,276.08,25.0,38,Evac Area 2
11,Vessel 4,11,Safe Area 2 Harbor,Evac Area 2 Marina,276.08,288.08,288.08,293.08,25.0,0,None
12,Vessel 4,12,Evac Area 2 Marina,Safe Area 2 Harbor,293.08,305.08,305.08,310.08,25.0,38,Evac Area 2
13,Vessel 4,13,Safe Area 2 Harbor,Evac Area 2 Marina,310.08,322.08,322.08,327.08,25.0,0,None
14,Vessel 4,14,Evac Area 2 Marina,Safe Area 2 Harbor,327.08,339.08,339.08,344.08,25.0,38,Evac Area 2
15,Vessel 4,15,Safe Area 2 Harbor,Evac Area 2 Marina,344.08,356.08,356.08,361.08,25.0,0,None
16,Vessel 4,16,Evac Area 2 Marina,Safe Area 2 Harbor,361.08,373.08,373.08,378.08,25.0,38,Evac Area 2
17,Vessel 4,17,Safe Area 2 Harbor,Evac Area 2 Marina,378.08,390.08,390.08,395.08,25.0,0,None
18,Vessel 4,18,Evac Area 2 Marina,Safe Area 2 Harbor,395.08,407.08,407.08,412.08,25.0,38,Evac Area 2
19,Vessel 4,19,Safe Area 2 Harbor,Evac Area 4 Dock,412.08,430.32,430.32,435.32,25.0,0,None
20,Vessel 4,20,Evac Area 4 Dock,Safe Area 2 Harbor,435.32,453.56,453.56,458.56,25.0,38,Evac Area 4
1,Vessel 5,1,Safe Area 2 Harbor,Evac Area 2 Marina,105.33333333333331,121.99999999999999,121.99999999999999,132.0,18.0,0,None
2,Vessel 5,2,Evac Area 2 Marina,Safe Area 2 Harbor,132.0,148.66666666666666,148.66666666666666,158.66666666666666,18.0,120,Evac Area 2
3,Vessel 5,3,Safe Area 2 Harbor,Evac Area 2 Marina,158.66666666666666,175.33333333333331,175.33333333333331,185.33333333333331,18.0,0,None
4,Vessel 5,4,Evac Area 2 Marina,Safe Area 2 Harbor,185.33333333333331,202.0,202.0,212.0,18.0,120,Evac Area 2
5,Vessel 5,5,Safe Area 2 Harbor,Evac Area 4 Dock,212.0,237.33333333333334,237.33333333333334,247.33333333333334,18.0,0,None
6,Vessel 5,6,Evac Area 4 Dock,Safe Area 3 Marina,247.33333333333334,272.33333333333337,272.33333333333337,282.33333333333337,18.0,120,Evac Area 4
7,Vessel 5,7,Safe Area 3 Marina,Evac Area 4 Dock,282.33333333333337,307.33333333333337,307.33333333333337,317.33333333333337,18.0,0,None
8,Vessel 5,8,Evac Area 4 Dock,Safe Area 3 Marina,317.33333333333337,342.33333333333337,342.33333333333337,352.33333333333337,18.0,120,Evac Area 4
9,Vessel 5,9,Safe Area 3 Marina,Evac Area 4 Dock,352.33333333333337,377.33333333333337,377.33333333333337,387.33333333333337,18.0,0,None
10,Vessel 5,10,Evac Area 4 Dock,Safe Area 2 Harbor,387.33333333333337,412.6666666666667,412.6666666666667,422.6666666666667,18.0,120,Evac Area 4
11,Vessel 5,11,Safe Area 2 Harbor,Evac Area 2 Marina,422.6666666666667,439.33333333333337,439.33333333333337,449.33333333333337,18.0,0,None
12,Vessel 5,12,Evac Area 2 Marina,Safe Area 2 Harbor,449.33333333333337,466.00000000000006,466.00000000000006,476.00000000000006,18.0,120,Evac Area 2
1,Vessel 6,1,Safe Area 3 Marina,Evac Area 4 Beach,98.4,116.4,116.4,119.4,25.0,0,None
2,Vessel 6,2,Evac Area 4 Beach,Safe Area 3 Marina,119.4,137.4,137.4,140.4,25.0,12,Evac Area 4
3,Vessel 6,3,Safe Area 3 Marina,Evac Area 4 Beach,140.4,158.4,158.4,161.4,25.0,0,None
4,Vessel 6,4,Evac Area 4 Beach,Safe Area 3 Marina,161.4,179.4,179.4,182.4,25.0,12,Evac Area 4
5,Vessel 6,5,Safe Area 3 Marina,Evac Area 3 Dock,182.4,193.2,193.2,196.2,25.0,0,None
6,Vessel 6,6,Evac Area 3 Dock,Safe Area 1 Terminal,196.2,208.2,208.2,211.2,25.0,12,Evac Area 3
7,Vessel 6,7,Safe Area 1 Terminal,Evac Area 3 Dock,211.2,223.2,223.2,226.2,25.0,0,None
8,Vessel 6,8,Evac Area 3 Dock,Safe Area 1 Terminal,226.2,238.2,238.2,241.2,25.0,12,Evac Area 3
9,Vessel 6,9,Safe Area 1 Terminal,Evac Area 2 Marina,241.2,265.2,265.2,268.2,25.0,0,None
10,Vessel 6,10,Evac Area 2 Marina,Safe Area 2 Harbor,268.2,280.2,280.2,283.2,25.0,12,Evac Area 2
11,Vessel 6,11,Safe Area 2 Harbor,Evac Area 2 Marina,283.2,295.2,295.2,298.2,25.0,0,None
12,Vessel 6,12,Evac Area 2 Marina,Safe Area 2 Harbor,298.2,310.2,310.2,313.2,25.0,12,Evac Area 2
13,Vessel 6,13,Safe Area 2 Harbor,Evac Area 2 Marina,313.2,325.2,325.2,328.2,25.0,0,None
14,Vessel 6,14,Evac Area 2 Marina,Safe Area 2 Harbor,328.2,340.2,340.2,343.2,25.0,12,Evac Area 2
15,Vessel 6,15,Safe Area 2 Harbor,Evac Area 2 Marina,343.2,355.2,355.2,358.2,25.0,0,None
16,Vessel 6,16,Evac Area 2 Marina,Safe Area 2 Harbor,358.2,370.2,370.2,373.2,25.0,12,Evac Area 2
17,Vessel 6,17,Safe Area 2 Harbor,Evac Area 2 Marina,373.2,385.2,385.2,388.2,25.0,0,None
18,Vessel 6,18,Evac Area 2 Marina,Safe Area 3 Marina,388.2,405.0,405.0,408.0,25.0,12,Evac Area 2
19,Vessel 6,19,Safe Area 3 Marina,Evac Area 3 Dock,408.0,418.8,418.8,421.8,25.0,0,None
20,Vessel 6,20,Evac Area 3 Dock,Safe Area 3 Marina,421.8,432.6,432.6,435.6,25.0,11,Evac Area 3
